3.27934887393425e+02
3.27934887393425e+02
2.78856357672271e+02
2.78856357672271e+02
2.94412763328709e+02
2.94412763328709e+02
2.68235483109405e+02
2.68235483109405e+02
2.40063090926631e+02
2.40063090926631e+02
2.26777722254798e+02
2.26777722254798e+02
2.38635486966272e+02
2.38635486966272e+02
2.93768401355070e+02
2.93768401355070e+02
3.44273677314847e+02
3.44273677314847e+02
3.64061140721997e+02
3.64061140721997e+02
4.44503341942385e+02
4.44503341942385e+02
4.32433537490801e+02
4.32433537490801e+02
2.89770558466464e+02
2.89770558466464e+02
2.90082341038396e+02
2.90082341038396e+02
3.54861772639975e+02
3.54861772639975e+02
5.24208384100020e+02
5.24208384100020e+02
4.90562191529643e+02
4.90562191529643e+02
8.06657172761730e+02
8.06657172761730e+02
1.12177046933881e+03
1.20304345845818e+03
1.20304345845818e+03
4.05323455588221e+02
4.05323455588221e+02
4.09855879363545e+02
4.09855879363545e+02
5.03170134419583e+02
5.03170134419583e+02
7.73621717078002e+02
7.73621717078002e+02
1.08010358521358e+03
1.08010358521358e+03
1.43503669004813e+03
1.43503669004813e+03
6.22228817729293e+02
6.22228817729293e+02
4.05310891663576e+02
4.05310891663576e+02
4.10833940151099e+02
4.10833940151099e+02
5.11691986456435e+02
5.11691986456435e+02
8.23587342503185e+02
8.23587342503185e+02
1.29602713893600e+03
1.29602713893600e+03
2.06312744667285e+03
2.06312744667285e+03
1.07743093435240e+03
1.07743093435240e+03
6.02821168783983e+02
6.02821168783983e+02
4.04947820988373e+02
4.04947820988373e+02
4.10065283815977e+02
4.10065283815977e+02
1.44707893098406e+03
2.59130757075030e+03
1.47062360158520e+03
8.29628394947241e+02
8.29628394947241e+02
7.51403889613953e+02
7.51403889613953e+02
2.98853025068213e+02
2.98853025068213e+02
2.88702119569127e+02
2.88702119569127e+02
2.65559736731556e+02
2.65559736731556e+02
2.61570639966400e+02
2.61570639966400e+02
2.42244317774575e+02
2.42244317774575e+02
1.78395573402790e+02
1.78395573402790e+02
2.65906594418214e+02
2.65906594418214e+02
2.90237746305695e+02
2.90237746305695e+02
3.60380662926875e+02
3.60380662926875e+02
3.31098744097186e+02
3.31098744097186e+02
4.55206436109970e+02
4.55206436109970e+02
4.13771166130060e+02
4.13771166130060e+02
3.16766669693832e+02
3.16766669693832e+02
3.52529854861933e+02
3.52529854861933e+02
3.50836879202285e+02
3.50836879202285e+02
4.85637808229601e+02
4.85637808229601e+02
4.89883852301885e+02
4.89883852301885e+02
7.41519953634335e+02
7.41519953634335e+02
9.02235700438177e+02
9.02235700438177e+02
9.78335351517880e+02
9.78335351517880e+02
9.96291408076247e+02
9.96291408076247e+02
2.79807259771524e+02
2.79807259771524e+02
3.06897448257524e+02
3.06897448257524e+02
2.58069071890492e+02
2.58069071890492e+02
2.63367257389517e+02
2.63367257389517e+02
2.75644049972942e+02
2.75644049972942e+02
1.71998329157177e+02
1.71998329157177e+02
2.98980076479180e+02
2.98980076479180e+02
4.32981095809367e+02
4.32981095809367e+02
2.69501702439509e+02
2.69501702439509e+02
3.29135876995124e+02
3.29135876995124e+02
4.26044365802939e+02
4.26044365802939e+02
4.60798545689075e+02
4.60798545689075e+02
3.40711033099245e+02
3.40711033099245e+02
2.83993933888758e+02
2.83993933888758e+02
5.52264683421927e+02
5.52264683421927e+02
3.52778661553302e+02
3.52778661553302e+02
4.42594526988367e+02
4.42594526988367e+02
5.18873035004129e+02
5.18873035004129e+02
6.52370328133862e+02
6.52370328133862e+02
8.58266623517112e+02
8.58266623517112e+02
9.21336682901391e+02
9.21336682901391e+02
8.47274239239541e+02
8.47274239239541e+02
3.77151603905820e+02
3.77151603905820e+02
3.98478927336044e+02
3.98478927336044e+02
5.55888977089598e+02
5.55888977089598e+02
9.72472143492893e+02
9.72472143492893e+02
1.42857621416785e+03
1.42857621416785e+03
1.42378355322614e+03
1.42378355322614e+03
4.32082338034025e+02
4.32082338034025e+02
3.76774627233155e+02
3.76774627233155e+02
3.98541141250587e+02
3.98541141250587e+02
5.62907081848118e+02
5.62907081848118e+02
1.03810597605443e+03
1.03810597605443e+03
1.70470839987055e+03
1.70470839987055e+03
2.01515765243947e+03
2.01515765243947e+03
7.23590119073645e+02
7.23590119073645e+02
6.94246143861727e+02
6.94246143861727e+02
3.76520320255855e+02
3.76520320255855e+02
3.98541041628594e+02
3.98541041628594e+02
5.67243313795023e+02
5.67243313795023e+02
1.08623457258421e+03
1.94274280972905e+03
2.59351766270998e+03
1.01238805272315e+03
1.00983691596805e+03
1.00983691596805e+03
9.10059039836016e+02
9.10059039836016e+02
2.50162638463564e+02
2.50162638463564e+02
2.98140732423624e+02
2.98140732423624e+02
2.59466056798819e+02
2.59466056798819e+02
2.42639881629353e+02
2.42639881629353e+02
2.82394892249578e+02
2.82394892249578e+02
1.81761595756768e+02
1.81761595756768e+02
2.58912211392147e+02
2.58912211392147e+02
3.59630164635147e+02
3.59630164635147e+02
5.13344484262341e+02
5.13344484262341e+02
2.73542273343026e+02
2.73542273343026e+02
3.05351221950537e+02
3.05351221950537e+02
4.16185669468984e+02
4.16185669468984e+02
4.43453808109966e+02
4.43453808109966e+02
3.65549686830764e+02
3.65549686830764e+02
3.52876409594033e+02
3.52876409594033e+02
5.22833483566588e+02
5.22833483566588e+02
3.23194837318963e+02
3.23194837318963e+02
4.29278254403305e+02
4.29278254403305e+02
5.14771907468103e+02
5.14771907468103e+02
6.62217564219631e+02
6.62217564219631e+02
9.12870577045006e+02
9.12870577045006e+02
1.06458969638353e+03
1.06458969638353e+03
8.68764750431392e+02
8.68764750431392e+02
2.13183185841478e+02
2.13183185841478e+02
2.46316169141703e+02
2.46316169141703e+02
2.74897587928884e+02
2.74897587928884e+02
2.31749890321554e+02
2.31749890321554e+02
2.67948591085920e+02
2.67948591085920e+02
2.76195807805541e+02
2.76195807805541e+02
2.12469098753730e+02
2.12469098753730e+02
2.64445106067264e+02
2.64445106067264e+02
3.33568286626679e+02
3.33568286626679e+02
3.94683817801864e+02
3.94683817801864e+02
6.49371052610412e+02
6.49371052610412e+02
2.78628673414099e+02
2.78628673414099e+02
3.51674398237940e+02
3.51674398237940e+02
4.18266595926047e+02
4.18266595926047e+02
3.66641626989668e+02
3.66641626989668e+02
3.04873534465159e+02
3.04873534465159e+02
5.19553182392673e+02
5.19553182392673e+02
4.65817809585784e+02
4.65817809585784e+02
3.35523184079946e+02
3.35523184079946e+02
3.39906101987325e+02
3.39906101987325e+02
5.77028685824823e+02
5.77028685824823e+02
6.77780258832004e+02
6.77780258832004e+02
8.95974400053224e+02
8.95974400053224e+02
1.05907577544672e+03
1.05907577544672e+03
7.52385505984886e+02
7.52385505984886e+02
3.12382289271263e+02
3.12382289271263e+02
4.58211562925849e+02
4.58211562925849e+02
6.27473692559109e+02
6.27473692559109e+02
1.12412299544127e+03
1.12412299544127e+03
1.29927504002229e+03
1.29927504002229e+03
1.53680518535491e+03
1.53680518535491e+03
6.07750614957599e+02
6.07750614957599e+02
3.11731871182441e+02
3.11731871182441e+02
4.57981232185497e+02
4.57981232185497e+02
6.33111330183596e+02
6.33111330183596e+02
1.21150301804352e+03
1.21150301804352e+03
1.59698799095840e+03
1.59698799095840e+03
2.15044019076567e+03
2.15044019076567e+03
8.70572258780495e+02
8.70572258780495e+02
6.67875194520232e+02
6.67875194520232e+02
3.11140102932991e+02
3.11140102932991e+02
4.57011546058721e+02
4.57011546058721e+02
6.32944761946709e+02
6.32944761946709e+02
1.26339210499224e+03
1.82313353694731e+03
2.66041250157997e+03
1.03996300118286e+03
9.03377648800733e+02
9.03377648800733e+02
7.71299870641358e+02
7.71299870641358e+02
2.12403685446022e+02
2.12403685446022e+02
2.23253638229129e+02
2.23253638229129e+02
2.18990364498186e+02
2.18990364498186e+02
3.26312955868891e+02
3.26312955868891e+02
2.75621845445176e+02
2.75621845445176e+02
2.57438562258696e+02
2.57438562258696e+02
2.68898904586195e+02
2.68898904586195e+02
3.10249908516348e+02
3.10249908516348e+02
3.44334076322754e+02
3.44334076322754e+02
5.71689555589175e+02
5.71689555589175e+02
5.81892950534935e+02
5.81892950534935e+02
2.85758134962025e+02
2.85758134962025e+02
3.22179048737999e+02
3.22179048737999e+02
4.05848158031547e+02
4.05848158031547e+02
3.83862929924374e+02
3.83862929924374e+02
3.66717622339437e+02
3.66717622339437e+02
4.83938670079538e+02
4.83938670079538e+02
4.56542225984680e+02
4.56542225984680e+02
2.76505744752515e+02
2.76505744752515e+02
2.88190952595843e+02
2.88190952595843e+02
2.57707467681708e+02
2.57707467681708e+02
2.72691966467794e+02
2.72691966467794e+02
3.00428608970094e+02
3.00428608970094e+02
2.63820582980602e+02
2.63820582980602e+02
2.61338015006467e+02
2.61338015006467e+02
2.96850966819100e+02
2.96850966819100e+02
2.47672844962136e+02
2.47672844962136e+02
2.66435237387479e+02
2.66435237387479e+02
2.73266737572919e+02
2.73266737572919e+02
4.02116525317101e+02
4.02116525317101e+02
4.59101930595755e+02
4.59101930595755e+02
4.86450929852979e+02
4.86450929852979e+02
2.58848826892529e+02
2.58848826892529e+02
3.18405655395515e+02
3.18405655395515e+02
3.36044852245684e+02
3.36044852245684e+02
3.09530426214348e+02
3.09530426214348e+02
5.56348731418057e+02
5.56348731418057e+02
4.16576049613624e+02
4.16576049613624e+02
4.05631651539963e+02
4.05631651539963e+02
2.71431458005000e+02
2.71431458005000e+02
3.32304986228759e+02
3.32304986228759e+02
4.50218941109960e+02
4.50218941109960e+02
5.97122629924558e+02
5.97122629924558e+02
7.20538934722658e+02
7.20538934722658e+02
7.59651055746952e+02
7.59651055746952e+02
6.48485690993533e+02
6.48485690993533e+02
2.87761791697142e+02
2.87761791697142e+02
4.34143090140260e+02
4.34143090140260e+02
7.32016059492580e+02
7.32016059492580e+02
1.25555365538097e+03
1.25555365538097e+03
2.07592710992642e+03
2.07592710992642e+03
1.08427985553221e+03
1.08427985553221e+03
6.02462999402528e+02
6.02462999402528e+02
2.86568204349896e+02
2.86568204349896e+02
4.32398362176521e+02
4.32398362176521e+02
7.38943883473123e+02
7.38943883473123e+02
1.36786252413968e+03
1.36786252413968e+03
2.54978124113688e+03
2.54978124113688e+03
1.46111678886720e+03
1.46111678886720e+03
8.23785616892649e+02
8.23785616892649e+02
7.49695617040087e+02
7.49695617040087e+02
2.15123566429336e+02
2.15123566429336e+02
2.37335024011558e+02
2.37335024011558e+02
2.26142288238843e+02
2.26142288238843e+02
2.53330567237075e+02
2.53330567237075e+02
3.00339504167831e+02
3.00339504167831e+02
3.08311631532893e+02
3.08311631532893e+02
2.73950945501918e+02
2.73950945501918e+02
2.61578980462513e+02
2.61578980462513e+02
2.49354769034350e+02
2.49354769034350e+02
3.39822962463623e+02
3.39822962463623e+02
3.36327748704617e+02
3.36327748704617e+02
3.42919215698675e+02
3.42919215698675e+02
2.47754936811015e+02
2.47754936811015e+02
3.06513698627994e+02
3.06513698627994e+02
3.35067048079609e+02
3.35067048079609e+02
3.61117546225797e+02
3.61117546225797e+02
5.29034396963569e+02
5.29034396963569e+02
4.47328235009550e+02
4.47328235009550e+02
3.73613826978688e+02
3.73613826978688e+02
2.84911027913491e+02
2.84911027913491e+02
3.08354417487795e+02
3.08354417487795e+02
2.73389233322082e+02
2.73389233322082e+02
2.62319726741292e+02
2.62319726741292e+02
2.45989350112947e+02
2.45989350112947e+02
2.13479614287352e+02
2.13479614287352e+02
2.59725556250818e+02
2.59725556250818e+02
2.77436003198109e+02
2.77436003198109e+02
2.44597177990520e+02
2.44597177990520e+02
2.06516516827906e+02
2.06516516827906e+02
2.52778704934433e+02
2.52778704934433e+02
3.07579010770833e+02
3.07579010770833e+02
2.40597235090861e+02
2.40597235090861e+02
2.86905069046846e+02
2.86905069046846e+02
2.61744859961759e+02
2.61744859961759e+02
2.67385012317614e+02
2.67385012317614e+02
3.66365882709906e+02
3.66365882709906e+02
4.21861903775544e+02
4.21861903775544e+02
2.45432056849567e+02
2.45432056849567e+02
2.39374514512481e+02
2.39374514512481e+02
2.56221443479928e+02
2.56221443479928e+02
5.52774256182148e+02
5.52774256182148e+02
4.70119819391795e+02
4.70119819391795e+02
4.77440100790904e+02
4.77440100790904e+02
4.77183033684100e+02
4.77183033684100e+02
1.86594175534871e+02
1.86594175534871e+02
3.55157757298793e+02
3.55157757298793e+02
4.29090291771287e+02
4.29090291771287e+02
5.91518137088270e+02
5.91518137088270e+02
7.83541209082716e+02
7.83541209082716e+02
5.78604042170829e+02
5.78604042170829e+02
3.56495857802655e+02
3.56495857802655e+02
2.51635858853945e+02
2.51635858853945e+02
4.48997664245451e+02
4.48997664245451e+02
9.03863134752478e+02
9.03863134752478e+02
1.62519599357501e+03
1.62519599357501e+03
2.00186603292551e+03
7.25217689719034e+02
7.25217689719034e+02
6.91885387476214e+02
6.91885387476214e+02
2.50486698950765e+02
2.50486698950765e+02
4.47375383831423e+02
4.47375383831423e+02
9.23619473715152e+02
9.23619473715152e+02
1.79751380494925e+03
1.79751380494925e+03
2.50825684840029e+03
2.50825684840029e+03
9.99077092665287e+02
9.99077092665287e+02
9.95614255978738e+02
9.95614255978738e+02
9.07214480596984e+02
9.07214480596984e+02
2.34785197804540e+02
2.53668090877710e+02
2.53668090877710e+02
2.18435050342371e+02
2.01867848679956e+02
2.01867848679956e+02
1.82916477862731e+02
1.82916477862731e+02
1.62351355800859e+02
1.62351355800859e+02
2.10517315660067e+02
2.10517315660067e+02
2.72704099566741e+02
2.72704099566741e+02
3.06486026057650e+02
3.06486026057650e+02
3.31692039321403e+02
3.31692039321403e+02
2.35330777059039e+02
2.35330777059039e+02
2.16701081939439e+02
2.16701081939439e+02
2.86468485353720e+02
2.86468485353720e+02
2.51298324708067e+02
2.51298324708067e+02
3.66997798409731e+02
3.66997798409731e+02
2.97942336320560e+02
2.97942336320560e+02
2.54503704239170e+02
2.54503704239170e+02
2.95545340020599e+02
2.95545340020599e+02
5.29624496382026e+02
5.29624496382026e+02
5.19484417158496e+02
5.19484417158496e+02
4.88091349316055e+02
4.88091349316055e+02
5.50179195461221e+02
5.50179195461221e+02
2.56104615764182e+02
2.56104615764182e+02
2.23983390372186e+02
2.23983390372186e+02
2.07207057345780e+02
2.07207057345780e+02
1.81501278350578e+02
1.81501278350578e+02
1.55159116430459e+02
1.55159116430459e+02
1.58441630851195e+02
1.58441630851195e+02
1.93900901376212e+02
1.93900901376212e+02
2.47575851122228e+02
2.47575851122228e+02
2.74284479068997e+02
2.74284479068997e+02
2.38476068803175e+02
2.38476068803175e+02
1.81002415928954e+02
1.81002415928954e+02
1.79957127323215e+02
1.79957127323215e+02
2.01669495120128e+02
2.01669495120128e+02
3.92051856177424e+02
3.92051856177424e+02
2.65544853362043e+02
2.65544853362043e+02
2.31874886905521e+02
2.31874886905521e+02
2.83444200740490e+02
2.83444200740490e+02
1.94100627175026e+02
1.94100627175026e+02
3.98197750765026e+02
3.98197750765026e+02
5.48317088806558e+02
5.48317088806558e+02
2.58208646956315e+02
2.58208646956315e+02
2.31435992999769e+02
2.31435992999769e+02
4.84286536140910e+02
4.84286536140910e+02
4.79217763726895e+02
4.79217763726895e+02
5.62739006777625e+02
5.62739006777625e+02
5.83697009249851e+02
5.83697009249851e+02
5.22853485266196e+02
5.22853485266196e+02
2.32038637840105e+02
2.32038637840105e+02
3.39735875165877e+02
3.39735875165877e+02
4.79798833564956e+02
4.79798833564956e+02
6.65885264953831e+02
6.65885264953831e+02
8.49620416423518e+02
8.49620416423518e+02
8.79489202305767e+02
8.79489202305767e+02
6.87550973452258e+02
6.87550973452258e+02
3.22145312546593e+02
3.22145312546593e+02
5.11602343354938e+02
5.11602343354938e+02
1.07957466238968e+03
1.07957466238968e+03
1.55719594426216e+03
2.12851276156031e+03
2.12851276156031e+03
8.63863941915441e+02
8.63863941915441e+02
6.65664999106933e+02
6.65664999106933e+02
3.20748302553768e+02
3.20748302553768e+02
5.07353212094126e+02
5.07353212094126e+02
1.10264018368294e+03
1.10264018368294e+03
1.73022747089744e+03
1.73022747089744e+03
2.57195860856534e+03
2.57195860856534e+03
1.01834334966407e+03
1.01834334966407e+03
8.91691592737033e+02
8.91691592737033e+02
7.69459410966571e+02
7.69459410966571e+02
2.88158077512883e+02
2.88158077512883e+02
2.66991893235612e+02
2.66991893235612e+02
2.31319344144908e+02
2.31319344144908e+02
1.95708916939875e+02
1.95708916939875e+02
1.72086968344906e+02
1.72086968344906e+02
1.70558146718201e+02
1.70558146718201e+02
3.53952119422435e+02
3.53952119422435e+02
4.73148615116621e+02
4.73148615116621e+02
2.21233966322080e+02
2.21233966322080e+02
2.59824465359509e+02
2.59824465359509e+02
3.05845630824431e+02
3.05845630824431e+02
1.76266560950555e+02
1.76266560950555e+02
4.02681818190943e+02
4.02681818190943e+02
5.72908938088395e+02
5.72908938088395e+02
5.09998928341305e+02
5.09998928341305e+02
2.80178194766807e+02
2.80178194766807e+02
2.49226782748576e+02
2.49226782748576e+02
4.77151965734667e+02
4.77151965734667e+02
5.30243229345219e+02
5.30243229345219e+02
5.82434493009298e+02
5.82434493009298e+02
7.07263452705670e+02
7.07263452705670e+02
5.46678707109096e+02
5.46678707109096e+02
2.39331389330457e+02
2.39331389330457e+02
2.08030036607756e+02
2.08030036607756e+02
1.77330262997152e+02
1.77330262997152e+02
1.42264458869162e+02
1.42264458869162e+02
1.02141976498083e+02
1.02141976498083e+02
2.39861325147410e+02
2.39861325147410e+02
3.79706731116695e+02
3.79706731116695e+02
5.77101732959067e+02
5.77101732959067e+02
2.76492289844120e+02
2.76492289844120e+02
2.48982547085190e+02
2.48982547085190e+02
1.93544026478976e+02
1.93544026478976e+02
1.12983496004465e+02
1.12983496004465e+02
3.23287081411701e+02
3.23287081411701e+02
2.43301294552740e+02
2.43301294552740e+02
1.31296015217406e+02
1.31296015217406e+02
2.33744224735601e+02
2.33744224735601e+02
2.26172925124353e+02
2.26172925124353e+02
3.95200625001422e+02
3.95200625001422e+02
2.04417165132043e+02
2.04417165132043e+02
3.83682319746067e+02
3.83682319746067e+02
5.05341118420685e+02
5.05341118420685e+02
4.78755555337296e+02
4.78755555337296e+02
4.65330987944334e+02
4.65330987944334e+02
3.41292051447712e+02
3.41292051447712e+02
4.20073933518505e+02
4.20073933518505e+02
4.27482609735965e+02
4.27482609735965e+02
5.70642508517225e+02
5.70642508517225e+02
6.81326481890874e+02
6.81326481890874e+02
7.16547626400002e+02
7.16547626400002e+02
5.88756386931783e+02
5.88756386931783e+02
3.17573064830725e+02
3.17573064830725e+02
3.73811769262222e+02
3.73811769262222e+02
5.47210101154280e+02
5.47210101154280e+02
8.50258976561428e+02
8.50258976561428e+02
7.79929974505043e+02
7.79929974505043e+02
6.48940660809663e+02
6.48940660809663e+02
6.00429458043426e+02
6.00429458043426e+02
3.27994665097967e+02
3.27994665097967e+02
6.07129511197026e+02
6.07129511197026e+02
1.24961071691813e+03
1.24961071691813e+03
2.45497683393251e+03
2.45497683393251e+03
1.43467048053439e+03
1.43467048053439e+03
8.14487037188038e+02
8.14487037188038e+02
7.47183939935817e+02
7.47183939935817e+02
2.15777482063149e+02
2.15777482063149e+02
1.87199423043943e+02
1.87199423043943e+02
1.46676801996594e+02
1.46676801996594e+02
8.17382130085716e+01
8.17382130085716e+01
1.93169307095645e+02
1.93169307095645e+02
3.33080251271790e+02
3.33080251271790e+02
4.37944607002669e+02
4.37944607002669e+02
6.83743880615492e+02
6.83743880615492e+02
3.46447614127751e+02
3.46447614127751e+02
2.80306325137519e+02
2.80306325137519e+02
3.86914561178225e+02
3.86914561178225e+02
4.61359211978069e+02
4.61359211978069e+02
4.12518977770785e+02
4.12518977770785e+02
4.44172065900974e+02
4.44172065900974e+02
5.20107665962340e+02
5.20107665962340e+02
3.23995434250237e+02
3.23995434250237e+02
4.08049706333105e+02
4.08049706333105e+02
4.51000941172043e+02
4.51000941172043e+02
5.64034080498742e+02
5.64034080498742e+02
7.83405365996209e+02
7.83405365996209e+02
7.05918041301924e+02
7.05918041301924e+02
5.41644691182400e+02
5.41644691182400e+02
1.96415601795995e+02
1.96415601795995e+02
1.57297986863230e+02
1.57297986863230e+02
8.71342061024395e+01
8.71342061024395e+01
2.12154467135235e+02
2.12154467135235e+02
3.41001043219761e+02
3.41001043219761e+02
4.55503220672580e+02
4.55503220672580e+02
7.52099378620234e+02
7.52099378620234e+02
6.41662208908962e+02
6.41662208908962e+02
2.30659690552169e+02
2.30659690552169e+02
2.11347332991611e+02
2.11347332991611e+02
1.70692517503404e+02
1.70692517503404e+02
9.56679285126159e+01
9.56679285126159e+01
2.42623035994724e+02
2.42623035994724e+02
5.84977559938279e+02
5.84977559938279e+02
2.36775240088589e+02
2.36775240088589e+02
2.07997722750406e+02
2.07997722750406e+02
1.81614190549877e+02
1.81614190549877e+02
3.42706988572373e+02
3.42706988572373e+02
3.92573583996626e+02
3.92573583996626e+02
4.25851917268951e+02
4.25851917268951e+02
3.41968846272192e+02
3.41968846272192e+02
3.70877498454305e+02
3.70877498454305e+02
4.52237745904130e+02
4.52237745904130e+02
4.49128958512799e+02
4.49128958512799e+02
3.97223647966321e+02
3.97223647966321e+02
3.21076661086725e+02
3.21076661086725e+02
4.56065290508773e+02
4.56065290508773e+02
6.19298104869241e+02
6.19298104869241e+02
7.70924767649346e+02
7.70924767649346e+02
7.51654237265699e+02
7.51654237265699e+02
5.63717798394574e+02
5.63717798394574e+02
2.63724308200985e+02
2.63724308200985e+02
3.79909001129602e+02
3.79909001129602e+02
5.92409253626654e+02
5.92409253626654e+02
9.07370730690301e+02
9.07370730690301e+02
1.10014447893771e+03
1.10014447893771e+03
8.18294876165361e+02
8.18294876165361e+02
3.51773871224295e+02
3.51773871224295e+02
3.34264416766718e+02
3.34264416766718e+02
7.54293799739361e+02
7.54293799739361e+02
1.62754190209089e+03
1.62754190209089e+03
2.38368186439085e+03
2.38368186439085e+03
9.78630213397037e+02
9.78630213397037e+02
9.76475878167068e+02
9.76475878167068e+02
9.03482206704499e+02
9.03482206704499e+02
9.18998639833244e+01
4.66826234689520e+01
4.66826234689520e+01
1.06746533672464e+02
1.06746533672464e+02
1.80812253439914e+02
1.80812253439914e+02
2.46302290694712e+02
2.46302290694712e+02
4.73040333500118e+02
5.91141731493146e+02
5.62336407388566e+02
4.35307322525050e+02
4.35307322525050e+02
4.42825914539406e+02
4.42825914539406e+02
3.16607532933162e+02
3.16607532933162e+02
3.27544138678907e+02
3.27544138678907e+02
3.87755658928936e+02
3.87755658928936e+02
3.76895041836449e+02
3.76895041836449e+02
3.82203024839957e+02
3.82203024839957e+02
3.90948265856325e+02
3.90948265856325e+02
3.43483160495724e+02
3.43483160495724e+02
4.55441377683967e+02
4.55441377683967e+02
7.11505950811903e+02
7.11505950811903e+02
7.72504150560490e+02
7.72504150560490e+02
7.56148096730562e+02
7.56148096730562e+02
7.09274301935561e+02
7.09274301935561e+02
9.02679493087013e+01
9.02679493087013e+01
1.66368332532748e+02
1.66368332532748e+02
2.83760192285897e+02
2.83760192285897e+02
2.69989823418880e+02
2.69989823418880e+02
4.04883264708156e+02
4.04883264708156e+02
4.38310822173395e+02
4.38310822173395e+02
4.17793144152978e+02
4.17793144152978e+02
4.56139331971166e+02
4.56139331971166e+02
3.86827797464589e+02
3.86827797464589e+02
3.63418600522163e+02
3.63418600522163e+02
3.06108741746033e+02
3.06108741746033e+02
1.61375502664479e+02
1.61375502664479e+02
2.61960422901246e+02
2.61960422901246e+02
3.60250713907558e+02
3.60250713907558e+02
4.13335216116845e+02
4.13335216116845e+02
3.55239291751235e+02
2.12893317716292e+02
2.12893317716292e+02
3.11284149089627e+02
3.11284149089627e+02
2.45414494032992e+02
2.45414494032992e+02
2.67879061296889e+02
2.67879061296889e+02
5.67529945990719e+02
5.67529945990719e+02
3.48748498718377e+02
3.48748498718377e+02
3.14572995846840e+02
3.14572995846840e+02
3.68995342541511e+02
3.68995342541511e+02
3.57663821619732e+02
3.57663821619732e+02
3.47012977509007e+02
3.47012977509007e+02
4.64882027238513e+02
4.64882027238513e+02
3.27748234402774e+02
3.27748234402774e+02
3.58374310841368e+02
3.58374310841368e+02
4.90919168296260e+02
4.90919168296260e+02
7.08139686427763e+02
7.08139686427763e+02
8.45363085175824e+02
8.45363085175824e+02
8.24229450580854e+02
8.24229450580854e+02
8.55725848492188e+02
8.55725848492188e+02
2.87802178790209e+02
2.87802178790209e+02
4.22644633608066e+02
4.22644633608066e+02
7.75148036630196e+02
7.75148036630196e+02
8.81296745557663e+02
8.81296745557663e+02
9.78700236044767e+02
9.78700236044767e+02
1.14359375757091e+03
1.14359375757091e+03
3.12317358572723e+02
3.12317358572723e+02
3.55098332835624e+02
3.55098332835624e+02
8.85031445492814e+02
8.85031445492814e+02
1.56854507181661e+03
1.56854507181661e+03
2.40287981889729e+03
2.40287981889729e+03
9.81483623890804e+02
9.81483623890804e+02
8.74116513455899e+02
8.74116513455899e+02
7.66578382628450e+02
7.66578382628450e+02
2.10451896750250e+02
2.10451896750250e+02
3.64694924736438e+02
3.64694924736438e+02
3.11431563949091e+02
3.11431563949091e+02
4.11633583636785e+02
4.11633583636785e+02
4.00560322995108e+02
4.00560322995108e+02
3.83828148679687e+02
3.83828148679687e+02
4.63806909397715e+02
4.63806909397715e+02
5.16164076944145e+02
5.16164076944145e+02
3.93405148225017e+02
3.93405148225017e+02
3.57650914750134e+02
3.57650914750134e+02
4.06569802890147e+02
4.06569802890147e+02
3.85060219522299e+02
3.85060219522299e+02
3.82216014781864e+02
3.82216014781864e+02
4.84395552307402e+02
4.84395552307402e+02
5.05152797993593e+02
5.05152797993593e+02
3.65347976031392e+02
3.65347976031392e+02
3.88050757038008e+02
3.88050757038008e+02
5.70108715241534e+02
5.70108715241534e+02
7.25448583133576e+02
7.25448583133576e+02
8.77949336819166e+02
8.77949336819166e+02
1.06728940633331e+03
1.06728940633331e+03
8.89088815871005e+02
8.89088815871005e+02
3.04594561642435e+02
3.04594561642435e+02
2.42925935182513e+02
2.42925935182513e+02
2.86105551885101e+02
2.86105551885101e+02
2.38817148646179e+02
2.38817148646179e+02
2.16019300216327e+02
2.16019300216327e+02
2.93581413401860e+02
2.93581413401860e+02
3.20618481065700e+02
3.20618481065700e+02
3.46943692938318e+02
3.46943692938318e+02
3.34662815266796e+02
3.34662815266796e+02
3.24373110234480e+02
3.24373110234480e+02
2.86721680316437e+02
2.86721680316437e+02
1.60971097959458e+02
1.60971097959458e+02
2.54283135645572e+02
2.54283135645572e+02
2.69299959852702e+02
2.69299959852702e+02
2.12818206350785e+02
2.12818206350785e+02
2.92117446586093e+02
2.92117446586093e+02
3.20697390523802e+02
3.20697390523802e+02
2.37377516889122e+02
2.37377516889122e+02
2.33651136248242e+02
2.33651136248242e+02
3.38402935589555e+02
3.38402935589555e+02
2.72706254756880e+02
2.72706254756880e+02
2.87204801002789e+02
2.87204801002789e+02
5.11831361777677e+02
5.11831361777677e+02
5.34551810860518e+02
5.34551810860518e+02
4.55247164677142e+02
4.55247164677142e+02
4.32872778209250e+02
4.32872778209250e+02
5.01093498391827e+02
5.01093498391827e+02
5.23575738587512e+02
5.23575738587512e+02
4.34570521555472e+02
4.34570521555472e+02
5.07105317721583e+02
5.07105317721583e+02
4.61085184752193e+02
4.61085184752193e+02
5.91279427831894e+02
5.91279427831894e+02
8.05664460288972e+02
8.05664460288972e+02
9.42825976571353e+02
9.42825976571353e+02
1.22911131108074e+03
1.22911131108074e+03
8.89180882243529e+02
8.89180882243529e+02
3.79257226783848e+02
3.79257226783848e+02
5.35373191138786e+02
5.35373191138786e+02
9.76461318081164e+02
9.76461318081164e+02
1.42523854444509e+03
1.36321597859050e+03
8.63120268209264e+02
8.63120268209264e+02
2.75361777205487e+02
2.75361777205487e+02
2.53097737195112e+02
2.53097737195112e+02
2.84083012988977e+02
2.84083012988977e+02
2.15750876261605e+02
2.15750876261605e+02
1.81563612956709e+02
1.81563612956709e+02
2.55805995427712e+02
2.55805995427712e+02
2.37951921555397e+02
2.37951921555397e+02
3.76079750783163e+02
3.76079750783163e+02
5.29707985147002e+02
5.29707985147002e+02
5.51261238788896e+02
5.51261238788896e+02
5.04591259329002e+02
5.04591259329002e+02
4.75631075536251e+02
4.75631075536251e+02
5.07194994636719e+02
5.07194994636719e+02
5.38641441490934e+02
5.38641441490934e+02
4.58744101697716e+02
4.58744101697716e+02
4.31233292512956e+02
4.31233292512956e+02
4.88393652981466e+02
4.88393652981466e+02
4.64396639925207e+02
4.64396639925207e+02
5.54966450176789e+02
5.54966450176789e+02
7.39674869202054e+02
7.39674869202054e+02
9.90667008562228e+02
9.90667008562228e+02
9.28926823096605e+02
9.28926823096605e+02
5.81017094147630e+02
5.81017094147630e+02
3.30797750229635e+02
3.30797750229635e+02
2.43200909480258e+02
2.43200909480258e+02
1.98456939408908e+02
1.98456939408908e+02
2.84654785770317e+02
2.84654785770317e+02
2.38527668911367e+02
2.38527668911367e+02
4.49495495631810e+02
4.49495495631810e+02
6.48793004426699e+02
6.48793004426699e+02
5.24190840629605e+02
5.24190840629605e+02
3.67356138822194e+02
3.67356138822194e+02
3.33897523007879e+02
3.33897523007879e+02
1.98077046099735e+02
1.98077046099735e+02
3.10129465068842e+02
3.10129465068842e+02
3.16027596485461e+02
3.16027596485461e+02
2.10577760977928e+02
2.10577760977928e+02
2.42353700982168e+02
2.42353700982168e+02
5.67393663510688e+02
5.67393663510688e+02
3.76997772224983e+02
3.76997772224983e+02
2.62937713471790e+02
2.62937713471790e+02
3.24748290399180e+02
3.24748290399180e+02
2.27805712129886e+02
2.27805712129886e+02
3.05099626625364e+02
3.05099626625364e+02
2.75797923685330e+02
2.75797923685330e+02
3.38563659867086e+02
3.38563659867086e+02
4.91423150638878e+02
4.91423150638878e+02
5.02657284787142e+02
5.02657284787142e+02
5.02526635173028e+02
5.02526635173028e+02
5.38872000470312e+02
5.38872000470312e+02
5.05835627615243e+02
5.05835627615243e+02
5.11765309471798e+02
5.11765309471798e+02
4.81506158036781e+02
4.81506158036781e+02
3.65975228863664e+02
3.65975228863664e+02
4.73202195671064e+02
4.73202195671064e+02
4.23084697532680e+02
4.23084697532680e+02
5.73824805348353e+02
5.73824805348353e+02
7.19627297006599e+02
7.19627297006599e+02
9.89245263810890e+02
9.89245263810890e+02
7.58146084123868e+02
7.58146084123868e+02
4.31847391263193e+02
4.31847391263193e+02
3.73517525977091e+02
3.73517525977091e+02
7.02966418570288e+02
7.02966418570288e+02
9.62941331367049e+02
9.62941331367049e+02
1.33309042259321e+03
1.79217171427035e+03
5.99791184446359e+02
5.99791184446359e+02
5.20270727624172e+02
5.20270727624172e+02
2.34233558435485e+02
2.34233558435485e+02
1.84142415869453e+02
1.84142415869453e+02
2.65909720490295e+02
2.65909720490295e+02
1.94137135354076e+02
1.94137135354076e+02
3.98966477976202e+02
3.98966477976202e+02
5.72453469320016e+02
5.72453469320016e+02
5.41361083375544e+02
5.41361083375544e+02
4.72891894732611e+02
4.72891894732611e+02
5.44960507414471e+02
5.44960507414471e+02
5.15471139358339e+02
5.15471139358339e+02
5.01581398269317e+02
5.01581398269317e+02
5.01097414824441e+02
5.01097414824441e+02
5.54541105693891e+02
5.54541105693891e+02
5.51625699462874e+02
5.51625699462874e+02
4.34771082516060e+02
4.34771082516060e+02
4.56362084533364e+02
4.56362084533364e+02
4.26956632231856e+02
4.26956632231856e+02
6.07383814381474e+02
6.07383814381474e+02
9.14388684820357e+02
9.14388684820357e+02
9.90466632229419e+02
9.90466632229419e+02
7.96729898200588e+02
7.96729898200588e+02
7.06806169635984e+02
7.06806169635984e+02
3.85097522841923e+02
3.85097522841923e+02
8.04227904037338e+02
8.04227904037338e+02
1.18006767886180e+03
1.18006767886180e+03
1.12057968353981e+03
1.12057968353981e+03
1.66522272756135e+03
1.66522272756135e+03
6.03387687620181e+02
6.03387687620181e+02
4.87768043439363e+02
4.87768043439363e+02
1.87231410651435e+02
1.87231410651435e+02
2.71031362715050e+02
2.71031362715050e+02
1.75843711394087e+02
1.75843711394087e+02
3.78627351116486e+02
3.78627351116486e+02
5.23511120199106e+02
5.23511120199106e+02
5.15418730574694e+02
5.15418730574694e+02
5.12373016639642e+02
5.12373016639642e+02
5.51932625011534e+02
5.51932625011534e+02
3.55360271922026e+02
3.55360271922026e+02
2.19888103277249e+02
2.19888103277249e+02
3.39155112935125e+02
3.39155112935125e+02
3.44023696623088e+02
3.44023696623088e+02
2.16848614464416e+02
2.16848614464416e+02
2.13959901820743e+02
2.13959901820743e+02
4.48041860436295e+02
4.48041860436295e+02
4.88880083537427e+02
4.88880083537427e+02
3.94928245006544e+02
3.94928245006544e+02
3.12884520641557e+02
3.12884520641557e+02
2.81110444264179e+02
2.81110444264179e+02
3.63613052780836e+02
3.63613052780836e+02
3.53085242800936e+02
3.53085242800936e+02
2.60981168027432e+02
2.60981168027432e+02
3.34155809065648e+02
3.34155809065648e+02
5.14079584735251e+02
5.14079584735251e+02
4.48635134594780e+02
4.48635134594780e+02
4.44234760828391e+02
4.44234760828391e+02
5.39551313751939e+02
5.39551313751939e+02
5.88956709556410e+02
5.88956709556410e+02
4.73471704755186e+02
4.73471704755186e+02
4.39781928805858e+02
4.39781928805858e+02
4.44942044354658e+02
4.44942044354658e+02
3.79061122872635e+02
3.79061122872635e+02
4.57811098352529e+02
4.57811098352529e+02
6.21182077455879e+02
6.21182077455879e+02
9.74190333072727e+02
9.74190333072727e+02
8.70739179396522e+02
8.70739179396522e+02
7.01951523080472e+02
7.01951523080472e+02
8.99080808983961e+02
8.99080808983961e+02
4.23896924467101e+02
4.23896924467101e+02
8.73275764546040e+02
8.73275764546040e+02
1.46111593972418e+03
1.46111593972418e+03
1.63615953143319e+03
1.63615953143319e+03
1.14254828409170e+03
1.14254828409170e+03
4.54107106629646e+02
4.54107106629646e+02
4.74188883200731e+02
4.74188883200731e+02
2.86120306375341e+02
1.63154018450998e+02
3.53735574135093e+02
3.53735574135093e+02
4.48692919865107e+02
4.48692919865107e+02
4.20281132350442e+02
4.20281132350442e+02
4.37670750533647e+02
4.37670750533647e+02
5.18940055245852e+02
5.18940055245852e+02
4.85686406993441e+02
4.85686406993441e+02
4.18114823852285e+02
4.18114823852285e+02
3.74998317185222e+02
3.74998317185222e+02
4.80725024576010e+02
4.80725024576010e+02
5.86151659005564e+02
5.86151659005564e+02
5.43445067822163e+02
5.43445067822163e+02
5.40190643407033e+02
5.40190643407033e+02
5.47320800481378e+02
5.47320800481378e+02
3.36077647351716e+02
3.36077647351716e+02
4.57973727781459e+02
4.57973727781459e+02
7.30612256429942e+02
7.30612256429942e+02
8.81744607395045e+02
8.81744607395045e+02
7.85293733496974e+02
7.85293733496974e+02
8.93395727702300e+02
8.93395727702300e+02
6.12578223095110e+02
6.12578223095110e+02
4.74885051801491e+02
4.74885051801491e+02
8.74862518298698e+02
8.74862518298698e+02
1.50062964919599e+03
2.00052022293007e+03
9.54500337589675e+02
6.47610919899878e+02
6.47610919899878e+02
4.44848374319953e+02
4.44848374319953e+02
1.61156324003585e+02
1.61156324003585e+02
3.49093089551234e+02
3.49093089551234e+02
4.00564391330237e+02
4.00564391330237e+02
3.31402295741638e+02
3.31402295741638e+02
3.33791028443038e+02
3.33791028443038e+02
3.88802050891918e+02
3.88802050891918e+02
3.85028655472057e+02
3.85028655472057e+02
3.98532713323689e+02
3.98532713323689e+02
2.67505116838603e+02
2.67505116838603e+02
4.02596745371043e+02
4.02596745371043e+02
4.07392237084947e+02
4.07392237084947e+02
2.56703646303178e+02
2.56703646303178e+02
2.27492254596850e+02
2.27492254596850e+02
3.76056018944000e+02
3.76056018944000e+02
3.17583344507766e+02
3.17583344507766e+02
3.62850815118025e+02
3.62850815118025e+02
4.86066146494093e+02
4.86066146494093e+02
3.61374561717518e+02
3.61374561717518e+02
4.39103790256882e+02
4.39103790256882e+02
2.59218363746536e+02
2.59218363746536e+02
3.46318580002672e+02
3.46318580002672e+02
5.12522132571747e+02
5.12522132571747e+02
4.38082426000926e+02
4.38082426000926e+02
3.56441804539316e+02
3.56441804539316e+02
5.08063664383913e+02
5.08063664383913e+02
3.78507165036246e+02
3.78507165036246e+02
3.99583738448882e+02
3.99583738448882e+02
4.60555828916007e+02
4.60555828916007e+02
5.54242908911578e+02
5.54242908911578e+02
5.69671058362798e+02
5.69671058362798e+02
6.44273769080584e+02
6.44273769080584e+02
7.09658562655870e+02
7.09658562655870e+02
5.53597745470750e+02
5.53597745470750e+02
4.87261279122343e+02
4.87261279122343e+02
4.07876150890901e+02
4.07876150890901e+02
4.74400636223827e+02
4.74400636223827e+02
7.58694741868443e+02
7.58694741868443e+02
7.00015413810456e+02
7.00015413810456e+02
5.95254736404903e+02
5.95254736404903e+02
8.29443564810747e+02
8.29443564810747e+02
2.66630446209521e+02
2.66630446209521e+02
5.52866718213312e+02
5.52866718213312e+02
9.03380416382088e+02
9.03380416382088e+02
1.48232611708104e+03
1.48232611708104e+03
2.12683708001421e+03
7.83870932286187e+02
7.83870932286187e+02
7.30379372109354e+02
7.30379372109354e+02
5.07778313744484e+02
5.07778313744484e+02
3.50897940686217e+02
3.50897940686217e+02
3.85444774245551e+02
3.85444774245551e+02
2.95676583398820e+02
2.95676583398820e+02
2.87488138636257e+02
2.87488138636257e+02
3.18450408929231e+02
3.18450408929231e+02
3.01002855996937e+02
3.01002855996937e+02
3.02317767797642e+02
3.02317767797642e+02
4.51602267271135e+02
4.51602267271135e+02
4.62449081918758e+02
4.62449081918758e+02
5.13682585049643e+02
5.13682585049643e+02
5.41215894643861e+02
5.41215894643861e+02
6.90342810297432e+02
6.90342810297432e+02
8.79463090643224e+02
8.79463090643224e+02
7.89539200047277e+02
7.89539200047277e+02
5.54735388558624e+02
5.54735388558624e+02
4.35138849261143e+02
4.35138849261143e+02
5.87772749901202e+02
5.87772749901202e+02
7.30255788553505e+02
7.30255788553505e+02
6.55382479836101e+02
6.55382479836101e+02
7.81062169888393e+02
7.81062169888393e+02
5.17909244247277e+02
5.17909244247277e+02
2.24398179868770e+02
4.37731696255269e+02
4.37731696255269e+02
3.26667656703737e+02
3.26667656703737e+02
3.15096560383835e+02
3.15096560383835e+02
3.43903173046133e+02
3.43903173046133e+02
3.19459312041987e+02
3.19459312041987e+02
3.12863457231067e+02
3.12863457231067e+02
4.58291898387514e+02
4.58291898387514e+02
4.92728611738930e+02
4.92728611738930e+02
4.84710159385648e+02
4.84710159385648e+02
4.94551549676886e+02
4.94551549676886e+02
3.23334335540915e+02
3.23334335540915e+02
2.81215292819647e+02
2.81215292819647e+02
4.47371069963313e+02
4.47371069963313e+02
3.33780285670916e+02
3.33780285670916e+02
3.38464401073029e+02
3.38464401073029e+02
4.14374267604452e+02
4.14374267604452e+02
5.64571135999470e+02
5.64571135999470e+02
4.59582085037894e+02
4.59582085037894e+02
4.32229811558417e+02
4.32229811558417e+02
4.19355276899255e+02
4.19355276899255e+02
3.55738999351230e+02
3.55738999351230e+02
5.68446907353892e+02
5.68446907353892e+02
5.34625100555633e+02
5.34625100555633e+02
4.38042393871960e+02
4.38042393871960e+02
6.43357791202647e+02
6.43357791202647e+02
5.31186323036137e+02
5.31186323036137e+02
4.49712915722549e+02
4.49712915722549e+02
4.62387199403624e+02
4.62387199403624e+02
6.30667828348976e+02
6.30667828348976e+02
8.99075320589174e+02
8.99075320589174e+02
9.44558057198111e+02
9.44558057198111e+02
7.96762745838686e+02
7.96762745838686e+02
5.98769243662163e+02
5.98769243662163e+02
5.34984257124467e+02
5.34984257124467e+02
4.21936248445438e+02
4.21936248445438e+02
6.62817281031152e+02
6.62817281031152e+02
6.95597733011485e+02
6.95597733011485e+02
6.75832969962821e+02
6.75832969962821e+02
1.03560368061965e+03
1.03560368061965e+03
2.08058860993521e+02
2.08058860993521e+02
7.34893700118556e+02
7.34893700118556e+02
7.08666458918714e+02
7.08666458918714e+02
1.36443891285504e+03
1.36443891285504e+03
1.68252564121347e+03
1.29600369349022e+03
6.30004334931597e+02
6.30004334931597e+02
6.88565248280313e+02
6.88565248280313e+02
5.32578559956789e+02
5.32578559956789e+02
3.63550535226253e+02
3.63550535226253e+02
3.48348404042417e+02
3.48348404042417e+02
3.75964519105449e+02
3.75964519105449e+02
3.44118441951341e+02
3.44118441951341e+02
3.27178357066551e+02
3.27178357066551e+02
4.45975014841432e+02
4.45975014841432e+02
4.79733944023408e+02
4.79733944023408e+02
4.18210824237253e+02
4.18210824237253e+02
4.02901130620190e+02
4.02901130620190e+02
5.36467473624045e+02
5.36467473624045e+02
7.82455159018659e+02
7.82455159018659e+02
9.19666506768040e+02
9.19666506768040e+02
8.95977342276346e+02
8.95977342276346e+02
8.24804999102323e+02
8.24804999102323e+02
5.80415553681420e+02
5.80415553681420e+02
4.98560658860057e+02
4.98560658860057e+02
6.58941872311299e+02
6.58941872311299e+02
7.10394204213754e+02
7.10394204213754e+02
1.01053691132134e+03
1.01053691132134e+03
7.50230885692451e+02
7.50230885692451e+02
2.98458026129902e+02
2.98458026129902e+02
9.85994793145497e+02
9.85994793145497e+02
3.58965710791220e+02
3.58965710791220e+02
3.85004982805885e+02
3.85004982805885e+02
3.49446377080833e+02
3.49446377080833e+02
3.25853762459952e+02
3.25853762459952e+02
4.15107698392866e+02
4.15107698392866e+02
4.34163269427080e+02
4.34163269427080e+02
3.72795818831681e+02
3.72795818831681e+02
3.83498532702256e+02
3.83498532702256e+02
6.17509036839095e+02
6.17509036839095e+02
4.15801144351933e+02
4.15801144351933e+02
3.55710132990061e+02
3.55710132990061e+02
5.62123318167372e+02
5.62123318167372e+02
4.04859385493678e+02
4.04859385493678e+02
3.99308756886967e+02
3.99308756886967e+02
4.10769565238067e+02
4.10769565238067e+02
4.07891272000125e+02
4.07891272000125e+02
8.16195679936161e+02
8.16195679936161e+02
6.30863340423976e+02
6.30863340423976e+02
7.56822309703964e+02
7.56822309703964e+02
4.69997613660237e+02
4.69997613660237e+02
5.65866553783625e+02
5.65866553783625e+02
4.69352334982837e+02
4.69352334982837e+02
7.36772164734636e+02
7.36772164734636e+02
5.82765678509700e+02
5.82765678509700e+02
5.65067402608613e+02
5.65067402608613e+02
8.12181759761659e+02
8.12181759761659e+02
6.23931640535755e+02
6.23931640535755e+02
4.57666346078928e+02
4.57666346078928e+02
5.98427285957292e+02
5.98427285957292e+02
6.94288559087015e+02
6.94288559087015e+02
7.24694669302232e+02
7.24694669302232e+02
7.20053657869165e+02
7.20053657869165e+02
5.29216385868334e+02
5.29216385868334e+02
4.39868985074082e+02
4.39868985074082e+02
8.14462523476877e+02
8.14462523476877e+02
5.42730691443181e+02
5.42730691443181e+02
6.53030949995990e+02
6.53030949995990e+02
7.66426346628319e+02
7.66426346628319e+02
1.36234422194680e+03
1.36234422194680e+03
3.34920039095359e+02
3.34920039095359e+02
1.05868025893843e+03
1.05868025893843e+03
5.50032345724547e+02
5.50032345724547e+02
7.45142330646655e+02
7.45142330646655e+02
1.47425305435508e+03
1.47425305435508e+03
2.10164335662428e+03
8.32727225069737e+02
8.08402347263335e+02
8.08402347263335e+02
6.81444382454572e+02
6.81444382454572e+02
5.23852831141759e+02
5.23852831141759e+02
4.81045964949885e+02
4.81045964949885e+02
4.35849087961056e+02
4.35849087961056e+02
4.03748766810683e+02
4.03748766810683e+02
4.92208175433051e+02
4.92208175433051e+02
5.03613786209010e+02
5.03613786209010e+02
4.23087158140748e+02
4.23087158140748e+02
4.31775002691622e+02
4.31775002691622e+02
4.38955914497878e+02
4.38955914497878e+02
4.70466132933032e+02
4.70466132933032e+02
5.11304846945253e+02
5.11304846945253e+02
5.97301656329512e+02
5.97301656329512e+02
6.64620346331564e+02
6.64620346331564e+02
5.74133169459571e+02
5.74133169459571e+02
4.27589624521646e+02
4.27589624521646e+02
5.35907875743908e+02
5.35907875743908e+02
4.84907904448333e+02
4.84907904448333e+02
6.60810898793125e+02
6.60810898793125e+02
1.12222668035923e+03
1.12222668035923e+03
9.11469954556769e+02
9.11469954556769e+02
4.01129439919148e+02
4.01129439919148e+02
1.15204577991748e+03
1.15204577991748e+03
2.25628179574500e+02
2.25628179574500e+02
5.78623264853084e+02
5.78623264853084e+02
5.32000109493098e+02
5.32000109493098e+02
6.23324569217185e+02
6.23324569217185e+02
6.19393263048113e+02
6.19393263048113e+02
4.99186151567405e+02
4.99186151567405e+02
4.83562877152627e+02
4.83562877152627e+02
4.74268838910804e+02
4.74268838910804e+02
4.10335834624235e+02
4.10335834624235e+02
6.85157407755921e+02
6.85157407755921e+02
5.78312837599391e+02
5.78312837599391e+02
9.15377759998218e+02
9.15377759998218e+02
6.52732091048866e+02
6.52732091048866e+02
6.41579403688513e+02
6.41579403688513e+02
6.20223778809706e+02
6.20223778809706e+02
5.66358384282386e+02
5.66358384282386e+02
4.77790062097096e+02
4.77790062097096e+02
1.01661977989219e+03
1.01661977989219e+03
8.47030921053266e+02
8.47030921053266e+02
8.31647823398878e+02
8.31647823398878e+02
8.01385344433510e+02
8.01385344433510e+02
6.77044447379102e+02
6.77044447379102e+02
6.19476225982276e+02
6.19476225982276e+02
1.04748016302738e+03
1.04748016302738e+03
9.38794188285134e+02
9.38794188285134e+02
8.08833098579095e+02
8.08833098579095e+02
6.99793844923049e+02
6.99793844923049e+02
1.02787928045051e+03
1.02787928045051e+03
8.62828816399583e+02
8.62828816399583e+02
4.09347276081995e+02
4.09347276081995e+02
5.08615134217279e+02
5.08615134217279e+02
6.50499350020060e+02
6.50499350020060e+02
7.01559856856895e+02
7.01559856856895e+02
6.79207144322746e+02
6.79207144322746e+02
8.36463552909571e+02
8.36463552909571e+02
7.94450396589206e+02
7.94450396589206e+02
1.15519820512559e+03
1.15519820512559e+03
9.41031500742364e+02
9.41031500742364e+02
4.97428123396058e+02
4.97428123396058e+02
7.36976775019630e+02
7.36976775019630e+02
1.49350124838300e+03
1.49350124838300e+03
4.66132046548554e+02
4.66132046548554e+02
1.15008719563256e+03
1.15008719563256e+03
5.09644395502757e+02
5.09644395502757e+02
1.44420416860669e+02
1.44420416860669e+02
1.06863654744458e+03
1.06863654744458e+03
1.45172702233566e+03
1.45172702233566e+03
1.24753283293820e+03
1.24753283293820e+03
7.46938907890300e+02
7.58062547333247e+02
7.58062547333247e+02
8.00729155312631e+02
8.00729155312631e+02
6.79987352919966e+02
6.79987352919966e+02
6.14565572406044e+02
6.14565572406044e+02
7.09093266447014e+02
7.09093266447014e+02
6.98575340298704e+02
6.98575340298704e+02
5.51874036767731e+02
5.51874036767731e+02
5.10093535730596e+02
5.10093535730596e+02
4.65241003659559e+02
4.65241003659559e+02
3.48086532989511e+02
3.48086532989511e+02
3.75440322743901e+02
3.75440322743901e+02
4.45491572444781e+02
4.45491572444781e+02
5.62156862776091e+02
5.62156862776091e+02
6.87039328392189e+02
6.87039328392189e+02
7.47165682797145e+02
7.47165682797145e+02
1.06919174799346e+03
1.06919174799346e+03
9.55982719588591e+02
9.55982719588591e+02
2.62478571897547e+02
2.62478571897547e+02
5.76055475143508e+02
5.76055475143508e+02
1.17088931129685e+03
1.17088931129685e+03
9.81844250186479e+02
9.81844250186479e+02
6.40560017004678e+02
1.41607739537141e+03
1.41607739537141e+03
2.77074751296908e+02
2.77074751296908e+02
3.22757861575515e+02
3.22757861575515e+02
7.39033168550822e+02
7.39033168550822e+02
7.40427358759719e+02
7.40427358759719e+02
5.96652053412878e+02
5.96652053412878e+02
5.62286667946070e+02
5.62286667946070e+02
5.26387433803196e+02
5.26387433803196e+02
4.02667413482867e+02
4.02667413482867e+02
3.92708474474247e+02
3.92708474474247e+02
4.58341631801052e+02
4.58341631801052e+02
6.16306292362496e+02
6.16306292362496e+02
9.91239142382121e+02
9.91239142382121e+02
7.19226209738623e+02
7.19226209738623e+02
7.26457735383133e+02
7.26457735383133e+02
7.20486390162178e+02
7.20486390162178e+02
6.85174067014528e+02
6.85174067014528e+02
5.73199631119694e+02
5.73199631119694e+02
4.21708356508581e+02
4.21708356508581e+02
1.08140120362200e+03
1.08140120362200e+03
8.67371520406563e+02
8.67371520406563e+02
1.05284054486118e+03
1.05284054486118e+03
6.93193958238926e+02
6.93193958238926e+02
8.75987921290711e+02
8.75987921290711e+02
7.70726083973528e+02
7.70726083973528e+02
6.64679854387704e+02
6.64679854387704e+02
1.18976438590057e+03
1.18976438590057e+03
1.17639524858232e+03
1.17639524858232e+03
1.01564902703052e+03
1.01564902703052e+03
9.08409399116823e+02
9.08409399116823e+02
1.22229563077624e+03
1.22229563077624e+03
1.03949242312974e+03
1.03949242312974e+03
9.84512869386793e+02
9.84512869386793e+02
4.67625319987257e+02
4.67625319987257e+02
6.38392935321377e+02
6.38392935321377e+02
7.82407166419738e+02
7.82407166419738e+02
1.30267563445989e+03
1.30267563445989e+03
1.15359702417175e+03
1.15359702417175e+03
3.59668522177275e+02
3.59668522177275e+02
6.52537983196615e+02
6.52537983196615e+02
1.48683941135911e+03
1.48683941135911e+03
1.10418792214434e+03
1.10418792214434e+03
6.89558792065776e+02
6.89558792065776e+02
1.53791549545924e+03
1.53791549545924e+03
6.14255485770338e+02
6.14255485770338e+02
1.41716274197152e+03
1.41716274197152e+03
7.02906206089583e+02
7.02906206089583e+02
2.71443583470549e+02
2.71443583470549e+02
9.79412241599024e+01
9.79412241599024e+01
1.35026970268244e+03
1.35026970268244e+03
1.85422019643804e+03
8.54078520644676e+02
7.93719990522686e+02
7.93719990522686e+02
8.24510861653117e+02
8.24510861653117e+02
6.55817302854009e+02
6.55817302854009e+02
8.10399404771584e+02
8.10399404771584e+02
6.65185178302256e+02
6.65185178302256e+02
6.38479702055387e+02
6.38479702055387e+02
6.13741752592730e+02
6.13741752592730e+02
4.87047216237870e+02
4.87047216237870e+02
4.71022816899405e+02
4.71022816899405e+02
5.04838646342246e+02
5.04838646342246e+02
4.40200599083176e+02
4.40200599083176e+02
4.94345465701101e+02
4.94345465701101e+02
6.89413789766349e+02
6.89413789766349e+02
1.27607960761041e+03
1.27607960761041e+03
9.42735602498402e+02
9.42735602498402e+02
2.75883455496654e+02
2.75883455496654e+02
3.59626283613744e+02
3.59626283613744e+02
1.90771103633474e+02
1.90771103633474e+02
9.99974282535680e+02
9.99974282535680e+02
8.73097246680214e+02
8.66961755690551e+02
1.68267968590503e+03
3.73530928658520e+02
4.30207981000238e+02
4.30207981000238e+02
1.54635701595016e+02
1.54635701595016e+02
7.35614020977003e+02
7.35614020977003e+02
7.20416480327317e+02
7.20416480327317e+02
7.12570807191747e+02
7.12570807191747e+02
5.89741617885999e+02
5.89741617885999e+02
5.96043425652257e+02
5.96043425652257e+02
6.70254826769047e+02
6.70254826769047e+02
5.71885412306700e+02
5.71885412306700e+02
4.26909550302957e+02
4.26909550302957e+02
1.10815988286913e+03
1.10815988286913e+03
8.13888137982835e+02
8.13888137982835e+02
8.39091319603659e+02
8.39091319603659e+02
8.55340931269070e+02
8.55340931269070e+02
8.57045163173600e+02
8.57045163173600e+02
7.73787455279237e+02
7.73787455279237e+02
6.48206170545424e+02
6.48206170545424e+02
6.63069101955045e+02
6.63069101955045e+02
1.59402914769389e+03
1.59402914769389e+03
1.34008992537724e+03
1.34008992537724e+03
1.34191966384102e+03
1.34191966384102e+03
1.28909891622625e+03
1.28909891622625e+03
1.13927750277825e+03
1.13927750277825e+03
1.15294367283453e+03
1.15294367283453e+03
8.92515940127599e+02
8.92515940127599e+02
1.34493447355719e+03
1.34493447355719e+03
1.13162717029193e+03
1.13162717029193e+03
1.19809788516694e+03
1.19809788516694e+03
1.06349121782476e+03
1.06349121782476e+03
1.68790798130205e+03
1.68790798130205e+03
1.46858591589035e+03
1.46858591589035e+03
1.23859075021962e+03
1.23859075021962e+03
5.39323528018939e+02
5.39323528018939e+02
1.18496643080195e+03
1.18496643080195e+03
8.85381722556778e+02
8.85381722556778e+02
2.69923329987288e+02
2.69923329987288e+02
3.67530602863607e+02
3.67530602863607e+02
3.47206288343338e+02
3.47206288343338e+02
6.31826971973661e+02
6.31826971973661e+02
1.56880350722332e+03
1.56880350722332e+03
1.26947385853205e+03
1.26947385853205e+03
1.18746354130704e+03
1.18746354130704e+03
5.90785968504032e+02
1.53591013443307e+03
9.20318685003445e+02
4.59786655792368e+02
2.75777935002851e+02
2.75777935002851e+02
1.21098384917076e+02
1.21098384917076e+02
1.04375206467256e+03
1.04375206467256e+03
1.03044931103479e+03
7.53529120782031e+02
6.78146542835821e+02
8.66571193567196e+02
8.66571193567196e+02
9.19425178440644e+02
9.19425178440644e+02
4.74225692956749e+02
4.74225692956749e+02
8.66543883418645e+02
8.66543883418645e+02
8.68518378847115e+02
8.68518378847115e+02
7.35240421055947e+02
7.35240421055947e+02
7.60910343209190e+02
7.60910343209190e+02
8.81951630209592e+02
8.81951630209592e+02
7.85686042348618e+02
7.85686042348618e+02
6.19986097170386e+02
6.19986097170386e+02
4.62994803298694e+02
4.62994803298694e+02
8.02731345097413e+02
8.02731345097413e+02
6.55495252162516e+02
6.55495252162516e+02
2.25181221193118e+02
4.98269714068507e+02
4.35474001660380e+02
1.06209136801165e+03
5.10108558566513e+02
5.14767575528105e+02
5.14767575528105e+02
8.57883082279452e+02
8.57883082279452e+02
1.74932882876914e+03
1.74932882876914e+03
4.73866344508304e+02
4.73866344508304e+02
6.56111225109985e+02
6.56111225109985e+02
2.32567061034586e+02
2.32567061034586e+02
3.65546570996264e+02
3.65546570996264e+02
1.67998881815332e+03
1.67998881815332e+03
1.44112717306770e+03
1.44112717306770e+03
1.50703710671752e+03
1.50703710671752e+03
1.76002263297383e+03
1.76002263297383e+03
1.57850783707765e+03
1.57850783707765e+03
1.23865987958435e+03
1.23865987958435e+03
9.57051241616256e+02
9.57051241616256e+02
6.14745661646883e+02
6.14745661646883e+02
1.63890729605241e+03
1.63890729605241e+03
1.68680679772893e+03
1.68680679772893e+03
1.71748034336022e+03
1.71748034336022e+03
1.74135949354564e+03
1.74135949354564e+03
1.59420796213492e+03
1.59420796213492e+03
1.39087061181710e+03
1.39087061181710e+03
1.53103668800273e+03
1.53103668800273e+03
9.70040034863103e+02
9.70040034863103e+02
1.87270753094660e+03
1.87270753094660e+03
1.53254470005922e+03
1.53254470005922e+03
1.83614495243114e+03
1.83614495243114e+03
1.23611799153136e+03
1.23611799153136e+03
1.56845885387047e+03
1.56845885387047e+03
1.41845184310232e+03
1.41845184310232e+03
1.39020269799730e+03
1.39020269799730e+03
1.28781417079081e+03
1.28781417079081e+03
2.30910315233593e+03
2.30910315233593e+03
2.03299525797272e+03
2.03299525797272e+03
1.73213185061437e+03
1.73213185061437e+03
1.56192578144118e+03
1.56192578144118e+03
1.37269657340005e+03
1.37269657340005e+03
1.97287499920087e+03
1.97287499920087e+03
1.57894122193152e+03
1.57894122193152e+03
1.45801960150867e+03
1.45801960150867e+03
2.65076306018505e+02
2.65076306018505e+02
1.35422543285284e+02
1.35422543285284e+02
5.70783180739320e+02
5.70783180739320e+02
5.29978168323031e+02
5.29978168323031e+02
1.43419932008958e+03
1.43419932008958e+03
8.07693727441484e+02
8.07693727441484e+02
2.93076616489737e+02
2.93076616489737e+02
1.49972733384760e+03
1.49972733384760e+03
1.44877543893304e+03
1.44877543893304e+03
3.41809812903444e+02
3.41809812903444e+02
1.25959981116510e+03
1.25959981116510e+03
9.17727152202292e+02
9.17727152202292e+02
5.27983405165232e+02
5.27983405165232e+02
4.30124668679669e+02
4.30124668679669e+02
2.64835125045129e+02
2.64835125045129e+02
4.76364961993702e+02
4.76364961993702e+02
1.23971172457984e+03
1.23971172457984e+03
1.26203206185415e+03
1.26203206185415e+03
1.42997552928872e+03
1.42997552928872e+03
1.24826389938972e+03
1.24826389938972e+03
9.59396359873471e+02
9.59396359873471e+02
7.67264252882073e+02
7.67264252882073e+02
4.67265126177048e+02
4.67265126177048e+02
4.53483972694287e+02
4.53483972694287e+02
-1.82423556840361e+02
-1.82423556840361e+02
5.61805657299916e+02
5.61805657299916e+02
5.52754085239088e+02
1.52434417384260e+03
8.75717092464289e+02
3.98742632313476e+02
1.05870910345653e+02
6.42859268402488e+02
6.42859268402488e+02
1.52187801684938e+03
3.11561905287567e+02
6.16084357284710e+02
3.26235485501635e+02
3.26235485501635e+02
5.07027357393971e+02
5.07027357393971e+02
5.62161724334080e+02
5.62161724334080e+02
4.80916455537765e+02
4.80916455537765e+02
3.65252833359248e+02
3.65252833359248e+02
2.98712175598031e+02
2.98712175598031e+02
1.79375371874218e+02
1.79375371874218e+02
1.05556699532670e+02
1.05556699532670e+02
3.80815812462945e+02
3.80815812462945e+02
1.00323538322984e+03
1.00323538322984e+03
1.01771147450132e+03
1.01771147450132e+03
1.03251441742790e+03
1.03251441742790e+03
9.37540322726773e+02
9.37540322726773e+02
8.10313599666963e+02
8.10313599666963e+02
8.75109874177538e+02
8.75109874177538e+02
5.88825830553478e+02
5.88825830553478e+02
2.80448649466742e+02
2.80448649466742e+02
2.29389551594099e+03
2.29389551594099e+03
1.89558344017057e+03
1.89558344017057e+03
1.86797229540879e+03
1.86797229540879e+03
1.68659538097905e+03
1.68659538097905e+03
1.46007030194450e+03
1.46007030194450e+03
1.45380096472599e+03
1.45380096472599e+03
1.17654481877645e+03
1.17654481877645e+03
9.03065941671905e+02
9.03065941671905e+02
1.89177821995275e+03
1.89177821995275e+03
1.80752291788495e+03
1.80752291788495e+03
1.48079973914893e+03
1.48079973914893e+03
1.36982446908334e+03
1.36982446908334e+03
1.13520113595748e+03
1.13520113595748e+03
1.54690582340730e+03
1.54690582340730e+03
1.29126622045871e+03
1.29126622045871e+03
1.11059132534135e+03
1.11059132534135e+03
4.93965600066836e+02
4.93965600066836e+02
5.74003788183932e+02
5.74003788183932e+02
1.55042455543764e+03
1.55042455543764e+03
8.57938539168331e+02
8.57938539168331e+02
4.22554509792204e+02
4.22554509792204e+02
1.48807591960876e+02
1.48807591960876e+02
9.36033587870048e+02
1.38673619010641e+03
1.38673619010641e+03
1.14911534217414e+03
1.14911534217414e+03
9.99049946865178e+02
9.99049946865178e+02
8.50874456174062e+02
8.50874456174062e+02
5.00355950680962e+02
5.02091326480714e+02
4.11884987044654e+02
6.03975747132802e+02
6.03975747132802e+02
2.53172726305897e+02
2.53172726305897e+02
1.44123777617089e+03
1.44123777617089e+03
1.31950812455585e+03
1.31950812455585e+03
1.07959754460405e+03
1.07959754460405e+03
9.77633471733417e+02
9.77633471733417e+02
7.23390936534134e+02
7.23390936534134e+02
5.67802566222749e+02
5.67802566222749e+02
6.23848468021904e+02
6.23848468021904e+02
7.14344413499731e+02
7.14344413499731e+02
3.45729463412808e+02
3.45729463412808e+02
1.11933894873739e+03
1.11933894873739e+03
6.92415049626747e+02
6.92415049626747e+02
3.51140933324387e+02
3.51140933324387e+02
9.53971112827342e+01
9.53971112827342e+01
2.16165530196326e+02
2.16165530196326e+02
1.02663017356327e+03
1.02663017356327e+03
4.08309477363777e+02
4.08309477363777e+02
6.63696017253245e+02
3.34601659605706e+02
6.96864413010095e+02
3.85845778849479e+02
3.85845778849479e+02
1.26584478977884e+03
1.26584478977884e+03
1.02292088900832e+03
1.02292088900832e+03
9.32224891282531e+02
9.32224891282531e+02
7.04571554278112e+02
7.04571554278112e+02
5.75325972180889e+02
5.75325972180889e+02
6.49837974552099e+02
6.49837974552099e+02
7.10561204709267e+02
7.10561204709267e+02
2.08318752153836e+02
2.08318752153836e+02
2.05737701025888e+03
2.05868237884557e+03
1.84891726810405e+03
1.84891726810405e+03
1.59982612715138e+03
1.59982612715138e+03
1.75564013996847e+03
1.75564013996847e+03
1.29876146807893e+03
1.29876146807893e+03
8.66203176203558e+02
8.66203176203558e+02
9.51858313146999e+02
9.51858313146999e+02
2.19557716245947e+03
2.19557716245947e+03
2.44572226085456e+03
2.44572226085456e+03
1.60704692733893e+03
1.60704692733893e+03
1.91072925882254e+03
1.91072925882254e+03
1.63865618356375e+03
1.63865618356375e+03
1.56397133860559e+03
1.56397133860559e+03
1.40443518998591e+03
1.40443518998591e+03
8.52861848704696e+02
8.52861848704696e+02
1.84377523351636e+03
1.84377523351636e+03
1.48726036465087e+03
1.48726036465087e+03
1.48444492772597e+03
1.48444492772597e+03
1.34111754691647e+03
1.34111754691647e+03
1.08501310739504e+03
1.08501310739504e+03
1.71434577664047e+03
1.71434577664047e+03
1.40624014360977e+03
1.40624014360977e+03
1.31058548091460e+03
1.31058548091460e+03
1.18593031859023e+03
1.18593031859023e+03
9.66051515851633e+02
9.66051515851633e+02
6.48861883342282e+02
6.48861883342282e+02
3.44223311687423e+02
3.44223311687423e+02
1.63349436961928e+02
1.63349436961928e+02
4.10554819296594e+02
4.10554819296594e+02
2.75952376981934e+02
2.75952376981934e+02
1.59642247480455e+03
1.29968947044666e+03
1.14638318600244e+03
1.14638318600244e+03
5.68307139067317e+02
5.68307139067317e+02
3.43774009733496e+02
4.27097920959474e+02
4.20160234697188e+02
6.30237407204736e+02
3.40845174066868e+02
3.40845174066868e+02
3.21157288779357e+02
3.21157288779357e+02
1.84534154041695e+03
1.84534154041695e+03
1.75226518587301e+03
1.75226518587301e+03
1.38786292897406e+03
1.38786292897406e+03
1.20862822274636e+03
1.20862822274636e+03
1.46867116722652e+03
1.46867116722652e+03
1.61911597260002e+03
1.61911597260002e+03
4.59740365079587e+02
4.59740365079587e+02
8.28031220553827e+02
8.77499378440513e+02
8.77499378440513e+02
4.58391257839759e+02
4.58391257839759e+02
2.23734228686950e+02
3.89049673313523e+02
2.75742687789936e+02
5.67327733257494e+01
1.58510834089907e+02
1.58510834089907e+02
4.22144855018929e+02
4.22144855018929e+02
5.86408116988671e+02
5.86408116988671e+02
2.91551157188729e+02
2.91551157188729e+02
6.60146738531247e+02
6.60146738531247e+02
4.36706947479664e+02
4.36706947479664e+02
4.08282196439828e+02
4.08282196439828e+02
3.43111706862017e+02
3.43111706862017e+02
7.88303506084143e+02
7.88303506084143e+02
6.26710662291421e+02
6.26710662291421e+02
5.60688118533759e+02
7.27706812039642e+02
7.27706812039642e+02
7.79257869417787e+02
7.79257869417787e+02
2.37817570606605e+02
2.37817570606605e+02
4.20699701607372e+02
4.20699701607372e+02
1.15106399586615e+02
1.15106399586615e+02
1.10681892479450e+03
1.10681892479450e+03
1.01011538376983e+03
1.01011538376983e+03
8.89275133969736e+02
8.89275133969736e+02
9.72313920140456e+02
9.72313920140456e+02
6.84574337561306e+02
6.84574337561306e+02
4.98211504747755e+02
4.98211504747755e+02
6.62980780971994e+02
6.62980780971994e+02
3.09379980003841e+02
3.09379980003841e+02
1.08994182651572e+03
1.08994182651572e+03
1.07451664736917e+03
1.07451664736917e+03
9.54775884506113e+02
9.54775884506113e+02
8.41472256099581e+02
8.41472256099581e+02
8.67456349899505e+02
8.67456349899505e+02
7.58530820245161e+02
7.58530820245161e+02
6.46096012044975e+02
6.46096012044975e+02
5.31024989205374e+02
5.31024989205374e+02
1.19975675653286e+03
1.19975675653286e+03
1.04135149257762e+03
1.04135149257762e+03
8.72553837496276e+02
8.72553837496276e+02
7.89514998383759e+02
7.89514998383759e+02
7.51293585832409e+02
7.51293585832409e+02
5.10763679708524e+02
5.10763679708524e+02
1.02998928812595e+03
1.02998928812595e+03
8.92078828110251e+02
8.92078828110251e+02
8.02291533687750e+02
8.02291533687750e+02
6.79279797210165e+02
6.79279797210165e+02
7.48987992818483e+02
7.48987992818483e+02
4.87791556321290e+02
4.87791556321290e+02
7.54469255182152e+02
7.54469255182152e+02
6.07474918011583e+02
6.07474918011583e+02
1.71114788604159e+02
1.71114788604159e+02
2.03061126865940e+02
2.03061126865940e+02
9.37209537538996e+01
9.37209537538996e+01
9.45878173971935e+02
9.45878173971935e+02
7.42338096083533e+02
7.42338096083533e+02
7.39253629537285e+02
7.39253629537285e+02
6.59262550871516e+02
6.59262550871516e+02
7.19647702207122e+02
7.19647702207122e+02
5.21746628447154e+02
5.21746628447154e+02
6.18440888265577e+02
6.18440888265577e+02
4.40364402098911e+02
4.40364402098911e+02
5.35603079085304e+02
5.35603079085304e+02
3.23807654614514e+02
3.23807654614514e+02
3.86298596359368e+02
3.86298596359368e+02
3.55745438752904e+02
4.84903840449493e+02
5.11762981125244e+02
5.11762981125244e+02
1.83971958230771e+02
1.83971958230771e+02
1.62984268489962e+02
1.62984268489962e+02
2.60072247073846e+02
2.60072247073846e+02
4.09206611010304e+02
4.09206611010304e+02
4.15607959554465e+02
4.15607959554465e+02
7.58493679964916e+02
7.58493679964916e+02
7.53241165417506e+02
7.53241165417506e+02
2.85203835698382e+02
2.85203835698382e+02
2.32358575132357e+02
1.41198096566953e+02
1.41198096566953e+02
3.56170335770459e+02
3.56170335770459e+02
8.35559342006015e+02
8.35559342006015e+02
4.11287058656002e+02
4.11287058656002e+02
6.78778237033211e+02
5.44414461902196e+02
5.44414461902196e+02
2.97275500198753e+02
2.97275500198753e+02
2.06477080004129e+02
2.06477080004129e+02
2.94760044282507e+02
2.94760044282507e+02
3.23370649047099e+02
3.23370649047099e+02
1.32927781671608e+02
1.32927781671608e+02
4.41606826678128e+01
4.41606826678128e+01
1.72371922175641e+02
1.72371922175641e+02
5.49162688120386e+02
5.49162688120386e+02
3.39457050125507e+02
3.39457050125507e+02
5.15069235673010e+02
5.15069235673010e+02
4.65494668632473e+02
4.65494668632473e+02
5.15770181999927e+02
5.15770181999927e+02
3.52499725231083e+02
3.52499725231083e+02
2.63890316279349e+02
2.63890316279349e+02
3.76519972334041e+02
3.76519972334041e+02
1.02485281785365e+02
1.02485281785365e+02
5.65893517095115e+02
5.65893517095115e+02
7.84774175717759e+02
7.84774175717759e+02
5.28183691305450e+02
5.28183691305450e+02
6.40326614213332e+02
6.40326614213332e+02
5.71963338747057e+02
5.71963338747057e+02
5.84948902989378e+02
5.84948902989378e+02
5.59664922266451e+02
5.59664922266451e+02
3.43722337110127e+02
3.43722337110127e+02
2.11642841245180e+02
2.11642841245180e+02
7.66097553185613e+02
7.46256408828609e+02
6.31082899965761e+02
6.31082899965761e+02
6.42296084749261e+02
6.42296084749261e+02
6.38570278650131e+02
6.38570278650131e+02
4.63076104210711e+02
4.63076104210711e+02
6.94206729138892e+02
6.94206729138892e+02
5.69952571582772e+02
5.69952571582772e+02
5.89028317659222e+02
5.89028317659222e+02
4.38859323525031e+02
4.38859323525031e+02
4.36946116751175e+02
4.36946116751175e+02
6.09803383870576e+02
6.09803383870576e+02
3.27140329897772e+02
3.27140329897772e+02
2.49989409382541e+02
2.49989409382541e+02
2.53022605016450e+02
2.53022605016450e+02
4.51792625754518e+02
4.51792625754518e+02
2.63801658861012e+02
2.63801658861012e+02
6.01324379930626e+02
6.01324379930626e+02
5.26523821078293e+02
5.26523821078293e+02
5.19549197963354e+02
5.19549197963354e+02
5.52818628597426e+02
5.52818628597426e+02
4.34511930655377e+02
4.39059275205939e+02
4.25563405184774e+02
4.25563405184774e+02
6.36064872642097e+02
6.36064872642097e+02
4.67300893559033e+02
4.67300893559033e+02
3.04307826229611e+02
3.04307826229611e+02
4.71506680630255e+02
4.71506680630255e+02
4.78606677136753e+02
4.78606677136753e+02
1.59322685148266e+02
1.59322685148266e+02
1.42897333560019e+02
1.42897333560019e+02
3.45565705427687e+02
3.45565705427687e+02
1.13120455419059e+03
1.13120455419059e+03
7.08587994648520e+02
7.08587994648520e+02
2.32951683069821e+02
2.32951683069821e+02
2.59055396580651e+02
2.59055396580651e+02
2.35941232808842e+02
2.35941232808842e+02
2.02640456336176e+02
2.02640456336176e+02
3.26793978166320e+02
3.26793978166320e+02
5.49049214461307e+02
5.49049214461307e+02
3.21989796589733e+02
3.21989796589733e+02
2.65784473293163e+02
2.65784473293163e+02
2.25161695440597e+02
2.25161695440597e+02
4.43624201611413e+02
4.43624201611413e+02
3.33234655858247e+02
3.33234655858247e+02
4.98377683250041e+02
4.98377683250041e+02
6.37710351235270e+02
6.37710351235270e+02
4.26200256859927e+02
4.26200256859927e+02
3.51573378706311e+02
6.65587068427653e+02
6.65587068427653e+02
2.56547600255682e+02
2.56547600255682e+02
4.52591698959495e+01
4.52591698959495e+01
3.46716489025107e+02
3.46716489025107e+02
1.38370586352694e+03
1.38370586352694e+03
9.31189603250187e+02
9.31189603250187e+02
3.75157475049642e+02
3.75157475049642e+02
8.45554886844784e+01
8.45554886844784e+01
6.06181328635897e+02
6.06181328635897e+02
6.94119629146738e+02
6.94119629146738e+02
4.89694374199182e+02
4.89694374199182e+02
3.87586389085626e+02
3.87586389085626e+02
5.96877147116488e+02
5.96877147116488e+02
1.29885497690725e+02
1.29885497690725e+02
9.83975047032057e+02
9.83975047032057e+02
5.82224600430866e+02
5.82224600430866e+02
7.63778440873198e+02
7.63778440873198e+02
7.06800043147874e+02
7.06800043147874e+02
6.57720371388371e+02
6.57720371388371e+02
7.31749052111890e+02
7.31749052111890e+02
7.14561230978627e+02
7.14561230978627e+02
6.60605350319567e+02
6.60605350319567e+02
6.15973479392891e+02
6.15973479392891e+02
6.26817882895465e+02
6.26817882895465e+02
6.61500980638318e+02
6.61500980638318e+02
5.61268214543421e+02
5.61268214543421e+02
6.04489180613772e+02
6.04489180613772e+02
6.30638958666739e+02
6.30638958666739e+02
5.90573304442688e+02
5.90573304442688e+02
2.98996848707289e+02
2.98996848707289e+02
5.60892238954457e+02
5.60892238954457e+02
5.11598671040034e+02
5.11598671040034e+02
5.70115796132987e+02
5.70115796132987e+02
5.39734286001421e+02
5.39734286001421e+02
1.15519304850610e+02
1.15519304850610e+02
1.09160282817575e+02
1.09160282817575e+02
4.30149830158427e+02
4.30149830158427e+02
4.45063221263173e+02
4.45063221263173e+02
3.30916883266155e+02
3.30916883266155e+02
2.78401044046741e+02
2.78401044046741e+02
2.12946670096054e+02
2.12946670096054e+02
4.98776706707241e+02
4.98776706707241e+02
5.46944601224826e+02
5.46944601224826e+02
4.97649232466885e+02
4.97649232466885e+02
2.40187773594196e+02
2.40187773594196e+02
2.32710919485215e+02
2.32710919485215e+02
3.58201507923136e+02
3.58201507923136e+02
6.57552326202254e+02
6.57552326202254e+02
5.74956666685638e+02
5.74956666685638e+02
4.83858808878366e+02
4.83858808878366e+02
4.40782718224398e+02
4.40782718224398e+02
2.43623627047603e+02
2.43623627047603e+02
5.73203099537379e+01
5.73203099537379e+01
3.31010295491062e+02
3.31010295491062e+02
1.34033624545054e+03
1.34033624545054e+03
1.03304487877446e+03
1.03304487877446e+03
5.43058661966674e+02
5.43058661966674e+02
2.23909744445848e+02
2.23909744445848e+02
1.33064386022667e+03
1.33064386022667e+03
-5.06511646827731e+02
-5.06511646827731e+02
3.73456523413457e+02
3.73456523413457e+02
2.63349687677978e+02
2.63349687677978e+02
2.79062792455473e+02
2.79062792455473e+02
2.80203367322895e+02
2.80203367322895e+02
2.23747187003540e+02
2.23747187003540e+02
2.44911572395511e+02
2.44911572395511e+02
2.98682106395349e+02
2.98682106395349e+02
2.36215829318319e+02
2.36215829318319e+02
4.57293094981928e+02
4.57293094981928e+02
6.90198342902072e+02
6.90198342902072e+02
5.39867999085371e+02
5.39867999085371e+02
5.98964371506493e+02
5.98964371506493e+02
4.13221257588204e+02
4.13221257588204e+02
-2.54505130321561e+02
-2.54505130321561e+02
-1.45385575194252e+01
-1.45385575194252e+01
5.68214849829923e+02
2.66289201523147e+02
2.66289201523147e+02
5.91230086102801e+01
5.91230086102801e+01
-1.29775061795861e+02
-1.29775061795861e+02
-6.29535562397939e+01
-6.29535562397939e+01
-8.46478098090609e+02
-8.46478098090609e+02
9.84894260864049e+02
9.84894260864049e+02
6.90531706080789e+02
6.90531706080789e+02
5.49063994297919e+02
5.49063994297919e+02
9.63463687673864e+02
9.63463687673864e+02
-5.63560319738714e+01
-5.63560319738714e+01
5.68888069542737e+02
5.68888069542737e+02
2.95444921153105e+02
2.95444921153105e+02
7.66547737832246e+01
7.66547737832246e+01
4.59961958962592e+02
4.59961958962592e+02
5.88396696706661e+02
5.88396696706661e+02
5.60192532109968e+02
5.60192532109968e+02
6.27989259908804e+02
6.27989259908804e+02
6.77323304044296e+02
6.77323304044296e+02
4.59076027330346e+02
4.59076027330346e+02
2.60701420457788e+02
2.60701420457788e+02
3.06167975584817e+02
3.06167975584817e+02
5.60137985805697e+02
5.60137985805697e+02
5.12212147152968e+02
5.12212147152968e+02
4.62380811053415e+02
4.62380811053415e+02
4.69409602593160e+02
4.69409602593160e+02
5.43560653107219e+02
5.43560653107219e+02
4.65606336472623e+02
4.65606336472623e+02
3.59753095344692e+02
3.59753095344692e+02
5.04971458551685e+02
5.04971458551685e+02
4.49358162465781e+02
4.49358162465781e+02
4.84251743047791e+02
4.84251743047791e+02
5.84047641464288e+02
5.84047641464288e+02
3.20513547305330e+02
3.20513547305330e+02
-1.59537249377606e+03
-1.59537249377606e+03
8.27111164976236e+01
8.27111164976236e+01
1.73134581448386e+02
1.73134581448386e+02
2.37555904159910e+02
2.37555904159910e+02
2.43671833574128e+02
2.43671833574128e+02
2.71038877738027e+02
2.71038877738027e+02
2.84744926942424e+02
2.84744926942424e+02
4.68081920811521e+02
4.68081920811521e+02
5.01583568357068e+02
5.01583568357068e+02
5.64657440451534e+02
5.64657440451534e+02
3.57772364381786e+01
3.57772364381786e+01
2.27340472751272e+02
2.27340472751272e+02
5.61315168186494e+02
5.61315168186494e+02
5.84293262918436e+02
5.84293262918436e+02
5.93576704420204e+02
5.93576704420204e+02
6.97503196700404e+02
6.97503196700404e+02
3.34799212206674e+02
3.34799212206674e+02
1.02016306561407e+01
1.02016306561407e+01
1.55224295678784e+03
1.55224295678784e+03
7.87836354538512e+02
4.39791822322029e+02
4.39791822322029e+02
1.52260176595728e+02
1.52260176595728e+02
6.00960008017910e+02
6.00960008017910e+02
3.19293116306103e+02
3.19293116306103e+02
7.05231140013865e+01
7.05231140013865e+01
4.95059134017207e+01
4.95059134017207e+01
1.69056177925813e+02
1.69056177925813e+02
2.14795435214634e+02
2.14795435214634e+02
2.56817470719342e+02
2.56817470719342e+02
3.34636625962848e+02
3.34636625962848e+02
3.18431052412445e+02
3.18431052412445e+02
2.63276454699191e+02
2.63276454699191e+02
1.49879814344836e+02
1.49879814344836e+02
3.22043371862145e+02
3.22043371862145e+02
5.89058012301110e+02
5.89058012301110e+02
5.33307543455272e+02
5.33307543455272e+02
7.25344428176347e+02
7.25344428176347e+02
6.42825372265448e+02
6.42825372265448e+02
3.04445282725096e+02
3.04445282725096e+02
3.40786727408035e+02
3.40786727408035e+02
1.36865100530290e+02
1.36865100530290e+02
2.89800638735379e+01
2.89800638735379e+01
2.01717320271289e+00
2.01717320271289e+00
-4.25570586647688e+01
-4.25570586647688e+01
-3.06441415386446e+01
-3.06441415386446e+01
-6.20632065898425e+00
-6.20632065898425e+00
1.39756638609490e+02
1.39756638609490e+02
2.88448936111576e+02
2.88448936111576e+02
2.34292510354118e+02
2.34292510354118e+02
3.74003560634519e+02
3.74003560634519e+02
5.90375310372245e+01
5.90375310372245e+01
2.67432676968480e+02
2.67432676968480e+02
1.11442922350521e+02
1.11442922350521e+02
2.57062744506499e+01
2.57062744506499e+01
5.30756582122426e+00
5.30756582122426e+00
3.01226519153594e+02
3.01226519153594e+02
2.88027396943456e+02
2.88027396943456e+02
3.33027150535071e+02
3.33027150535071e+02
3.46540777152933e+02
3.46540777152933e+02
3.48846631946630e+02
3.48846631946630e+02
3.51752294868403e+02
3.51752294868403e+02
2.18024846507676e+02
2.18024846507676e+02
1.02280871923434e+02
1.02280871923434e+02
3.67466556750259e+02
3.67466556750259e+02
3.68264176915891e+02
3.68264176915891e+02
3.26067866613223e+02
3.26067866613223e+02
3.66098917116533e+02
3.66098917116533e+02
4.32817207895084e+02
4.32817207895084e+02
4.08707825797655e+02
4.08707825797655e+02
2.37881224096762e+02
2.37881224096762e+02
3.75652225116676e+02
3.75652225116676e+02
3.48499605851794e+02
3.48499605851794e+02
3.64363910626149e+02
3.64363910626149e+02
4.20936242786951e+02
4.20936242786951e+02
3.38259206481202e+02
3.38259206481202e+02
1.16302777719359e+02
1.16302777719359e+02
1.41084586141786e+02
1.41084586141786e+02
2.07289398375655e+02
2.07289398375655e+02
3.49975732218099e+02
3.49975732218099e+02
3.90986038923895e+02
3.90986038923895e+02
3.03366312245884e+02
3.03366312245884e+02
2.41728140441043e+02
2.41728140441043e+02
3.79161269236327e+02
3.79161269236327e+02
3.40806076451606e+02
3.40806076451606e+02
4.00022596448976e+02
4.00022596448976e+02
3.13583156269779e+02
3.13583156269779e+02
1.26588236536133e+02
1.26588236536133e+02
3.84908874417163e+02
3.84908874417163e+02
4.80400063661108e+02
4.80400063661108e+02
5.78356001395005e+02
5.78356001395005e+02
8.42232783245123e+02
8.42232783245123e+02
5.17992904939633e+02
5.17992904939633e+02
3.58452144449821e+02
3.58452144449821e+02
2.39212854372124e+02
2.39212854372124e+02
1.20102349645793e+02
1.20102349645793e+02
4.47951220941955e+01
4.47951220941955e+01
1.53439068346478e+02
1.53439068346478e+02
1.00020090104659e+02
1.00020090104659e+02
2.15381189552924e+01
2.15381189552924e+01
1.65918338217796e+02
1.65918338217796e+02
7.75994901047087e+01
7.75994901047087e+01
2.45368985807905e+02
2.45368985807905e+02
2.30009561936189e+02
2.30009561936189e+02
4.13697770335923e+02
4.13697770335923e+02
4.99461277805555e+02
4.99461277805555e+02
4.10862368602700e+02
4.10862368602700e+02
2.83797492702085e+02
2.83797492702085e+02
2.63176662838842e+02
2.63176662838842e+02
2.66894390335410e+02
2.66894390335410e+02
5.46881764015173e+02
5.46881764015173e+02
5.00308927989010e+02
5.00308927989010e+02
7.63207209521144e+02
7.63207209521144e+02
8.08702759129137e+02
8.08702759129137e+02
4.52478350161183e+02
4.52478350161183e+02
4.03011957681287e+02
1.55806674663423e+02
1.55806674663423e+02
6.17594835116257e+01
6.17594835116257e+01
2.26926302245666e+02
2.26926302245666e+02
1.55582968732689e+02
1.55582968732689e+02
3.53365565000648e+01
3.53365565000648e+01
1.32259024909100e+02
1.32259024909100e+02
3.12650429065389e+01
3.12650429065389e+01
2.99571273441114e+02
2.99571273441114e+02
2.77221014897082e+02
2.77221014897082e+02
5.02929942119115e+02
5.02929942119115e+02
2.61035834090244e+01
2.61035834090244e+01
4.01331312032752e+02
4.01331312032752e+02
2.50255696968982e+02
2.50255696968982e+02
1.91477584777446e+02
1.91477584777446e+02
9.84018992649421e+01
9.84018992649421e+01
5.90740030124662e+01
5.90740030124662e+01
3.71504743233304e+02
3.71504743233304e+02
3.64358825940898e+02
3.64358825940898e+02
4.28474860077817e+02
4.28474860077817e+02
4.96220877346528e+02
4.96220877346528e+02
3.77213845043005e+02
3.77213845043005e+02
2.83026383160132e+02
2.83026383160132e+02
4.09733249909696e+02
4.09733249909696e+02
1.71199225486093e+02
1.71199225486093e+02
3.66501211791787e+02
3.66501211791787e+02
3.22603044184642e+02
3.22603044184642e+02
3.67031873888576e+02
3.67031873888576e+02
4.23335603769532e+02
4.23335603769532e+02
4.73407265925978e+02
4.73407265925978e+02
3.17978275663168e+02
3.17978275663168e+02
3.53159892618868e+02
3.53159892618868e+02
3.78338756468049e+02
3.78338756468049e+02
3.38011924216516e+02
3.38011924216516e+02
4.13834491238268e+02
4.13834491238268e+02
4.42304274394298e+02
4.42304274394298e+02
4.20761823874949e+02
4.20761823874949e+02
2.15660367508322e+02
2.15660367508322e+02
3.61571805676353e+02
3.61571805676353e+02
4.86962941978139e+02
4.86962941978139e+02
4.49571348150392e+02
4.49571348150392e+02
3.36471059816302e+02
3.36471059816302e+02
2.79176591193365e+02
2.79176591193365e+02
4.09637910156957e+02
4.09637910156957e+02
3.66867181096268e+02
3.66867181096268e+02
5.11021933678195e+02
5.11021933678195e+02
4.83021189828655e+02
4.83021189828655e+02
3.81362152644869e+02
3.81362152644869e+02
4.53914696023401e+02
4.53914696023401e+02
5.21602431884034e+02
5.21602431884034e+02
8.41510399031144e+02
8.41510399031144e+02
5.98375133159662e+02
5.98375133159662e+02
4.45444016048985e+02
4.45444016048985e+02
4.26568614316752e+02
4.26568614316752e+02
9.24586304555477e+01
9.24586304555477e+01
3.44173852979170e+02
3.44173852979170e+02
2.45217893832933e+02
2.45217893832933e+02
5.96364478917881e+01
5.96364478917881e+01
1.50677827810037e+02
1.50677827810037e+02
5.43240250275909e+00
5.43240250275909e+00
2.75338621437470e+02
2.75338621437470e+02
2.29344806025239e+02
2.29344806025239e+02
2.77950583967316e+02
2.77950583967316e+02
3.82238738166848e+02
3.82238738166848e+02
4.03914102737564e+02
4.03914102737564e+02
3.47830495606157e+02
3.47830495606157e+02
3.23271196563096e+02
3.23271196563096e+02
2.93726660676653e+02
2.93726660676653e+02
3.60157429378426e+02
3.60157429378426e+02
3.58783139624908e+02
3.58783139624908e+02
6.01246233461931e+02
6.01246233461931e+02
7.37667941588786e+02
7.37667941588786e+02
4.69446433589149e+02
4.69446433589149e+02
4.26996749045151e+02
4.26996749045151e+02
3.85410614588947e+02
3.85410614588947e+02
5.56009477337333e+02
5.56009477337333e+02
4.05778587150013e+02
4.05778587150013e+02
1.01596470090468e+02
1.01596470090468e+02
2.49304952881031e+02
2.49304952881031e+02
2.48517184821115e+01
2.48517184821115e+01
5.30689421145374e+02
5.30689421145374e+02
2.82583286306923e+02
2.82583286306923e+02
2.56793853589816e+02
2.56793853589816e+02
8.98335641514503e+02
8.98335641514503e+02
5.97866474706285e+01
5.97866474706285e+01
7.98759881919712e+02
7.98759881919712e+02
5.22483865149489e+02
5.22483865149489e+02
4.10876110649254e+02
4.10876110649254e+02
2.46105188849599e+02
2.46105188849599e+02
1.24405136644808e+02
1.24405136644808e+02
3.92459559819061e+02
3.92459559819061e+02
3.95326208792415e+02
3.95326208792415e+02
4.78424723636015e+02
4.78424723636015e+02
5.32789472233990e+02
5.32789472233990e+02
5.86965622435945e+02
5.86965622435945e+02
6.77428600478096e+02
6.77428600478096e+02
4.96656075541334e+02
4.96656075541334e+02
4.49465746485260e+02
4.49465746485260e+02
1.67063607612418e+02
1.67063607612418e+02
4.37920457175059e+02
4.37920457175059e+02
4.07069045305785e+02
4.07069045305785e+02
3.77135753483905e+02
3.77135753483905e+02
4.00538155486938e+02
4.00538155486938e+02
5.09028619383469e+02
5.09028619383469e+02
5.19321001360692e+02
5.19321001360692e+02
5.78238067166239e+02
5.78238067166239e+02
3.45205907389875e+02
3.45205907389875e+02
4.21226230458481e+02
4.21226230458481e+02
4.10452943265122e+02
4.10452943265122e+02
5.34627396048798e+02
5.34627396048798e+02
6.87739898931870e+02
6.87739898931870e+02
5.07173561713641e+02
5.07173561713641e+02
2.53928014171606e+02
2.53928014171606e+02
2.87592781168802e+02
2.87592781168802e+02
2.95230198285193e+02
2.95230198285193e+02
3.24316925468550e+02
3.24316925468550e+02
3.62389614209683e+02
3.62389614209683e+02
3.47872395977073e+02
3.47872395977073e+02
4.33856210310253e+02
4.33856210310253e+02
4.32864894493099e+02
4.32864894493099e+02
6.07673765933460e+02
6.07673765933460e+02
6.31152481666934e+02
6.31152481666934e+02
4.99845523829658e+02
4.99845523829658e+02
1.29700448571187e+02
1.29700448571187e+02
3.11111584022912e+02
3.11111584022912e+02
5.29134747759792e+01
5.29134747759792e+01
7.46467656261867e+02
7.46467656261867e+02
3.59499119807804e+02
3.59499119807804e+02
2.55034350814951e+02
2.55034350814951e+02
2.05764107191491e+02
2.05764107191491e+02
1.99684270217611e+02
1.99684270217611e+02
2.27489704395854e+02
2.27489704395854e+02
2.87230741941439e+02
2.87230741941439e+02
3.89238161770487e+02
3.89238161770487e+02
4.62707332481652e+02
4.62707332481652e+02
4.28075037478177e+02
4.28075037478177e+02
2.20350880552041e+02
2.20350880552041e+02
1.26713677288231e+02
1.26713677288231e+02
2.91337232700399e+02
2.91337232700399e+02
6.01911917747043e+01
6.01911917747043e+01
7.67415087549696e+02
7.67415087549696e+02
3.62132247763268e+02
3.62132247763268e+02
2.57691958684412e+02
2.57691958684412e+02
1.68827132806473e+02
1.68827132806473e+02
2.26737766936380e+02
2.26737766936380e+02
6.81635252470168e+01
6.81635252470168e+01
7.73828794882008e+02
7.73828794882008e+02
5.12534453819736e+02
5.12534453819736e+02
3.98537271890015e+02
3.98537271890015e+02
2.58223318619567e+02
2.58223318619567e+02
1.43649807728729e+02
1.43649807728729e+02
4.85386460640579e+02
4.85386460640579e+02
1.89954843339651e+02
1.89954843339651e+02
3.81334261928982e+02
3.81334261928982e+02
4.62572862492150e+02
4.62572862492150e+02
5.61540945067058e+02
5.61540945067058e+02
4.50171451240709e+02
4.50171451240709e+02
3.85211079165947e+02
3.85211079165947e+02
6.27795951875305e+02
6.27795951875305e+02
3.10976363047340e+02
3.10976363047340e+02
3.81876573201000e+02
3.81876573201000e+02
4.17545747440474e+02
4.17545747440474e+02
4.30213004937635e+02
4.30213004937635e+02
3.96334857448190e+02
3.96334857448190e+02
4.70688716481832e+02
4.70688716481832e+02
6.20272170021055e+02
6.20272170021055e+02
6.88924493641986e+02
6.88924493641986e+02
5.99450366404581e+02
5.99450366404581e+02
2.49036929012411e+02
2.49036929012411e+02
4.33693100853529e+02
4.33693100853529e+02
3.97033420181140e+02
3.97033420181140e+02
4.51156083710755e+02
4.51156083710755e+02
6.26053120132955e+02
6.26053120132955e+02
5.15357786073151e+02
5.15357786073151e+02
5.08442277731470e+02
5.08442277731470e+02
1.82683440762506e+02
1.82683440762506e+02
2.36904304891618e+02
2.36904304891618e+02
3.57463325323661e+02
3.57463325323661e+02
5.03902809088015e+02
5.03902809088015e+02
5.40940036190990e+02
5.40940036190990e+02
3.51684600961894e+02
3.51684600961894e+02
2.10200683389748e+02
2.10200683389748e+02
3.83361239541127e+02
3.83361239541127e+02
4.72764440352961e+02
4.72764440352961e+02
6.02669636070105e+02
6.02669636070105e+02
6.37835430013650e+02
6.37835430013650e+02
2.35348831024804e+02
2.35348831024804e+02
5.29848626159385e+01
5.29848626159385e+01
6.70954176308519e+02
6.70954176308519e+02
3.16399419886513e+02
3.16399419886513e+02
2.34866783013983e+02
2.34866783013983e+02
1.62066740914756e+02
1.62066740914756e+02
1.77536402240312e+02
1.77536402240312e+02
2.65426282713368e+02
2.65426282713368e+02
1.98484030145248e+02
1.98484030145248e+02
2.83911685366406e+02
2.83911685366406e+02
4.54217288200627e+02
4.54217288200627e+02
5.60837029990429e+02
5.60837029990429e+02
4.41316179267933e+02
4.41316179267933e+02
2.95818425525078e+02
2.95818425525078e+02
2.33774018992757e+02
2.33774018992757e+02
4.68218977343005e+01
4.68218977343005e+01
6.40236789922471e+02
6.40236789922471e+02
2.98539486754869e+02
2.98539486754869e+02
2.28411870136967e+02
2.28411870136967e+02
1.68392216782859e+02
1.68392216782859e+02
1.83017328567264e+02
1.83017328567264e+02
2.06788977083912e+02
2.06788977083912e+02
2.39523993218221e+02
2.39523993218221e+02
8.14037001576287e+02
8.14037001576287e+02
5.31627861769892e+02
5.31627861769892e+02
3.92077758427159e+02
3.92077758427159e+02
2.63714132891234e+02
2.63714132891234e+02
1.27479631620350e+02
1.27479631620350e+02
4.81232443698694e+02
4.81232443698694e+02
2.12189615923386e+02
2.12189615923386e+02
2.14629610481571e+02
2.14629610481571e+02
5.22727047100971e+02
5.22727047100971e+02
5.98875870671165e+02
5.98875870671165e+02
6.83766661552478e+02
6.83766661552478e+02
8.02720898299027e+02
8.02720898299027e+02
6.63892731663062e+02
6.63892731663062e+02
5.75987434081368e+02
5.75987434081368e+02
2.27334359238959e+02
2.27334359238959e+02
3.46183540734158e+02
3.46183540734158e+02
4.45447754731124e+02
4.45447754731124e+02
3.99118563701211e+02
3.99118563701211e+02
4.65662198204361e+02
4.65662198204361e+02
5.63242051280824e+02
5.63242051280824e+02
6.92166542626912e+02
6.92166542626912e+02
5.53728530189471e+02
5.53728530189471e+02
7.36082689571875e+02
7.36082689571875e+02
4.57264578488976e+02
4.57264578488976e+02
4.39349286951691e+02
4.39349286951691e+02
4.29278089314347e+02
4.29278089314347e+02
4.87229727582170e+02
4.87229727582170e+02
6.72135437001151e+02
6.72135437001151e+02
7.80147820304131e+02
7.80147820304131e+02
3.76107751774500e+02
3.76107751774500e+02
2.24220663722560e+02
2.24220663722560e+02
3.47927611686747e+02
3.47927611686747e+02
4.85894451646765e+02
4.85894451646765e+02
4.62653177564785e+02
4.62653177564785e+02
3.60461016327796e+02
3.60461016327796e+02
2.96820654624841e+02
2.96820654624841e+02
2.81146305826580e+02
2.81146305826580e+02
4.25331513981478e+02
4.25331513981478e+02
5.11769980529619e+02
5.11769980529619e+02
7.81596580385703e+02
7.81596580385703e+02
5.76353644874156e+02
5.76353644874156e+02
8.12961433033587e+02
8.12961433033587e+02
3.74553080631098e+02
3.74553080631098e+02
2.92024325703554e+02
2.92024325703554e+02
2.26469044899848e+02
2.26469044899848e+02
2.50503912154324e+02
2.50503912154324e+02
2.48626550459977e+02
2.48626550459977e+02
2.07747850727899e+02
2.07747850727899e+02
2.24873079388981e+02
2.24873079388981e+02
2.64302814846873e+02
2.64302814846873e+02
3.56085146523844e+02
3.56085146523844e+02
4.07675708360345e+02
4.07675708360345e+02
3.80462938167024e+02
3.80462938167024e+02
3.65854521572712e+02
3.65854521572712e+02
3.75727954184083e+02
3.75727954184083e+02
3.77994129687549e+02
5.08586618608187e+02
5.08586618608187e+02
4.01727752474256e+02
4.01727752474256e+02
3.23610857790886e+02
3.23610857790886e+02
3.67272822883156e+02
3.67272822883156e+02
3.58561249887505e+02
3.58561249887505e+02
2.77527304727090e+02
2.77527304727090e+02
2.12528193540272e+02
2.12528193540272e+02
2.54194166081771e+02
2.54194166081771e+02
9.16118195762636e+02
9.16118195762636e+02
6.53175672681944e+02
6.53175672681944e+02
4.53313967713180e+02
4.53313967713180e+02
2.20027713099313e+02
2.20027713099313e+02
8.07829378411548e+02
8.07829378411548e+02
3.79359279611904e+02
3.79359279611904e+02
3.91275499886597e+02
3.91275499886597e+02
2.43550359703180e+02
2.43550359703180e+02
6.71405468065443e+02
6.71405468065443e+02
8.44338663725602e+02
8.44338663725602e+02
7.03829825516579e+02
7.03829825516579e+02
6.57619598773890e+02
6.57619598773890e+02
1.11316823193195e+03
1.11316823193195e+03
5.32741184254314e+02
5.32741184254314e+02
6.05693522525331e+02
6.05693522525331e+02
4.07435386423279e+02
4.07435386423279e+02
4.70031097408885e+02
4.70031097408885e+02
4.44860780019532e+02
4.44860780019532e+02
4.87474012722433e+02
4.87474012722433e+02
6.57203658444779e+02
6.57203658444779e+02
7.34116853632870e+02
7.34116853632870e+02
9.57775438190929e+02
9.57775438190929e+02
6.17268947087324e+02
6.17268947087324e+02
4.87136206181281e+02
4.87136206181281e+02
4.54711363686712e+02
4.54711363686712e+02
4.24820727920373e+02
4.24820727920373e+02
5.64485839797047e+02
5.64485839797047e+02
7.14364876579269e+02
7.14364876579269e+02
9.40880122630606e+02
9.40880122630606e+02
5.87536935240436e+02
5.87536935240436e+02
2.33245665599892e+02
2.33245665599892e+02
3.00821137836730e+02
3.00821137836730e+02
3.34171027180595e+02
3.34171027180595e+02
3.80850046047543e+02
3.80850046047543e+02
4.28768871372750e+02
4.28768871372750e+02
4.01200802918468e+02
4.01200802918468e+02
3.88665690488198e+02
3.88665690488198e+02
4.86305858101860e+02
4.86305858101860e+02
4.72162408324861e+02
4.72162408324861e+02
6.47242768700331e+02
6.47242768700331e+02
7.52432946550736e+02
7.52432946550736e+02
6.11654556730397e+02
6.11654556730397e+02
4.66026974418148e+02
4.66026974418148e+02
3.85546500197002e+02
3.85546500197002e+02
4.45754058760714e+02
4.45754058760714e+02
4.38178690663678e+02
4.38178690663678e+02
3.38233797240481e+02
3.38233797240481e+02
2.36827801733858e+02
2.36827801733858e+02
2.07423916557277e+02
2.07423916557277e+02
1.96933651391241e+02
1.96933651391241e+02
1.95727716911917e+02
1.95727716911917e+02
2.58089741188980e+02
2.58089741188980e+02
3.52134210309973e+02
3.52134210309973e+02
4.34968918382058e+02
4.34968918382058e+02
4.31096174855116e+02
4.31096174855116e+02
4.34934153638193e+02
4.34934153638193e+02
3.60909939707526e+02
3.60909939707526e+02
3.95754115423146e+02
3.95754115423146e+02
4.70444001529133e+02
4.70444001529133e+02
4.75960195651850e+02
4.75960195651850e+02
3.79830657815902e+02
3.79830657815902e+02
2.70571801302576e+02
2.70571801302576e+02
2.27056130415006e+02
2.27056130415006e+02
1.90061167295788e+02
1.90061167295788e+02
1.75129128120532e+02
1.75129128120532e+02
6.39190021160165e+02
6.39190021160165e+02
4.57065572676933e+02
4.57065572676933e+02
2.45216038932189e+02
2.45216038932189e+02
8.31978769704118e+02
8.31978769704118e+02
4.14251115297551e+02
4.14251115297551e+02
4.71710436613254e+02
4.71710436613254e+02
3.16809746215942e+02
3.16809746215942e+02
2.08033234307676e+02
2.08033234307676e+02
6.33159998781362e+02
6.33159998781362e+02
7.56123205328175e+02
7.56123205328175e+02
9.30777990350962e+02
9.30777990350962e+02
8.43378522959911e+02
8.43378522959911e+02
7.44463038702996e+02
7.44463038702996e+02
3.34691827313150e+02
3.34691827313150e+02
5.61894952595495e+02
5.61894952595495e+02
3.94847007124046e+02
3.94847007124046e+02
4.20026438100594e+02
4.20026438100594e+02
3.98545413776963e+02
3.98545413776963e+02
4.95705430478343e+02
4.95705430478343e+02
7.02082411149764e+02
7.02082411149764e+02
8.56169233833157e+02
8.56169233833157e+02
8.76132616641363e+02
8.76132616641363e+02
4.07928534683825e+02
4.07928534683825e+02
5.44366235219690e+02
5.44366235219690e+02
4.53365041483092e+02
4.53365041483092e+02
4.61870058120645e+02
4.61870058120645e+02
6.57354509633992e+02
6.57354509633992e+02
9.78127017853891e+02
9.78127017853891e+02
9.01627268456571e+02
9.01627268456571e+02
5.58115509334624e+02
5.58115509334624e+02
1.77894305457528e+02
1.77894305457528e+02
3.10750349162697e+02
3.10750349162697e+02
4.14639500959799e+02
4.14639500959799e+02
4.29405311157392e+02
4.29405311157392e+02
4.05698146873307e+02
4.05698146873307e+02
4.08266381193897e+02
4.08266381193897e+02
5.09722462239029e+02
5.09722462239029e+02
4.59697524099493e+02
4.59697524099493e+02
4.76048540997761e+02
4.76048540997761e+02
3.90514100763065e+02
3.90514100763065e+02
2.85007793948295e+02
2.85007793948295e+02
2.45328151015942e+02
2.45328151015942e+02
2.16145865554489e+02
2.16145865554489e+02
1.92231918635749e+02
1.92231918635749e+02
1.63480306125865e+02
1.63480306125865e+02
5.23552755732979e+02
5.23552755732979e+02
4.42819759078552e+02
4.42819759078552e+02
3.34229896684590e+02
3.34229896684590e+02
3.00851576627627e+02
3.00851576627627e+02
2.86886073718086e+02
2.86886073718086e+02
2.82037848475898e+02
2.82037848475898e+02
2.74995083653870e+02
2.74995083653870e+02
1.51711225793945e+02
1.51711225793945e+02
4.49413768902366e+02
4.49413768902366e+02
2.60867431158308e+02
2.60867431158308e+02
8.40576945508802e+02
8.40576945508802e+02
4.42282162318656e+02
4.42282162318656e+02
5.48513410404954e+02
5.48513410404954e+02
4.13478215852130e+02
4.13478215852130e+02
3.24055734407808e+02
3.24055734407808e+02
3.08377383873977e+02
3.08377383873977e+02
7.13794079570457e+02
7.13794079570457e+02
6.21752969133961e+02
6.21752969133961e+02
6.23848423185035e+02
6.23848423185035e+02
1.10348938774369e+03
1.10348938774369e+03
5.30324947279453e+02
5.30324947279453e+02
6.24263364223125e+02
6.24263364223125e+02
5.25614828161727e+02
5.25614828161727e+02
3.78102779304529e+02
3.78102779304529e+02
4.16277217464991e+02
4.16277217464991e+02
5.00802584895516e+02
5.00802584895516e+02
6.35773169355078e+02
6.35773169355078e+02
8.43815479651099e+02
8.43815479651099e+02
7.63970840057108e+02
7.63970840057108e+02
1.10594173770043e+03
1.10594173770043e+03
6.79649353146308e+02
6.79649353146308e+02
5.49666179530365e+02
5.49666179530365e+02
5.37063314240813e+02
5.37063314240813e+02
4.13080459661960e+02
4.13080459661960e+02
3.80282800626746e+02
3.80282800626746e+02
3.78161008835097e+02
3.78161008835097e+02
3.86507773105568e+02
3.86507773105568e+02
3.80445393658576e+02
3.80445393658576e+02
2.31162959024438e+02
2.31162959024438e+02
1.65642064810615e+02
1.65642064810615e+02
4.41916036554623e+02
4.41916036554623e+02
4.14015505547085e+02
4.14015505547085e+02
4.24985742656355e+02
4.24985742656355e+02
4.47897912082714e+02
4.47897912082714e+02
4.44901507012367e+02
4.44901507012367e+02
2.85838151668520e+02
2.85838151668520e+02
2.02004572214734e+02
2.02004572214734e+02
1.99859330682244e+02
1.99859330682244e+02
2.79898673941861e+02
2.79898673941861e+02
8.76872271581234e+02
8.76872271581234e+02
4.74899218249217e+02
4.74899218249217e+02
6.21341254359099e+02
6.21341254359099e+02
4.99863578628623e+02
4.99863578628623e+02
4.28166130093548e+02
4.28166130093548e+02
4.57568940530731e+02
4.57568940530731e+02
2.34298675076575e+02
2.34298675076575e+02
1.00401272631178e+03
1.00401272631178e+03
1.27052862500088e+03
1.27052862500088e+03
1.22551827408369e+03
1.22551827408369e+03
1.05809210534463e+03
1.05809210534463e+03
4.86587673623609e+02
4.86587673623609e+02
7.88044408353921e+02
7.88044408353921e+02
6.86976100563640e+02
6.86976100563640e+02
5.43561223829090e+02
5.43561223829090e+02
4.27828197911744e+02
4.27828197911744e+02
4.47759536958384e+02
4.47759536958384e+02
4.79948360755271e+02
4.79948360755271e+02
4.76151481082999e+02
4.76151481082999e+02
3.15571677291184e+02
3.15571677291184e+02
2.23128481019713e+02
2.23128481019713e+02
2.00648680620155e+02
2.00648680620155e+02
2.30684516787417e+02
2.30684516787417e+02
6.21922119541816e+02
6.21922119541816e+02
6.71333299320154e+02
6.71333299320154e+02
6.57712204828357e+02
6.57712204828357e+02
4.39624505743226e+02
4.39624505743226e+02
3.05539889941972e+02
3.05539889941972e+02
2.61407535103189e+02
2.61407535103189e+02
2.92147604521679e+02
2.92147604521679e+02
3.64479835467232e+02
3.64479835467232e+02
1.52649718082983e+03
1.52649718082983e+03
8.21248233738986e+02
8.21248233738986e+02
1.09061530523195e+03
1.09061530523195e+03
8.89679163620596e+02
8.89679163620596e+02
7.71552247439745e+02
7.71552247439745e+02
8.25786704729827e+02
8.25786704729827e+02
4.25508784665975e+02
4.25508784665975e+02
3.10878243306801e+02
3.10878243306801e+02
1.11034706204772e+03
1.11034706204772e+03
1.05802513792547e+03
1.05802513792547e+03
6.97770750699850e+02
6.97770750699850e+02
4.62769346494938e+02
4.62769346494938e+02
3.69060690463845e+02
3.69060690463845e+02
3.79301595388874e+02
3.79301595388874e+02
3.59122044310039e+02
3.59122044310039e+02
3.60840264054394e+02
3.60840264054394e+02
1.10396585218851e+03
1.10396585218851e+03
7.47407848105922e+02
7.47407848105922e+02
5.09940938516879e+02
5.09940938516879e+02
4.20808118475291e+02
4.20808118475291e+02
4.53988175820776e+02
4.53988175820776e+02
4.40482143343174e+02
4.40482143343174e+02
4.82256909555680e+02
4.82256909555680e+02
3.36476209398009e+02
3.36476209398009e+02
