3.07771588403999e+02
3.07771588403999e+02
2.73028680280962e+02
2.73028680280962e+02
2.84958482138180e+02
2.84958482138180e+02
2.69188525302520e+02
2.69188525302520e+02
2.46402870292851e+02
2.46402870292851e+02
2.48625039804622e+02
2.48625039804622e+02
2.84972117449977e+02
2.84972117449977e+02
2.85383390547315e+02
2.85383390547315e+02
3.46676492110009e+02
3.46676492110009e+02
3.72093072785371e+02
3.72093072785371e+02
4.39931134144589e+02
4.39931134144589e+02
4.13065992352644e+02
4.13065992352644e+02
2.83796967233692e+02
2.83796967233692e+02
3.29531384103369e+02
3.29531384103369e+02
3.58896689059869e+02
3.58896689059869e+02
5.09481702878730e+02
5.09481702878730e+02
5.09761523973734e+02
5.09761523973734e+02
7.98458938660210e+02
7.98458938660210e+02
1.11352855256754e+03
1.18305950329746e+03
1.18305950329746e+03
4.02782089584572e+02
4.02782089584572e+02
4.19589710039367e+02
4.19589710039367e+02
4.99421337056913e+02
4.99421337056913e+02
7.74202515190540e+02
7.74202515190540e+02
1.07181091099823e+03
1.07181091099823e+03
1.51487399460463e+03
1.51487399460463e+03
5.80811634320915e+02
5.80811634320915e+02
4.02785396868779e+02
4.02785396868779e+02
4.20619103161544e+02
4.20619103161544e+02
5.07731665782850e+02
5.07731665782850e+02
8.23972937150410e+02
8.23972937150410e+02
1.28590451624399e+03
1.28590451624399e+03
2.17053867220267e+03
2.17053867220267e+03
1.00877171141741e+03
1.00877171141741e+03
6.01499605720156e+02
6.01499605720156e+02
4.02470396473495e+02
4.02470396473495e+02
4.19983288256480e+02
4.19983288256480e+02
1.43783354221694e+03
2.72484221084240e+03
1.37740127496295e+03
8.35902137262568e+02
8.35902137262568e+02
7.51509075431685e+02
7.51509075431685e+02
2.77873413306585e+02
2.77873413306585e+02
2.73562580142190e+02
2.73562580142190e+02
2.64295285067015e+02
2.64295285067015e+02
2.64417342546679e+02
2.64417342546679e+02
2.53112698661732e+02
2.53112698661732e+02
1.97974185768846e+02
1.97974185768846e+02
3.34770540907896e+02
3.34770540907896e+02
2.79279958962807e+02
2.79279958962807e+02
3.67162666661048e+02
3.67162666661048e+02
3.33778516445542e+02
3.33778516445542e+02
4.34129031867649e+02
4.34129031867649e+02
3.97772792751298e+02
3.97772792751298e+02
3.19171042236440e+02
3.19171042236440e+02
3.82096800759692e+02
3.82096800759692e+02
3.54303907270686e+02
3.54303907270686e+02
4.63716537383054e+02
4.63716537383054e+02
5.07361296663807e+02
5.07361296663807e+02
7.26924034791355e+02
7.26924034791355e+02
8.78298877402937e+02
8.78298877402937e+02
9.54408014303601e+02
9.54408014303601e+02
9.37294104311025e+02
9.37294104311025e+02
3.08893876741265e+02
3.08893876741265e+02
2.90086352242155e+02
2.90086352242155e+02
2.60204747163855e+02
2.60204747163855e+02
2.67088132005148e+02
2.67088132005148e+02
2.83833266260994e+02
2.83833266260994e+02
1.76795130697892e+02
1.76795130697892e+02
3.17911257663066e+02
3.17911257663066e+02
3.80439511194188e+02
3.80439511194188e+02
2.73404944194418e+02
2.73404944194418e+02
3.35368610106637e+02
3.35368610106637e+02
4.20261812139922e+02
4.20261812139922e+02
4.40114402665446e+02
4.40114402665446e+02
3.35912484415333e+02
3.35912484415333e+02
3.12828643237847e+02
3.12828643237847e+02
5.72129365181008e+02
5.72129365181008e+02
3.53797976787591e+02
3.53797976787591e+02
4.28606166473638e+02
4.28606166473638e+02
5.33035169382785e+02
5.33035169382785e+02
6.40231228850521e+02
6.40231228850521e+02
8.35196244635982e+02
8.35196244635982e+02
8.93840912874819e+02
8.93840912874819e+02
8.02308514195676e+02
8.02308514195676e+02
3.68878627263427e+02
3.68878627263427e+02
4.09541350061723e+02
4.09541350061723e+02
5.53824652946744e+02
5.53824652946744e+02
9.67979456873945e+02
9.67979456873945e+02
1.38432684388095e+03
1.38432684388095e+03
1.45187060693585e+03
1.45187060693585e+03
4.29242012930151e+02
4.29242012930151e+02
3.68515824189321e+02
3.68515824189321e+02
4.09745125890067e+02
4.09745125890067e+02
5.60815392398348e+02
5.60815392398348e+02
1.03347528914969e+03
1.03347528914969e+03
1.65397349369232e+03
1.65397349369232e+03
2.05701432815232e+03
2.05701432815232e+03
7.18858141139578e+02
7.18858141139578e+02
6.76953749747263e+02
6.76953749747263e+02
3.68321261922078e+02
3.68321261922078e+02
4.10049210935817e+02
4.10049210935817e+02
5.65754165412707e+02
5.65754165412707e+02
1.08342122164281e+03
1.89068332794393e+03
2.65695084122337e+03
1.01045993090767e+03
1.00215880683604e+03
1.00215880683604e+03
9.07872400906913e+02
9.07872400906913e+02
2.71024054691750e+02
2.71024054691750e+02
3.15547965495150e+02
3.15547965495150e+02
2.69920023207968e+02
2.69920023207968e+02
2.49391314595829e+02
2.49391314595829e+02
2.90410850433770e+02
2.90410850433770e+02
1.80091439246145e+02
1.80091439246145e+02
2.57121158187705e+02
2.57121158187705e+02
3.02651937653120e+02
3.02651937653120e+02
2.33773452659337e+02
2.33773452659337e+02
2.82715908442461e+02
2.82715908442461e+02
3.05989200382346e+02
3.05989200382346e+02
3.96733088348436e+02
3.96733088348436e+02
4.28332287318161e+02
4.28332287318161e+02
3.70650857780114e+02
3.70650857780114e+02
3.74590735357826e+02
3.74590735357826e+02
5.34324944031697e+02
5.34324944031697e+02
3.16481233913742e+02
3.16481233913742e+02
4.28366620620129e+02
4.28366620620129e+02
5.26689842986438e+02
5.26689842986438e+02
6.59408115213634e+02
6.59408115213634e+02
9.08238741000499e+02
9.08238741000499e+02
1.05329035654506e+03
1.05329035654506e+03
8.60571085965242e+02
8.60571085965242e+02
2.16478763873198e+02
2.16478763873198e+02
2.38924828123718e+02
2.38924828123718e+02
2.59783320072571e+02
2.59783320072571e+02
2.26980558911028e+02
2.26980558911028e+02
2.99693559366517e+02
2.99693559366517e+02
2.90180984312587e+02
2.90180984312587e+02
2.12155912179902e+02
2.12155912179902e+02
2.65689607395379e+02
2.65689607395379e+02
2.94474934494081e+02
2.94474934494081e+02
2.97194221776709e+02
2.97194221776709e+02
2.84188384524811e+02
2.84188384524811e+02
2.89114931883501e+02
2.89114931883501e+02
3.48700239525274e+02
3.48700239525274e+02
4.01551175512919e+02
4.01551175512919e+02
3.64636153023261e+02
3.64636153023261e+02
3.35312178202680e+02
3.35312178202680e+02
5.25856679178253e+02
5.25856679178253e+02
4.71968994509265e+02
4.71968994509265e+02
3.29164283737737e+02
3.29164283737737e+02
3.56134188227843e+02
3.56134188227843e+02
5.73319338939385e+02
5.73319338939385e+02
6.75600621418419e+02
6.75600621418419e+02
8.95967669405644e+02
8.95967669405644e+02
1.05499073114559e+03
1.05499073114559e+03
7.44397304077334e+02
7.44397304077334e+02
3.14340643792079e+02
3.14340643792079e+02
4.56270626214669e+02
4.56270626214669e+02
6.25807184936507e+02
6.25807184936507e+02
1.12456724274289e+03
1.12456724274289e+03
1.30200010473971e+03
1.30200010473971e+03
1.50796374606914e+03
1.50796374606914e+03
6.12297917110808e+02
6.12297917110808e+02
3.13697709674439e+02
3.13697709674439e+02
4.56135781094252e+02
4.56135781094252e+02
6.31880109941531e+02
6.31880109941531e+02
1.21328605278897e+03
1.21328605278897e+03
1.60224302705940e+03
1.60224302705940e+03
2.12005407050330e+03
2.12005407050330e+03
8.88229237041951e+02
8.88229237041951e+02
6.61533274299146e+02
6.61533274299146e+02
3.13085143504161e+02
3.13085143504161e+02
4.55119555658595e+02
4.55119555658595e+02
6.31650661131556e+02
6.31650661131556e+02
1.26507732329180e+03
1.82851357501119e+03
2.62560241314938e+03
1.06297221092738e+03
8.93874987269569e+02
8.93874987269569e+02
7.76512551404650e+02
7.76512551404650e+02
2.13234448445896e+02
2.13234448445896e+02
2.14185412643998e+02
2.14185412643998e+02
2.07976276890533e+02
2.07976276890533e+02
2.80824801304713e+02
2.80824801304713e+02
2.98650227562552e+02
2.98650227562552e+02
2.58157969851623e+02
2.58157969851623e+02
2.73099593081045e+02
2.73099593081045e+02
2.85835375192792e+02
2.85835375192792e+02
2.93446082462713e+02
2.93446082462713e+02
4.30547794718646e+02
4.30547794718646e+02
3.31981574770449e+02
3.31981574770449e+02
2.88163530049857e+02
2.88163530049857e+02
3.08391767816129e+02
3.08391767816129e+02
3.95365408983247e+02
3.95365408983247e+02
3.93281211315549e+02
3.93281211315549e+02
3.89755796391912e+02
3.89755796391912e+02
4.86880369773213e+02
4.86880369773213e+02
4.59730595399927e+02
4.59730595399927e+02
2.75154849232427e+02
2.75154849232427e+02
2.75486243719538e+02
2.75486243719538e+02
2.47919007161237e+02
2.47919007161237e+02
2.51770769034298e+02
2.51770769034298e+02
2.72723165959214e+02
2.72723165959214e+02
2.59922797121588e+02
2.59922797121588e+02
2.48517199797760e+02
2.48517199797760e+02
2.92766481735916e+02
2.92766481735916e+02
2.50549566790349e+02
2.50549566790349e+02
2.50721814312428e+02
2.50721814312428e+02
2.49633405951073e+02
2.49633405951073e+02
3.44859532046024e+02
3.44859532046024e+02
3.57848030707099e+02
3.57848030707099e+02
3.62386046285953e+02
3.62386046285953e+02
2.56107475936166e+02
2.56107475936166e+02
3.05868841952750e+02
3.05868841952750e+02
3.36058696567511e+02
3.36058696567511e+02
3.41007318453002e+02
3.41007318453002e+02
5.54690610757359e+02
5.54690610757359e+02
4.12809594067904e+02
4.12809594067904e+02
4.07278961564634e+02
4.07278961564634e+02
2.66785646103412e+02
2.66785646103412e+02
3.51692090283866e+02
3.51692090283866e+02
4.55783998605250e+02
4.55783998605250e+02
6.10228638321881e+02
6.10228638321881e+02
7.46220186168442e+02
7.46220186168442e+02
7.93596745252295e+02
7.93596745252295e+02
6.58720506157865e+02
6.58720506157865e+02
2.97531692360423e+02
2.97531692360423e+02
4.31578692352828e+02
4.31578692352828e+02
7.33355556317044e+02
7.33355556317044e+02
1.24691003454975e+03
1.24691003454975e+03
2.18154812826497e+03
2.18154812826497e+03
1.01465402390493e+03
1.01465402390493e+03
6.01199906701660e+02
6.01199906701660e+02
2.96382668083099e+02
2.96382668083099e+02
4.29993291238118e+02
4.29993291238118e+02
7.40970101883244e+02
7.40970101883244e+02
1.36024031642215e+03
1.36024031642215e+03
2.67781180753410e+03
2.67781180753410e+03
1.36751488674329e+03
1.36751488674329e+03
8.30069389661461e+02
8.30069389661461e+02
7.49803648491196e+02
7.49803648491196e+02
2.24363842254411e+02
2.24363842254411e+02
2.38481316959480e+02
2.38481316959480e+02
2.29973406805395e+02
2.29973406805395e+02
2.49947695868321e+02
2.49947695868321e+02
2.98558196211268e+02
2.98558196211268e+02
3.15044761242497e+02
3.15044761242497e+02
2.58508542406263e+02
2.58508542406263e+02
2.39074338823350e+02
2.39074338823350e+02
2.34636395986896e+02
2.34636395986896e+02
3.24607280855687e+02
3.24607280855687e+02
3.19259419497397e+02
3.19259419497397e+02
3.32834023405344e+02
3.32834023405344e+02
2.26601214542744e+02
2.26601214542744e+02
2.97797964276517e+02
2.97797964276517e+02
3.44573912429574e+02
3.44573912429574e+02
3.82977293489574e+02
3.82977293489574e+02
5.25217650612243e+02
5.25217650612243e+02
4.41647326795181e+02
4.41647326795181e+02
3.71974662718980e+02
3.71974662718980e+02
2.92189504355542e+02
2.92189504355542e+02
3.04056358494935e+02
3.04056358494935e+02
2.72438761309212e+02
2.72438761309212e+02
2.53651676531693e+02
2.53651676531693e+02
2.40476019315594e+02
2.40476019315594e+02
2.13731725671699e+02
2.13731725671699e+02
2.85550073386785e+02
2.85550073386785e+02
2.82867797576608e+02
2.82867797576608e+02
2.43586805601332e+02
2.43586805601332e+02
2.09054099523303e+02
2.09054099523303e+02
2.55524152607058e+02
2.55524152607058e+02
2.60308239238211e+02
2.60308239238211e+02
2.15452959441277e+02
2.15452959441277e+02
2.71392291179686e+02
2.71392291179686e+02
2.53254327678725e+02
2.53254327678725e+02
2.64627266795362e+02
2.64627266795362e+02
3.70671298676950e+02
3.70671298676950e+02
5.16960372205776e+02
5.16960372205776e+02
2.22689204556633e+02
2.22689204556633e+02
2.40168316685152e+02
2.40168316685152e+02
2.82296108014179e+02
2.82296108014179e+02
5.49330860609768e+02
5.49330860609768e+02
4.65484999775231e+02
4.65484999775231e+02
4.79276318068371e+02
4.79276318068371e+02
4.69353210255872e+02
4.69353210255872e+02
1.95030463811574e+02
1.95030463811574e+02
3.50665134668885e+02
3.50665134668885e+02
4.26840408077217e+02
4.26840408077217e+02
5.91601690946832e+02
5.91601690946832e+02
7.81491225805986e+02
7.81491225805986e+02
5.75640359664050e+02
5.75640359664050e+02
3.62328612682785e+02
3.62328612682785e+02
2.59323013975956e+02
2.59323013975956e+02
4.46708281169271e+02
4.46708281169271e+02
8.99455767702999e+02
8.99455767702999e+02
1.57765976064673e+03
1.57765976064673e+03
2.04401058174070e+03
7.20293000609390e+02
7.20293000609390e+02
6.74709190190853e+02
6.74709190190853e+02
2.58248390969749e+02
2.58248390969749e+02
4.45403467185289e+02
4.45403467185289e+02
9.20476277812218e+02
9.20476277812218e+02
1.74963627764603e+03
1.74963627764603e+03
2.56964554081105e+03
2.56964554081105e+03
9.96631254072070e+02
9.96631254072070e+02
9.88078291648331e+02
9.88078291648331e+02
9.05030129937714e+02
9.05030129937714e+02
2.53179185729020e+02
2.62751313618136e+02
2.62751313618136e+02
2.29449901691982e+02
2.06666071735527e+02
2.06666071735527e+02
1.91031340838245e+02
1.91031340838245e+02
1.75658918084340e+02
1.75658918084340e+02
2.45429426297975e+02
2.45429426297975e+02
3.33339524465923e+02
3.33339524465923e+02
2.35246047851350e+02
2.35246047851350e+02
3.02470228254971e+02
3.02470228254971e+02
2.33279346483415e+02
2.33279346483415e+02
2.19217126922636e+02
2.19217126922636e+02
2.91872423237119e+02
2.91872423237119e+02
3.05194773702506e+02
3.05194773702506e+02
4.17930910526598e+02
4.17930910526598e+02
2.78149307530248e+02
2.78149307530248e+02
2.63156198452361e+02
2.63156198452361e+02
3.14096746993255e+02
3.14096746993255e+02
5.24824271828483e+02
5.24824271828483e+02
5.14838196789699e+02
5.14838196789699e+02
4.90868928733710e+02
4.90868928733710e+02
5.39024927324995e+02
5.39024927324995e+02
2.65419181543228e+02
2.65419181543228e+02
2.34684421822742e+02
2.34684421822742e+02
2.11001967581728e+02
2.11001967581728e+02
1.87918692443612e+02
1.87918692443612e+02
1.64188516421529e+02
1.64188516421529e+02
1.78216768805187e+02
1.78216768805187e+02
2.31872418211022e+02
2.31872418211022e+02
3.43995751963213e+02
3.43995751963213e+02
2.86338221319973e+02
2.86338221319973e+02
2.43489206658948e+02
2.43489206658948e+02
1.88068676049915e+02
1.88068676049915e+02
2.08269606947381e+02
2.08269606947381e+02
2.04396095659855e+02
2.04396095659855e+02
4.13542137194922e+02
4.13542137194922e+02
2.99183861370574e+02
2.99183861370574e+02
2.53791152062973e+02
2.53791152062973e+02
2.98709946977038e+02
2.98709946977038e+02
2.36956371997754e+02
2.36956371997754e+02
4.16323736212130e+02
4.16323736212130e+02
5.97994905995194e+02
5.97994905995194e+02
2.93304524748700e+02
2.93304524748700e+02
2.63642043138327e+02
2.63642043138327e+02
4.80809542024563e+02
4.80809542024563e+02
4.74217370938569e+02
4.74217370938569e+02
5.64502665222653e+02
5.64502665222653e+02
5.76182295692477e+02
5.76182295692477e+02
5.18696362978390e+02
5.18696362978390e+02
2.50665757861164e+02
2.50665757861164e+02
3.36866025721129e+02
3.36866025721129e+02
4.75682735476625e+02
4.75682735476625e+02
6.63045681609049e+02
6.63045681609049e+02
8.42291395721123e+02
8.42291395721123e+02
8.30637940375590e+02
8.30637940375590e+02
7.64375286370919e+02
7.64375286370919e+02
3.19248855353555e+02
3.19248855353555e+02
5.09724914049062e+02
5.09724914049062e+02
1.08014692386638e+03
1.08014692386638e+03
1.56073952878581e+03
2.09850823025071e+03
2.09850823025071e+03
8.81469122587542e+02
8.81469122587542e+02
6.59336954108585e+02
6.59336954108585e+02
3.17827556575883e+02
3.17827556575883e+02
5.05419283215213e+02
5.05419283215213e+02
1.10302617659839e+03
1.10302617659839e+03
1.73349816609381e+03
1.73349816609381e+03
2.53819020994144e+03
2.53819020994144e+03
1.04096392087872e+03
1.04096392087872e+03
8.82299220499185e+02
8.82299220499185e+02
7.74648904176752e+02
7.74648904176752e+02
2.95925389235191e+02
2.95925389235191e+02
2.66241639450169e+02
2.66241639450169e+02
2.34732125079712e+02
2.34732125079712e+02
2.02172663227611e+02
2.02172663227611e+02
1.84707627203055e+02
1.84707627203055e+02
1.90937270062564e+02
1.90937270062564e+02
4.00838384110547e+02
4.00838384110547e+02
4.23974837740615e+02
4.23974837740615e+02
4.80520657625050e+02
4.80520657625050e+02
3.38447336968502e+02
3.38447336968502e+02
3.48714033781465e+02
3.48714033781465e+02
2.22427539515489e+02
2.22427539515489e+02
4.11441881948876e+02
4.11441881948876e+02
5.95141796339414e+02
5.95141796339414e+02
5.35287545790663e+02
5.35287545790663e+02
3.57211358031466e+02
3.57211358031466e+02
2.79431220337907e+02
2.79431220337907e+02
4.76136345974733e+02
4.76136345974733e+02
5.27388979107448e+02
5.27388979107448e+02
5.86062153508968e+02
5.86062153508968e+02
6.95869047432639e+02
6.95869047432639e+02
5.50156951406121e+02
5.50156951406121e+02
2.32075884039033e+02
2.32075884039033e+02
2.04616207069744e+02
2.04616207069744e+02
1.76236827039586e+02
1.76236827039586e+02
1.43383388047942e+02
1.43383388047942e+02
1.00899192071083e+02
1.00899192071083e+02
2.34033080827834e+02
2.34033080827834e+02
3.03180555885043e+02
3.03180555885043e+02
1.96509623570130e+02
1.96509623570130e+02
2.74754665330290e+02
2.74754665330290e+02
2.41165607880399e+02
2.41165607880399e+02
1.89070268492775e+02
1.89070268492775e+02
1.11844640924143e+02
1.11844640924143e+02
2.69811299727511e+02
2.69811299727511e+02
2.28992799633057e+02
2.28992799633057e+02
1.26224519091028e+02
1.26224519091028e+02
2.23982233463453e+02
2.23982233463453e+02
5.58313611944430e+02
5.58313611944430e+02
5.21076332663657e+02
5.21076332663657e+02
2.80184879723859e+02
2.80184879723859e+02
3.90725059943015e+02
3.90725059943015e+02
5.16589713163812e+02
5.16589713163812e+02
4.89109179403636e+02
4.89109179403636e+02
4.72640281653024e+02
4.72640281653024e+02
4.65085000294814e+02
4.65085000294814e+02
4.25926723562957e+02
4.25926723562957e+02
4.27099597696841e+02
4.27099597696841e+02
5.75425589838214e+02
5.75425589838214e+02
6.75643318203138e+02
6.75643318203138e+02
7.16777542388852e+02
7.16777542388852e+02
5.86295139341694e+02
5.86295139341694e+02
3.22620979447129e+02
3.22620979447129e+02
3.76319475080269e+02
3.76319475080269e+02
5.50168848864696e+02
5.50168848864696e+02
8.49675657743392e+02
8.49675657743392e+02
7.77764224137908e+02
7.77764224137908e+02
6.61699877312543e+02
6.61699877312543e+02
6.06838351106893e+02
6.06838351106893e+02
3.30400491206893e+02
3.30400491206893e+02
6.12440209665825e+02
6.12440209665825e+02
1.24707461079747e+03
1.24707461079747e+03
2.57758535602699e+03
2.57758535602699e+03
1.34245632317047e+03
1.34245632317047e+03
8.20907160020438e+02
8.20907160020438e+02
7.47325509487469e+02
7.47325509487469e+02
2.05876971888735e+02
2.05876971888735e+02
1.80914742135527e+02
1.80914742135527e+02
1.44468219066016e+02
1.44468219066016e+02
7.93459614189498e+01
7.93459614189498e+01
1.83414310364368e+02
1.83414310364368e+02
2.67859423584902e+02
2.67859423584902e+02
2.90080543577246e+02
2.90080543577246e+02
2.05552957198262e+02
2.05552957198262e+02
5.99945739672475e+02
5.99945739672475e+02
4.12646658827242e+02
4.12646658827242e+02
4.00725018097007e+02
4.00725018097007e+02
4.72001979236434e+02
4.72001979236434e+02
4.20411039319260e+02
4.20411039319260e+02
4.49262457894428e+02
4.49262457894428e+02
5.31960936702405e+02
5.31960936702405e+02
4.25128468756048e+02
4.25128468756048e+02
4.15573234525943e+02
4.15573234525943e+02
4.51814905393809e+02
4.51814905393809e+02
5.68463041975067e+02
5.68463041975067e+02
7.70692342263980e+02
7.70692342263980e+02
7.09336547200171e+02
7.09336547200171e+02
5.36687245015140e+02
5.36687245015140e+02
1.81041277814897e+02
1.81041277814897e+02
1.49654836518809e+02
1.49654836518809e+02
8.69542420588724e+01
8.69542420588724e+01
2.04746805817682e+02
2.04746805817682e+02
2.81669641792683e+02
2.81669641792683e+02
3.49284431377106e+02
3.49284431377106e+02
5.16365653483891e+02
5.16365653483891e+02
3.14951991519765e+02
3.14951991519765e+02
2.03921382203830e+02
2.03921382203830e+02
1.82475219187024e+02
1.82475219187024e+02
1.49507505305894e+02
1.49507505305894e+02
8.88231311929094e+01
8.88231311929094e+01
2.02967488063810e+02
2.02967488063810e+02
4.07719443540441e+02
4.07719443540441e+02
2.21679548721246e+02
2.21679548721246e+02
1.87669136509411e+02
1.87669136509411e+02
1.75743847282762e+02
1.75743847282762e+02
5.11654046534846e+02
5.11654046534846e+02
4.08824941172576e+02
4.08824941172576e+02
4.35622141291330e+02
4.35622141291330e+02
3.46352934843037e+02
3.46352934843037e+02
3.72116309258472e+02
3.72116309258472e+02
4.57008032381567e+02
4.57008032381567e+02
4.69804085558327e+02
4.69804085558327e+02
4.12850428066995e+02
4.12850428066995e+02
3.23748607804414e+02
3.23748607804414e+02
4.60872643952109e+02
4.60872643952109e+02
6.13797361894538e+02
6.13797361894538e+02
7.69713880903563e+02
7.69713880903563e+02
7.46267363181419e+02
7.46267363181419e+02
5.59496278911819e+02
5.59496278911819e+02
2.68319991535811e+02
2.68319991535811e+02
3.81906759166477e+02
3.81906759166477e+02
5.96450737219517e+02
5.96450737219517e+02
9.08851665527401e+02
9.08851665527401e+02
1.05578492907161e+03
1.05578492907161e+03
9.07533898668790e+02
9.07533898668790e+02
3.12156285801212e+02
3.12156285801212e+02
3.38407272717466e+02
3.38407272717466e+02
7.57792681189204e+02
7.57792681189204e+02
1.59440980921702e+03
1.59440980921702e+03
2.45074374289596e+03
2.45074374289596e+03
9.77185666732834e+02
9.77185666732834e+02
9.69446837398295e+02
9.69446837398295e+02
9.01393235554623e+02
9.01393235554623e+02
7.43332172524863e+01
3.80947894972416e+01
3.80947894972416e+01
8.56992077482030e+01
8.56992077482030e+01
1.31705699262208e+02
1.31705699262208e+02
1.70303904341338e+02
1.70303904341338e+02
3.15365068904235e+02
3.84965012266949e+02
3.75079457828333e+02
4.40062774520383e+02
4.40062774520383e+02
4.46525274985942e+02
4.46525274985942e+02
3.17368447750528e+02
3.17368447750528e+02
3.25509086254339e+02
3.25509086254339e+02
3.86219333283364e+02
3.86219333283364e+02
3.81351507798983e+02
3.81351507798983e+02
3.85386357437100e+02
3.85386357437100e+02
3.94183331562217e+02
3.94183331562217e+02
3.44283742721047e+02
3.44283742721047e+02
4.59560859969656e+02
4.59560859969656e+02
7.01808416342382e+02
7.01808416342382e+02
7.79181302972595e+02
7.79181302972595e+02
7.54502944395090e+02
7.54502944395090e+02
6.94224657408136e+02
6.94224657408136e+02
9.59528921640490e+01
9.59528921640490e+01
1.80952562932797e+02
1.80952562932797e+02
2.77017937915328e+02
2.77017937915328e+02
2.58430598039491e+02
2.58430598039491e+02
3.80982830271125e+02
3.80982830271125e+02
4.04760341043533e+02
4.04760341043533e+02
3.98783960337625e+02
3.98783960337625e+02
4.57742369317318e+02
4.57742369317318e+02
3.90611067179658e+02
3.90611067179658e+02
3.59770103576910e+02
3.59770103576910e+02
3.09269598257875e+02
3.09269598257875e+02
1.69478252037899e+02
1.69478252037899e+02
2.63769175242095e+02
2.63769175242095e+02
3.41719735845003e+02
3.41719735845003e+02
3.92190713967893e+02
3.92190713967893e+02
3.55147143540209e+02
2.19285403961524e+02
2.19285403961524e+02
3.00507004709077e+02
3.00507004709077e+02
2.48877845189570e+02
2.48877845189570e+02
2.71898831610404e+02
2.71898831610404e+02
4.92224951294375e+02
4.92224951294375e+02
3.17970301761512e+02
3.17970301761512e+02
2.98284767742412e+02
2.98284767742412e+02
3.59285003839089e+02
3.59285003839089e+02
3.56713145844476e+02
3.56713145844476e+02
3.43098137819998e+02
3.43098137819998e+02
4.38440722602150e+02
4.38440722602150e+02
2.98833223450040e+02
2.98833223450040e+02
3.49280390323029e+02
3.49280390323029e+02
4.81456841527754e+02
4.81456841527754e+02
7.06194043534384e+02
7.06194043534384e+02
8.41663253987041e+02
8.41663253987041e+02
8.26194836072904e+02
8.26194836072904e+02
8.41277428835099e+02
8.41277428835099e+02
2.78005666213118e+02
2.78005666213118e+02
4.19868926304724e+02
4.19868926304724e+02
7.69972384592354e+02
7.69972384592354e+02
8.74758927997143e+02
8.74758927997143e+02
9.87234185860457e+02
9.87234185860457e+02
1.14414102156903e+03
1.14414102156903e+03
2.88436984926732e+02
2.88436984926732e+02
3.49267646853279e+02
3.49267646853279e+02
8.82052926260485e+02
8.82052926260485e+02
1.56742905590275e+03
1.56742905590275e+03
2.37011881439591e+03
2.37011881439591e+03
1.00315351092619e+03
1.00315351092619e+03
8.64842526517643e+02
8.64842526517643e+02
7.71719909485921e+02
7.71719909485921e+02
2.28757763721910e+02
2.28757763721910e+02
3.54796075681001e+02
3.54796075681001e+02
2.98630403936992e+02
2.98630403936992e+02
3.91326236895981e+02
3.91326236895981e+02
3.75263144306447e+02
3.75263144306447e+02
3.71096097588803e+02
3.71096097588803e+02
4.66884077286340e+02
4.66884077286340e+02
6.34178946468965e+02
6.34178946468965e+02
3.37157629117401e+02
3.37157629117401e+02
3.34424975486872e+02
3.34424975486872e+02
3.93571569083425e+02
3.93571569083425e+02
3.83685833341233e+02
3.83685833341233e+02
3.80195764662576e+02
3.80195764662576e+02
4.72440018195737e+02
4.72440018195737e+02
4.84732446941512e+02
4.84732446941512e+02
3.43269123295191e+02
3.43269123295191e+02
3.81362685545532e+02
3.81362685545532e+02
5.57977848654147e+02
5.57977848654147e+02
7.29456689044454e+02
7.29456689044454e+02
8.74155270753423e+02
8.74155270753423e+02
1.04878058012452e+03
1.04878058012452e+03
8.79368793068061e+02
8.79368793068061e+02
2.96805013753979e+02
2.96805013753979e+02
2.33156736891636e+02
2.33156736891636e+02
2.72452559794342e+02
2.72452559794342e+02
2.25071753728865e+02
2.25071753728865e+02
2.11459350123572e+02
2.11459350123572e+02
2.96915391302990e+02
2.96915391302990e+02
3.90095745494800e+02
3.90095745494800e+02
4.16436287988374e+02
4.16436287988374e+02
3.39399060050382e+02
3.39399060050382e+02
3.22581591624877e+02
3.22581591624877e+02
2.90985140459735e+02
2.90985140459735e+02
1.69026205493961e+02
1.69026205493961e+02
2.56440110219192e+02
2.56440110219192e+02
2.57779459309182e+02
2.57779459309182e+02
2.06047799858552e+02
2.06047799858552e+02
3.37730547145570e+02
3.37730547145570e+02
3.20597452091210e+02
3.20597452091210e+02
2.40531929790305e+02
2.40531929790305e+02
2.24994756887473e+02
2.24994756887473e+02
3.39259374180620e+02
3.39259374180620e+02
2.67513469834684e+02
2.67513469834684e+02
2.89235895256557e+02
2.89235895256557e+02
4.61275793430139e+02
4.61275793430139e+02
5.10246349981591e+02
5.10246349981591e+02
4.48159550288608e+02
4.48159550288608e+02
4.26898052378388e+02
4.26898052378388e+02
4.90439929015502e+02
4.90439929015502e+02
5.12584422784583e+02
5.12584422784583e+02
4.35031589199870e+02
4.35031589199870e+02
4.85899670257100e+02
4.85899670257100e+02
4.48321596501526e+02
4.48321596501526e+02
5.88036508733064e+02
5.88036508733064e+02
7.99000817721693e+02
7.99000817721693e+02
9.39729113523728e+02
9.39729113523728e+02
1.20151102671637e+03
1.20151102671637e+03
8.78079641880790e+02
8.78079641880790e+02
3.70737485492435e+02
3.70737485492435e+02
5.34348889943494e+02
5.34348889943494e+02
9.73135762636696e+02
9.73135762636696e+02
1.36924018965068e+03
1.50804827457922e+03
7.76369494045858e+02
7.76369494045858e+02
2.88120414859200e+02
2.88120414859200e+02
2.43871926144743e+02
2.43871926144743e+02
2.72209050537265e+02
2.72209050537265e+02
2.05290226161978e+02
2.05290226161978e+02
1.79505046399902e+02
1.79505046399902e+02
2.58218226340313e+02
2.58218226340313e+02
2.87316147464174e+02
2.87316147464174e+02
4.06977058952176e+02
4.06977058952176e+02
5.94793387457144e+02
5.94793387457144e+02
5.20640387541276e+02
5.20640387541276e+02
4.93821799974455e+02
4.93821799974455e+02
4.65316067494377e+02
4.65316067494377e+02
4.94559192944863e+02
4.94559192944863e+02
5.27647788670365e+02
5.27647788670365e+02
4.59622039420700e+02
4.59622039420700e+02
4.26710560880383e+02
4.26710560880383e+02
4.75107827123472e+02
4.75107827123472e+02
4.50871820482496e+02
4.50871820482496e+02
5.51761841255737e+02
5.51761841255737e+02
7.21760916084994e+02
7.21760916084994e+02
9.44390569406745e+02
9.44390569406745e+02
8.75898748502351e+02
8.75898748502351e+02
5.06821331603237e+02
5.06821331603237e+02
3.14935262092346e+02
3.14935262092346e+02
2.30972510012283e+02
2.30972510012283e+02
1.95803014958461e+02
1.95803014958461e+02
2.84614863933875e+02
2.84614863933875e+02
2.85378534385279e+02
2.85378534385279e+02
4.70171721884224e+02
4.70171721884224e+02
6.86126467937185e+02
6.86126467937185e+02
5.57847779738449e+02
5.57847779738449e+02
3.60095882978588e+02
3.60095882978588e+02
3.34062676068701e+02
3.34062676068701e+02
2.04631780479596e+02
2.04631780479596e+02
3.07903604019740e+02
3.07903604019740e+02
2.99518496718284e+02
2.99518496718284e+02
2.03865422069397e+02
2.03865422069397e+02
2.68920360905217e+02
2.68920360905217e+02
5.94666587619021e+02
5.94666587619021e+02
3.74612273756893e+02
3.74612273756893e+02
2.68338396426146e+02
2.68338396426146e+02
3.14970574073142e+02
3.14970574073142e+02
2.44415153848967e+02
2.44415153848967e+02
3.07634350488338e+02
3.07634350488338e+02
2.68076978498096e+02
2.68076978498096e+02
3.32694194073285e+02
3.32694194073285e+02
4.81932352502722e+02
4.81932352502722e+02
4.92154759838253e+02
4.92154759838253e+02
4.91017299869694e+02
4.91017299869694e+02
5.31453134481351e+02
5.31453134481351e+02
5.11561140089544e+02
5.11561140089544e+02
5.13889760937611e+02
5.13889760937611e+02
4.74690293433844e+02
4.74690293433844e+02
3.66452270856605e+02
3.66452270856605e+02
4.60872402150154e+02
4.60872402150154e+02
4.19869440866022e+02
4.19869440866022e+02
5.63333510371018e+02
5.63333510371018e+02
7.04969902461130e+02
7.04969902461130e+02
9.44210907032038e+02
9.44210907032038e+02
7.22858471880661e+02
7.22858471880661e+02
3.80900065210596e+02
3.80900065210596e+02
3.73581436008628e+02
3.73581436008628e+02
7.00120974819862e+02
7.00120974819862e+02
9.57624528233216e+02
9.57624528233216e+02
1.34482256712786e+03
1.78965790082273e+03
5.79917977257611e+02
5.79917977257611e+02
5.15997853575722e+02
5.15997853575722e+02
2.20789046747857e+02
2.20789046747857e+02
1.80812910031442e+02
1.80812910031442e+02
2.63043820953300e+02
2.63043820953300e+02
2.30409094787631e+02
2.30409094787631e+02
4.07923405353914e+02
4.07923405353914e+02
5.91295644161447e+02
5.91295644161447e+02
5.55280438773351e+02
5.55280438773351e+02
4.81467985017168e+02
4.81467985017168e+02
5.31087237639495e+02
5.31087237639495e+02
5.03361599742909e+02
5.03361599742909e+02
4.97012747894371e+02
4.97012747894371e+02
5.08643685101887e+02
5.08643685101887e+02
5.57623123238909e+02
5.57623123238909e+02
5.46170662810270e+02
5.46170662810270e+02
4.37115435462364e+02
4.37115435462364e+02
4.47661712739689e+02
4.47661712739689e+02
4.32282814180817e+02
4.32282814180817e+02
6.05733525460290e+02
6.05733525460290e+02
9.02260241761634e+02
9.02260241761634e+02
9.89147516710463e+02
9.89147516710463e+02
7.87008887146396e+02
7.87008887146396e+02
6.39353200099920e+02
6.39353200099920e+02
3.88495007554472e+02
3.88495007554472e+02
8.01737915758293e+02
8.01737915758293e+02
1.14736926319097e+03
1.14736926319097e+03
1.27050062713495e+03
1.27050062713495e+03
1.57456593562069e+03
1.57456593562069e+03
5.93672187510485e+02
5.93672187510485e+02
4.74815530947320e+02
4.74815530947320e+02
1.87567373340650e+02
1.87567373340650e+02
2.72333510900341e+02
2.72333510900341e+02
2.12763296154397e+02
2.12763296154397e+02
3.89485065144476e+02
3.89485065144476e+02
5.43461049373931e+02
5.43461049373931e+02
5.31487373962531e+02
5.31487373962531e+02
5.22232756666183e+02
5.22232756666183e+02
5.67546581696091e+02
5.67546581696091e+02
3.59749209831989e+02
3.59749209831989e+02
2.29393166545686e+02
2.29393166545686e+02
3.40312045698984e+02
3.40312045698984e+02
3.30557445619401e+02
3.30557445619401e+02
2.14290510852496e+02
2.14290510852496e+02
2.36823316702766e+02
2.36823316702766e+02
4.63655027499511e+02
4.63655027499511e+02
5.00116960697546e+02
5.00116960697546e+02
3.93933167500800e+02
3.93933167500800e+02
3.15947296116775e+02
3.15947296116775e+02
2.72962564142261e+02
2.72962564142261e+02
3.78008712524313e+02
3.78008712524313e+02
3.55791306118463e+02
3.55791306118463e+02
2.69015039142670e+02
2.69015039142670e+02
3.28103972589867e+02
3.28103972589867e+02
4.90803895717063e+02
4.90803895717063e+02
4.42944924953342e+02
4.42944924953342e+02
4.50238014030481e+02
4.50238014030481e+02
5.39931834058728e+02
5.39931834058728e+02
5.79608256008084e+02
5.79608256008084e+02
4.71623216517218e+02
4.71623216517218e+02
4.24879747118177e+02
4.24879747118177e+02
4.38838411039210e+02
4.38838411039210e+02
3.78401948244279e+02
3.78401948244279e+02
4.56487926205529e+02
4.56487926205529e+02
6.23465140245637e+02
6.23465140245637e+02
9.63868804428862e+02
9.63868804428862e+02
8.77008075115717e+02
8.77008075115717e+02
6.86708020483364e+02
6.86708020483364e+02
8.26787376184805e+02
8.26787376184805e+02
4.23407933316833e+02
4.23407933316833e+02
8.70545277287114e+02
8.70545277287114e+02
1.40834325701476e+03
1.40834325701476e+03
1.80090248831764e+03
1.80090248831764e+03
1.02349246673394e+03
1.02349246673394e+03
4.72690906920301e+02
4.72690906920301e+02
4.66539617918121e+02
4.66539617918121e+02
2.90600388074479e+02
1.99469044838919e+02
3.64104408427966e+02
3.64104408427966e+02
4.65017279911740e+02
4.65017279911740e+02
4.33422121067292e+02
4.33422121067292e+02
4.46357268189317e+02
4.46357268189317e+02
5.31607071438252e+02
5.31607071438252e+02
5.15029711124706e+02
5.15029711124706e+02
4.12080880019454e+02
4.12080880019454e+02
3.81804270213339e+02
3.81804270213339e+02
4.81153454755614e+02
4.81153454755614e+02
5.77845732860909e+02
5.77845732860909e+02
5.44005448715638e+02
5.44005448715638e+02
5.33928311444047e+02
5.33928311444047e+02
5.15265882801362e+02
5.15265882801362e+02
3.42024079681430e+02
3.42024079681430e+02
4.60786554609942e+02
4.60786554609942e+02
7.34644787407289e+02
7.34644787407289e+02
9.05531149772924e+02
9.05531149772924e+02
8.08392839863484e+02
8.08392839863484e+02
8.83110433206030e+02
8.83110433206030e+02
6.53980968776405e+02
6.53980968776405e+02
4.71486515229758e+02
4.71486515229758e+02
8.74519075324867e+02
8.74519075324867e+02
1.49407411743564e+03
2.02609434165976e+03
8.77819076642569e+02
6.83342714853642e+02
6.83342714853642e+02
4.37243692886150e+02
4.37243692886150e+02
1.96242095213022e+02
1.96242095213022e+02
3.53273267672906e+02
3.53273267672906e+02
4.05570728938764e+02
4.05570728938764e+02
3.33610485481145e+02
3.33610485481145e+02
3.32250345166905e+02
3.32250345166905e+02
3.87348084844283e+02
3.87348084844283e+02
3.91829062279241e+02
3.91829062279241e+02
4.04892433301524e+02
4.04892433301524e+02
2.75300565094180e+02
2.75300565094180e+02
3.98417767410307e+02
3.98417767410307e+02
3.86821031265198e+02
3.86821031265198e+02
2.51398909820029e+02
2.51398909820029e+02
2.46142702684742e+02
2.46142702684742e+02
3.76252032139194e+02
3.76252032139194e+02
3.14463534042607e+02
3.14463534042607e+02
3.64240380116264e+02
3.64240380116264e+02
4.80715905808039e+02
4.80715905808039e+02
3.66585803621018e+02
3.66585803621018e+02
4.24837408482592e+02
4.24837408482592e+02
2.70343167111556e+02
2.70343167111556e+02
3.44385155431335e+02
3.44385155431335e+02
5.08857988071743e+02
5.08857988071743e+02
4.28316151839634e+02
4.28316151839634e+02
3.61659685031312e+02
3.61659685031312e+02
5.10575888662651e+02
5.10575888662651e+02
3.83363998721265e+02
3.83363998721265e+02
4.24309136861384e+02
4.24309136861384e+02
4.67367366372088e+02
4.67367366372088e+02
5.50687536530094e+02
5.50687536530094e+02
5.74040132448608e+02
5.74040132448608e+02
6.42699682482189e+02
6.42699682482189e+02
6.88917494522294e+02
6.88917494522294e+02
5.33847773575877e+02
5.33847773575877e+02
4.79081409751791e+02
4.79081409751791e+02
4.13763885468408e+02
4.13763885468408e+02
4.83348358910406e+02
4.83348358910406e+02
7.65674119861478e+02
7.65674119861478e+02
7.25819734462657e+02
7.25819734462657e+02
6.09303502766483e+02
6.09303502766483e+02
8.26801995749304e+02
8.26801995749304e+02
3.41886342652687e+02
3.41886342652687e+02
5.54087890634086e+02
5.54087890634086e+02
9.02247918955878e+02
9.02247918955878e+02
1.49873056380836e+03
1.49873056380836e+03
2.12830248519843e+03
7.66691018848373e+02
7.66691018848373e+02
7.34664677522839e+02
7.34664677522839e+02
4.94010789708665e+02
4.94010789708665e+02
3.44771599886632e+02
3.44771599886632e+02
3.78500630585692e+02
3.78500630585692e+02
2.88929191899752e+02
2.88929191899752e+02
2.78115711378440e+02
2.78115711378440e+02
3.08490276796782e+02
3.08490276796782e+02
2.96848727383008e+02
2.96848727383008e+02
2.94800193390724e+02
2.94800193390724e+02
4.17132932512004e+02
4.17132932512004e+02
4.81452884657775e+02
4.81452884657775e+02
5.16514470813798e+02
5.16514470813798e+02
5.49847378875261e+02
5.49847378875261e+02
6.92631704177329e+02
6.92631704177329e+02
8.61473797298477e+02
8.61473797298477e+02
7.81175232370404e+02
7.81175232370404e+02
5.50023671873422e+02
5.50023671873422e+02
4.41607831280406e+02
4.41607831280406e+02
5.87908340462152e+02
5.87908340462152e+02
7.39195104565499e+02
7.39195104565499e+02
6.57675438946440e+02
6.57675438946440e+02
7.50112727866482e+02
7.50112727866482e+02
5.42496476222273e+02
5.42496476222273e+02
4.22913612820967e+02
4.35107708274238e+02
4.35107708274238e+02
3.24027952967091e+02
3.24027952967091e+02
3.09983588951900e+02
3.09983588951900e+02
3.39955638951201e+02
3.39955638951201e+02
3.21904999357722e+02
3.21904999357722e+02
3.13302136866034e+02
3.13302136866034e+02
4.43947390125922e+02
4.43947390125922e+02
4.67209384632442e+02
4.67209384632442e+02
4.80735544024589e+02
4.80735544024589e+02
4.71355503829880e+02
4.71355503829880e+02
3.17960585821256e+02
3.17960585821256e+02
3.04718272314908e+02
3.04718272314908e+02
4.47418449706493e+02
4.47418449706493e+02
3.31494279966700e+02
3.31494279966700e+02
3.40448851045455e+02
3.40448851045455e+02
4.06497202203776e+02
4.06497202203776e+02
5.59438501494168e+02
5.59438501494168e+02
4.60839328513932e+02
4.60839328513932e+02
4.17709783325884e+02
4.17709783325884e+02
4.28181951807515e+02
4.28181951807515e+02
3.55811336332830e+02
3.55811336332830e+02
5.72302706065261e+02
5.72302706065261e+02
5.22014689714627e+02
5.22014689714627e+02
4.42444911391294e+02
4.42444911391294e+02
6.42907434998627e+02
6.42907434998627e+02
5.34485117563593e+02
5.34485117563593e+02
4.50528845197321e+02
4.50528845197321e+02
4.69295639789272e+02
4.69295639789272e+02
6.31010163145008e+02
6.31010163145008e+02
8.79070026207857e+02
8.79070026207857e+02
9.34126307360238e+02
9.34126307360238e+02
7.91859160854150e+02
7.91859160854150e+02
5.90263170505046e+02
5.90263170505046e+02
5.42459226753025e+02
5.42459226753025e+02
4.27534101291227e+02
4.27534101291227e+02
6.58559210716253e+02
6.58559210716253e+02
7.03294588085983e+02
7.03294588085983e+02
6.66200314435115e+02
6.66200314435115e+02
9.85134232289836e+02
9.85134232289836e+02
2.50362207526208e+02
2.50362207526208e+02
9.44941292735852e+02
9.44941292735852e+02
7.09017634947843e+02
7.09017634947843e+02
1.32482504560710e+03
1.32482504560710e+03
1.84749235601866e+03
1.15818720360943e+03
6.53918515986846e+02
6.53918515986846e+02
6.79777747099051e+02
6.79777747099051e+02
5.17812644720508e+02
5.17812644720508e+02
3.65668547206621e+02
3.65668547206621e+02
3.47573636762308e+02
3.47573636762308e+02
3.77323756095132e+02
3.77323756095132e+02
3.51531193619535e+02
3.51531193619535e+02
3.31747801202766e+02
3.31747801202766e+02
4.40181541321856e+02
4.40181541321856e+02
4.69785944205085e+02
4.69785944205085e+02
4.18547438259016e+02
4.18547438259016e+02
4.10518416001383e+02
4.10518416001383e+02
5.35850368058321e+02
5.35850368058321e+02
7.64846045239316e+02
7.64846045239316e+02
9.10180375396649e+02
9.10180375396649e+02
8.91427594019431e+02
8.91427594019431e+02
8.15034931375215e+02
8.15034931375215e+02
5.38089568869749e+02
5.38089568869749e+02
4.95893411965574e+02
4.95893411965574e+02
6.64006168083131e+02
6.64006168083131e+02
7.08721180676164e+02
7.08721180676164e+02
9.65873835941259e+02
9.65873835941259e+02
7.85324404841975e+02
7.85324404841975e+02
4.45850742844011e+02
4.45850742844011e+02
9.67203282451449e+02
9.67203282451449e+02
3.51970541294443e+02
3.51970541294443e+02
3.79795670119547e+02
3.79795670119547e+02
3.50529514610255e+02
3.50529514610255e+02
3.23917590940499e+02
3.23917590940499e+02
4.02365177029279e+02
4.02365177029279e+02
4.18487387260094e+02
4.18487387260094e+02
3.67833006450496e+02
3.67833006450496e+02
3.75370600789444e+02
3.75370600789444e+02
5.86034990548581e+02
5.86034990548581e+02
4.07123420405738e+02
4.07123420405738e+02
3.83578223907972e+02
3.83578223907972e+02
5.58480735094328e+02
5.58480735094328e+02
3.99919273832123e+02
3.99919273832123e+02
3.99362116672881e+02
3.99362116672881e+02
4.03155804046538e+02
4.03155804046538e+02
4.01648614942363e+02
4.01648614942363e+02
8.10381980880461e+02
8.10381980880461e+02
6.42177912780328e+02
6.42177912780328e+02
7.36001517467459e+02
7.36001517467459e+02
4.90200747721234e+02
4.90200747721234e+02
5.64096105142193e+02
5.64096105142193e+02
4.65967908086137e+02
4.65967908086137e+02
7.39322568870109e+02
7.39322568870109e+02
5.90301109404455e+02
5.90301109404455e+02
5.64306187702074e+02
5.64306187702074e+02
8.03153638199415e+02
8.03153638199415e+02
6.29729521343741e+02
6.29729521343741e+02
4.61280782769536e+02
4.61280782769536e+02
5.84994180259258e+02
5.84994180259258e+02
6.80305968929857e+02
6.80305968929857e+02
7.03071828479184e+02
7.03071828479184e+02
6.77326457454587e+02
6.77326457454587e+02
4.56643757619435e+02
4.56643757619435e+02
1.72109377902824e+02
1.72109377902824e+02
8.26522603690180e+02
8.26522603690180e+02
5.41108211268476e+02
5.41108211268476e+02
6.60579650547483e+02
6.60579650547483e+02
7.54459498009245e+02
7.54459498009245e+02
1.29792681200655e+03
1.29792681200655e+03
3.97379262785107e+02
3.97379262785107e+02
1.15605861256285e+03
1.15605861256285e+03
4.55853430875959e+02
4.55853430875959e+02
7.47615794852147e+02
7.47615794852147e+02
1.49274237965705e+03
1.49274237965705e+03
2.10506469608537e+03
8.18505457093586e+02
8.16948590449761e+02
8.16948590449761e+02
6.70033091118297e+02
6.70033091118297e+02
5.24236384812164e+02
5.24236384812164e+02
4.79018160833097e+02
4.79018160833097e+02
4.40979648195441e+02
4.40979648195441e+02
4.04732442323526e+02
4.04732442323526e+02
4.82939720248524e+02
4.82939720248524e+02
4.93345405422167e+02
4.93345405422167e+02
4.25282421514918e+02
4.25282421514918e+02
4.32734755891254e+02
4.32734755891254e+02
4.31440794743849e+02
4.31440794743849e+02
4.63721042576147e+02
4.63721042576147e+02
5.10004907850721e+02
5.10004907850721e+02
5.92903732564388e+02
5.92903732564388e+02
6.47062934649389e+02
6.47062934649389e+02
5.38767284344374e+02
5.38767284344374e+02
3.77626714098806e+02
3.77626714098806e+02
3.18554952699050e+01
3.18554952699050e+01
4.90523154398886e+02
4.90523154398886e+02
6.57958979019064e+02
6.57958979019064e+02
1.06864773092585e+03
1.06864773092585e+03
9.52958291920075e+02
9.52958291920075e+02
5.02756488930408e+02
5.02756488930408e+02
9.77041414854558e+02
9.77041414854558e+02
1.71849659975454e+02
1.71849659975454e+02
5.95744615880615e+02
5.95744615880615e+02
5.42274208316451e+02
5.42274208316451e+02
6.22356339731795e+02
6.22356339731795e+02
6.18202280455267e+02
6.18202280455267e+02
5.11179196868764e+02
5.11179196868764e+02
4.92396208708233e+02
4.92396208708233e+02
4.74306303909164e+02
4.74306303909164e+02
4.15113427013591e+02
4.15113427013591e+02
6.80781003989580e+02
6.80781003989580e+02
6.32939050588006e+02
6.32939050588006e+02
9.21711725092891e+02
9.21711725092891e+02
6.54007493273996e+02
6.54007493273996e+02
6.50809003550675e+02
6.50809003550675e+02
6.18861000967267e+02
6.18861000967267e+02
5.69606089501431e+02
5.69606089501431e+02
4.77379111221859e+02
4.77379111221859e+02
1.01076542900375e+03
1.01076542900375e+03
8.52290133511172e+02
8.52290133511172e+02
8.07045033562781e+02
8.07045033562781e+02
8.21854601737963e+02
8.21854601737963e+02
6.78223937545036e+02
6.78223937545036e+02
6.17388915430151e+02
6.17388915430151e+02
1.04855970970595e+03
1.04855970970595e+03
9.27474987795284e+02
9.27474987795284e+02
8.26276602701620e+02
8.26276602701620e+02
6.98734612691703e+02
6.98734612691703e+02
1.02777203714921e+03
1.02777203714921e+03
8.81602171784092e+02
8.81602171784092e+02
4.23933579031751e+02
4.23933579031751e+02
5.17414110665596e+02
5.17414110665596e+02
6.54295962520111e+02
6.54295962520111e+02
6.89374489449879e+02
6.89374489449879e+02
6.58054455116290e+02
6.58054455116290e+02
7.45669893519223e+02
7.45669893519223e+02
5.94918000330013e+02
5.94918000330013e+02
1.15527416452054e+03
1.15527416452054e+03
9.42581561895692e+02
9.42581561895692e+02
5.05624963609960e+02
5.05624963609960e+02
7.27818565753017e+02
7.27818565753017e+02
1.43901473504451e+03
1.43901473504451e+03
5.56849639262299e+02
5.56849639262299e+02
1.24254886358898e+03
1.24254886358898e+03
4.63642816729283e+02
4.63642816729283e+02
1.67753057970795e+02
1.67753057970795e+02
1.04495933205687e+03
1.04495933205687e+03
1.59316546625202e+03
1.59316546625202e+03
1.11435362573665e+03
1.11435362573665e+03
7.75997101456017e+02
7.59385171300685e+02
7.59385171300685e+02
7.96105216008816e+02
7.96105216008816e+02
6.76201535154139e+02
6.76201535154139e+02
6.14216706472642e+02
6.14216706472642e+02
6.94556846991018e+02
6.94556846991018e+02
6.84453115562833e+02
6.84453115562833e+02
5.54528538731684e+02
5.54528538731684e+02
5.08342450431731e+02
5.08342450431731e+02
4.54911841132786e+02
4.54911841132786e+02
3.42935950053291e+02
3.42935950053291e+02
3.55288451205046e+02
3.55288451205046e+02
4.73491933346392e+02
4.73491933346392e+02
5.74906936303861e+02
5.74906936303861e+02
6.83426413125271e+02
6.83426413125271e+02
7.36159830514768e+02
7.36159830514768e+02
1.00067869031777e+03
1.00067869031777e+03
8.92351046248599e+02
8.92351046248599e+02
2.93521865868554e+02
2.93521865868554e+02
5.84637380346185e+02
5.84637380346185e+02
1.13337886115862e+03
1.13337886115862e+03
1.06480612097201e+03
1.06480612097201e+03
7.68997066972334e+02
1.33700895851119e+03
1.33700895851119e+03
2.67444360443028e+02
2.67444360443028e+02
2.78112717688090e+02
2.78112717688090e+02
7.16565001102340e+02
7.16565001102340e+02
7.18786178028190e+02
7.18786178028190e+02
5.94631431191502e+02
5.94631431191502e+02
5.56454774563920e+02
5.56454774563920e+02
5.12489473347172e+02
5.12489473347172e+02
3.97689006790472e+02
3.97689006790472e+02
3.81604619540336e+02
3.81604619540336e+02
4.20502397038581e+02
4.20502397038581e+02
6.62935873463166e+02
6.62935873463166e+02
9.79831180721456e+02
9.79831180721456e+02
7.07341020412441e+02
7.07341020412441e+02
7.23210707560758e+02
7.23210707560758e+02
7.05800924096848e+02
7.05800924096848e+02
6.76999184472918e+02
6.76999184472918e+02
5.63466802634127e+02
5.63466802634127e+02
4.13801682850742e+02
4.13801682850742e+02
1.07502808896248e+03
1.07502808896248e+03
8.83674350770204e+02
8.83674350770204e+02
1.02511874697447e+03
1.02511874697447e+03
7.22497552768376e+02
7.22497552768376e+02
8.72739899789147e+02
8.72739899789147e+02
7.66887274698118e+02
7.66887274698118e+02
6.60546657875740e+02
6.60546657875740e+02
1.22104207107996e+03
1.22104207107996e+03
1.16981886675640e+03
1.16981886675640e+03
1.04371121979123e+03
1.04371121979123e+03
9.14507257388433e+02
9.14507257388433e+02
1.22381634597204e+03
1.22381634597204e+03
1.04457920332871e+03
1.04457920332871e+03
9.75559359403351e+02
9.75559359403351e+02
4.89290851387915e+02
4.89290851387915e+02
6.43460151033106e+02
6.43460151033106e+02
7.87967033799170e+02
7.87967033799170e+02
1.25446056224127e+03
1.25446056224127e+03
1.15243799242967e+03
1.15243799242967e+03
4.44888694481706e+02
4.44888694481706e+02
7.05721235963438e+02
7.05721235963438e+02
1.44039503558077e+03
1.44039503558077e+03
1.09620145162433e+03
1.09620145162433e+03
6.90455444540857e+02
6.90455444540857e+02
1.50438868305587e+03
1.50438868305587e+03
7.19797584162751e+02
7.19797584162751e+02
1.51926851113160e+03
1.51926851113160e+03
6.19186369227930e+02
6.19186369227930e+02
2.43901640558214e+02
2.43901640558214e+02
5.07496911347463e+01
5.07496911347463e+01
1.37603055302492e+03
1.37603055302492e+03
1.86015496280625e+03
8.64701761623322e+02
7.83711444299838e+02
7.83711444299838e+02
8.31057481197726e+02
8.31057481197726e+02
6.68695363370261e+02
6.68695363370261e+02
7.92256088072104e+02
7.92256088072104e+02
6.67526508331468e+02
6.67526508331468e+02
6.36436263024434e+02
6.36436263024434e+02
6.02306562915642e+02
6.02306562915642e+02
4.85265723798382e+02
4.85265723798382e+02
4.64651460920694e+02
4.64651460920694e+02
4.82908044351751e+02
4.82908044351751e+02
4.15398596175838e+02
4.15398596175838e+02
4.98860525309396e+02
4.98860525309396e+02
6.94475766738579e+02
6.94475766738579e+02
1.22527291232289e+03
1.22527291232289e+03
9.81451719318598e+02
9.81451719318598e+02
3.80474605529095e+02
3.80474605529095e+02
4.27173168543443e+02
4.27173168543443e+02
8.68972429825454e+02
8.68972429825454e+02
9.75665221926744e+02
9.75665221926744e+02
9.78436856425552e+02
9.85228136520069e+02
1.58677920676511e+03
3.59263781267482e+02
3.82543682152889e+02
3.82543682152889e+02
1.58836722654212e+02
1.58836722654212e+02
7.52894788101135e+02
7.52894788101135e+02
7.32514376348589e+02
7.32514376348589e+02
7.13518322323778e+02
7.13518322323778e+02
6.00330953773386e+02
6.00330953773386e+02
6.02254858131560e+02
6.02254858131560e+02
6.60018740256501e+02
6.60018740256501e+02
5.66700442992403e+02
5.66700442992403e+02
4.22426339045057e+02
4.22426339045057e+02
1.12137401377850e+03
1.12137401377850e+03
8.19396001338044e+02
8.19396001338044e+02
8.55014312725840e+02
8.55014312725840e+02
8.57778921629488e+02
8.57778921629488e+02
8.67357492966533e+02
8.67357492966533e+02
7.80029301168491e+02
7.80029301168491e+02
6.56720697241548e+02
6.56720697241548e+02
6.55575053399345e+02
6.55575053399345e+02
1.63877118784354e+03
1.63877118784354e+03
1.39280522203792e+03
1.39280522203792e+03
1.34325102335989e+03
1.34325102335989e+03
1.36136536254426e+03
1.36136536254426e+03
1.16971957688774e+03
1.16971957688774e+03
1.17458930023987e+03
1.17458930023987e+03
9.08501021863932e+02
9.08501021863932e+02
1.35028989556398e+03
1.35028989556398e+03
1.14425488199309e+03
1.14425488199309e+03
1.19531125975339e+03
1.19531125975339e+03
1.05810951634565e+03
1.05810951634565e+03
1.65161974683622e+03
1.65161974683622e+03
1.44977819176728e+03
1.44977819176728e+03
1.21858711112031e+03
1.21858711112031e+03
5.44623544662769e+02
5.44623544662769e+02
1.12831586192645e+03
1.12831586192645e+03
9.34404236458797e+02
9.34404236458797e+02
3.75356295585419e+02
3.75356295585419e+02
3.88371300831793e+02
3.88371300831793e+02
6.24387503125464e+02
6.24387503125464e+02
1.02048125653918e+03
1.02048125653918e+03
1.54830078366925e+03
1.54830078366925e+03
1.27132634274119e+03
1.27132634274119e+03
1.17267579367559e+03
1.17267579367559e+03
6.94970317188312e+02
1.63606020800709e+03
8.10740733427226e+02
4.22783605941191e+02
2.64471560983552e+02
2.64471560983552e+02
1.35040008259917e+02
1.35040008259917e+02
1.15294069949737e+03
1.15294069949737e+03
9.15738454872294e+02
7.79510460879353e+02
6.78287790279699e+02
8.57460891682062e+02
8.57460891682062e+02
9.08872611084911e+02
9.08872611084911e+02
4.90244623090400e+02
4.90244623090400e+02
8.82425878561242e+02
8.82425878561242e+02
8.70384348826221e+02
8.70384348826221e+02
7.48513446457375e+02
7.48513446457375e+02
7.68502037215986e+02
7.68502037215986e+02
8.67871930683638e+02
8.67871930683638e+02
7.78936454338574e+02
7.78936454338574e+02
6.16009677867351e+02
6.16009677867351e+02
4.55487313706168e+02
4.55487313706168e+02
7.97950460560571e+02
7.97950460560571e+02
7.42492510684649e+02
7.42492510684649e+02
3.36099601508831e+02
5.21276271054712e+02
6.35964451540583e+02
1.23883620808877e+03
4.89340173076870e+02
6.27453277644623e+02
6.27453277644623e+02
9.50299242913997e+02
9.50299242913997e+02
1.64583195814641e+03
1.64583195814641e+03
4.55237243501196e+02
4.55237243501196e+02
5.85488092559783e+02
5.85488092559783e+02
2.64757903067914e+02
2.64757903067914e+02
3.65557013975790e+02
3.65557013975790e+02
1.76269174629352e+03
1.76269174629352e+03
1.53686966154956e+03
1.53686966154956e+03
1.59637687656539e+03
1.59637687656539e+03
1.81993333609321e+03
1.81993333609321e+03
1.64997097236916e+03
1.64997097236916e+03
1.30357871045265e+03
1.30357871045265e+03
1.00211902262234e+03
1.00211902262234e+03
5.91911320868071e+02
5.91911320868071e+02
1.68907896133559e+03
1.68907896133559e+03
1.75708699713715e+03
1.75708699713715e+03
1.75788040022093e+03
1.75788040022093e+03
1.79592014174759e+03
1.79592014174759e+03
1.63371728002733e+03
1.63371728002733e+03
1.42825431790942e+03
1.42825431790942e+03
1.53308554315292e+03
1.53308554315292e+03
9.74891521910610e+02
9.74891521910610e+02
1.83914108819258e+03
1.83914108819258e+03
1.54253462819249e+03
1.54253462819249e+03
1.76744541418884e+03
1.76744541418884e+03
1.27277765200464e+03
1.27277765200464e+03
1.54407314507417e+03
1.54407314507417e+03
1.39650823014319e+03
1.39650823014319e+03
1.37087602355634e+03
1.37087602355634e+03
1.25810991996612e+03
1.25810991996612e+03
2.22422338770517e+03
2.22422338770517e+03
1.93984793817326e+03
1.93984793817326e+03
1.71147930816734e+03
1.71147930816734e+03
1.51299958402597e+03
1.51299958402597e+03
1.34266685286000e+03
1.34266685286000e+03
1.94179284953644e+03
1.94179284953644e+03
1.58436428777444e+03
1.58436428777444e+03
1.44280226855878e+03
1.44280226855878e+03
5.58004445046960e+02
5.58004445046960e+02
2.39104404614218e+02
2.39104404614218e+02
5.99265903903686e+02
5.99265903903686e+02
7.09699386766338e+02
7.09699386766338e+02
1.53330419872182e+03
1.53330419872182e+03
7.02034797222616e+02
7.02034797222616e+02
2.87448401013914e+02
2.87448401013914e+02
1.51332304380630e+03
1.51332304380630e+03
1.43863019832623e+03
1.43863019832623e+03
4.24924515242929e+02
4.24924515242929e+02
1.34130314841169e+03
1.34130314841169e+03
8.06716593964550e+02
8.06716593964550e+02
4.87564641319812e+02
4.87564641319812e+02
4.42218470491625e+02
4.42218470491625e+02
2.80326618078873e+02
2.80326618078873e+02
4.71954276740742e+02
4.71954276740742e+02
1.20638033807250e+03
1.20638033807250e+03
1.20513729205738e+03
1.20513729205738e+03
1.31340915842286e+03
1.31340915842286e+03
1.13893395322083e+03
1.13893395322083e+03
8.59719791396553e+02
8.59719791396553e+02
6.62775263500714e+02
6.62775263500714e+02
3.43793318337697e+02
3.43793318337697e+02
5.42247161479212e+01
5.42247161479212e+01
3.31396416513433e+02
3.31396416513433e+02
6.29798608619276e+02
6.29798608619276e+02
6.97647622313120e+02
1.53965616640728e+03
7.12439758111592e+02
3.49520940255384e+02
8.00070202592098e+01
7.39606656154157e+02
7.39606656154157e+02
1.45449216410698e+03
3.70866171114125e+02
6.20931345612682e+02
3.12815755585199e+02
3.12815755585199e+02
3.35954013640182e+02
3.35954013640182e+02
3.52475883371204e+02
3.52475883371204e+02
2.93651389709011e+02
2.93651389709011e+02
2.14301656960050e+02
2.14301656960050e+02
1.66497734911803e+02
1.66497734911803e+02
8.51287102621590e+01
8.51287102621590e+01
1.90897116311876e+01
1.90897116311876e+01
-3.53543097995299e+02
-3.53543097995299e+02
8.86931936802972e+02
8.86931936802972e+02
8.85024476399138e+02
8.85024476399138e+02
9.05142921073393e+02
9.05142921073393e+02
8.16498114583959e+02
8.16498114583959e+02
7.05698944924444e+02
7.05698944924444e+02
7.40295365129326e+02
7.40295365129326e+02
4.96672625795540e+02
4.96672625795540e+02
2.09150154141938e+02
2.09150154141938e+02
2.09251609339631e+03
2.09251609339631e+03
1.75045213924866e+03
1.75045213924866e+03
1.66351347989806e+03
1.66351347989806e+03
1.59101591685079e+03
1.59101591685079e+03
1.33742492888125e+03
1.33742492888125e+03
1.32491988174524e+03
1.32491988174524e+03
1.07363086776394e+03
1.07363086776394e+03
8.11480299275580e+02
8.11480299275580e+02
1.84626359601634e+03
1.84626359601634e+03
1.70977091102155e+03
1.70977091102155e+03
1.44985196636231e+03
1.44985196636231e+03
1.31078713022557e+03
1.31078713022557e+03
1.06776597351423e+03
1.06776597351423e+03
1.49045099594555e+03
1.49045099594555e+03
1.26920131885070e+03
1.26920131885070e+03
1.06629094287943e+03
1.06629094287943e+03
6.89607927614356e+02
6.89607927614356e+02
7.04869459027149e+02
7.04869459027149e+02
1.54053066401836e+03
1.54053066401836e+03
6.78924772339316e+02
6.78924772339316e+02
3.54503910904561e+02
3.54503910904561e+02
1.18294458264200e+02
1.18294458264200e+02
1.06537988092127e+02
1.35417784545023e+03
1.35417784545023e+03
1.10447452388648e+03
1.10447452388648e+03
1.09885611250305e+03
1.09885611250305e+03
7.60783156199647e+02
7.60783156199647e+02
4.70865980360873e+02
5.32052644909983e+02
4.27135657188866e+02
5.93807427633990e+02
5.93807427633990e+02
2.41285704203231e+02
2.41285704203231e+02
1.37805972774693e+03
1.37805972774693e+03
1.28107600269069e+03
1.28107600269069e+03
1.06003049135774e+03
1.06003049135774e+03
9.59084497873673e+02
9.59084497873673e+02
6.94317936793774e+02
6.94317936793774e+02
5.33048895258860e+02
5.33048895258860e+02
5.06723849353822e+02
5.06723849353822e+02
4.45616747425914e+02
4.45616747425914e+02
3.92911068774828e+02
3.92911068774828e+02
1.10483133755790e+03
1.10483133755790e+03
5.74970617713568e+02
5.74970617713568e+02
3.47581784265312e+02
3.47581784265312e+02
1.40141826575147e+02
1.40141826575147e+02
2.15558919166926e+02
2.15558919166926e+02
9.68538280591528e+02
9.68538280591528e+02
3.92933909237317e+02
3.92933909237317e+02
5.95430033037311e+02
4.05251367228588e+02
6.99768820027639e+02
3.69373924408341e+02
3.69373924408341e+02
1.09324972368742e+03
1.09324972368742e+03
8.94964951620961e+02
8.94964951620961e+02
8.15530691509436e+02
8.15530691509436e+02
6.05363930431885e+02
6.05363930431885e+02
4.87880392149419e+02
4.87880392149419e+02
5.24677260747123e+02
5.24677260747123e+02
5.79532506449633e+02
5.79532506449633e+02
2.11210638399279e+02
2.11210638399279e+02
1.91551535966155e+03
1.93983533364826e+03
1.74120115537610e+03
1.74120115537610e+03
1.52056523039988e+03
1.52056523039988e+03
1.65001674317896e+03
1.65001674317896e+03
1.25094340501046e+03
1.25094340501046e+03
8.11885111644012e+02
8.11885111644012e+02
8.41252161719230e+02
8.41252161719230e+02
2.22932988996818e+03
2.22932988996818e+03
2.37655259097411e+03
2.37655259097411e+03
1.66894001882332e+03
1.66894001882332e+03
1.89758274469534e+03
1.89758274469534e+03
1.62983707912317e+03
1.62983707912317e+03
1.56092648364999e+03
1.56092648364999e+03
1.39659584688931e+03
1.39659584688931e+03
8.41891701883753e+02
8.41891701883753e+02
1.86926830013851e+03
1.86926830013851e+03
1.51472965000451e+03
1.51472965000451e+03
1.49159892268188e+03
1.49159892268188e+03
1.34513468193408e+03
1.34513468193408e+03
1.09106053724036e+03
1.09106053724036e+03
1.72626280945287e+03
1.72626280945287e+03
1.41814875810226e+03
1.41814875810226e+03
1.30601270725067e+03
1.30601270725067e+03
1.18304326102712e+03
1.18304326102712e+03
9.32395807918312e+02
9.32395807918312e+02
5.24312074625675e+02
5.24312074625675e+02
3.26900744706273e+02
3.26900744706273e+02
1.58321579478591e+02
1.58321579478591e+02
3.66538238580107e+02
3.66538238580107e+02
2.33159025008760e+02
2.33159025008760e+02
1.60089646730523e+03
1.30406037035171e+03
1.14816544812222e+03
1.14816544812222e+03
4.75425312620441e+02
4.75425312620441e+02
3.17487585200903e+02
4.54176489446190e+02
4.22387748152511e+02
6.26085605529382e+02
3.34226042179462e+02
3.34226042179462e+02
2.99801018069459e+02
2.99801018069459e+02
1.90192930270433e+03
1.90192930270433e+03
1.81292517374210e+03
1.81292517374210e+03
1.40715365222904e+03
1.40715365222904e+03
1.21166286539161e+03
1.21166286539161e+03
1.40955213782815e+03
1.40955213782815e+03
1.54890016558143e+03
1.54890016558143e+03
5.25092871625909e+02
5.25092871625909e+02
8.72382385001123e+02
2.59578828329912e+02
2.59578828329912e+02
2.92941075471267e+02
2.92941075471267e+02
1.62404489228170e+02
3.04409223088204e+02
2.17682639949808e+02
1.74876970542874e+01
9.72253119840567e+01
9.72253119840567e+01
2.72347117922994e+02
2.72347117922994e+02
4.57775845972480e+02
4.57775845972480e+02
3.42475837491753e+02
3.42475837491753e+02
6.51514217586610e+02
6.51514217586610e+02
4.21532159202335e+02
4.21532159202335e+02
4.02611892510606e+02
4.02611892510606e+02
3.24349389883742e+02
3.24349389883742e+02
9.56806662976424e+02
9.56806662976424e+02
7.48346005994287e+02
7.48346005994287e+02
6.63826835576503e+02
8.23293149872340e+02
8.23293149872340e+02
8.76599809483706e+02
8.76599809483706e+02
3.53916464016059e+02
3.53916464016059e+02
5.46019465716622e+02
5.46019465716622e+02
1.00710069401234e+03
1.00710069401234e+03
1.26532927622818e+03
1.26532927622818e+03
1.15317674032539e+03
1.15317674032539e+03
1.02340550821485e+03
1.02340550821485e+03
1.10417558767544e+03
1.10417558767544e+03
7.96011849696652e+02
7.96011849696652e+02
5.67284058336482e+02
5.67284058336482e+02
7.17368363916033e+02
7.17368363916033e+02
4.03387110266227e+02
4.03387110266227e+02
1.23289182140509e+03
1.23289182140509e+03
1.17212094511457e+03
1.17212094511457e+03
1.10539212803502e+03
1.10539212803502e+03
9.45552322651669e+02
9.45552322651669e+02
9.72534859417830e+02
9.72534859417830e+02
8.56695782230048e+02
8.56695782230048e+02
7.32480886131210e+02
7.32480886131210e+02
5.73401434792109e+02
5.73401434792109e+02
1.29979952209634e+03
1.29979952209634e+03
1.11689044399831e+03
1.11689044399831e+03
9.67014098088507e+02
9.67014098088507e+02
8.55517585762896e+02
8.55517585762896e+02
8.21374816684951e+02
8.21374816684951e+02
5.59327018623850e+02
5.59327018623850e+02
1.10590644165162e+03
1.10590644165162e+03
9.63062181348727e+02
9.63062181348727e+02
8.60474245092968e+02
8.60474245092968e+02
7.36933497680931e+02
7.36933497680931e+02
3.70293352820278e+02
3.70293352820278e+02
3.36542778132051e+02
3.36542778132051e+02
5.88341844940864e+02
5.88341844940864e+02
4.96347244662389e+02
4.96347244662389e+02
2.03660425053554e+02
2.03660425053554e+02
2.13149178258623e+02
2.13149178258623e+02
1.02966729685307e+02
1.02966729685307e+02
9.98095909425794e+02
9.98095909425794e+02
8.00173044938700e+02
8.00173044938700e+02
7.90661545282661e+02
7.90661545282661e+02
4.75429007795738e+02
4.75429007795738e+02
6.92533991512272e+02
6.92533991512272e+02
5.02307329321746e+02
5.02307329321746e+02
6.17214028864128e+02
6.17214028864128e+02
4.32048292193738e+02
4.32048292193738e+02
5.15393170121460e+02
5.15393170121460e+02
3.14637709987105e+02
3.14637709987105e+02
3.98622945833794e+02
3.98622945833794e+02
3.62076370395639e+02
4.72149668153693e+02
4.92852123643304e+02
4.92852123643304e+02
2.28660342625105e+02
2.28660342625105e+02
1.81969168829424e+02
1.81969168829424e+02
6.18796484761266e+02
6.18796484761266e+02
9.06978138043294e+02
9.06978138043294e+02
3.42096936530934e+02
3.42096936530934e+02
6.65213951798270e+02
6.65213951798270e+02
6.83406460098965e+02
6.83406460098965e+02
4.30287493221014e+02
4.30287493221014e+02
2.44149279230291e+02
1.50705763536515e+02
1.50705763536515e+02
3.60839681360509e+02
3.60839681360509e+02
7.42571264898187e+02
7.42571264898187e+02
5.73184682560027e+02
5.73184682560027e+02
6.83493348962455e+02
5.25274226585074e+02
5.25274226585074e+02
2.88918042422030e+02
2.88918042422030e+02
2.07298013186596e+02
2.07298013186596e+02
2.83288638466233e+02
2.83288638466233e+02
3.04422840678306e+02
3.04422840678306e+02
1.61463322357864e+02
1.61463322357864e+02
5.32073743270624e+01
5.32073743270624e+01
3.74138032704210e+02
3.74138032704210e+02
8.13843265799022e+02
8.13843265799022e+02
3.66583653512645e+02
3.66583653512645e+02
5.53716101676633e+02
5.53716101676633e+02
5.03309098828262e+02
5.03309098828262e+02
5.49025458540299e+02
5.49025458540299e+02
3.81565403409425e+02
3.81565403409425e+02
2.77144463868827e+02
2.77144463868827e+02
3.72341623773395e+02
3.72341623773395e+02
1.25898735699911e+02
1.25898735699911e+02
8.39540027326171e+02
8.39540027326171e+02
7.74781113590312e+02
7.74781113590312e+02
5.56671534056230e+02
5.56671534056230e+02
6.45412783366486e+02
6.45412783366486e+02
5.77127421255856e+02
5.77127421255856e+02
5.91976908562088e+02
5.91976908562088e+02
5.63843961015499e+02
5.63843961015499e+02
3.42755658770374e+02
3.42755658770374e+02
2.14502964871993e+02
2.14502964871993e+02
7.77174098528890e+02
7.35809944606136e+02
6.47311700251922e+02
6.47311700251922e+02
6.47131163991506e+02
6.47131163991506e+02
6.42327715321412e+02
6.42327715321412e+02
4.46722962188100e+02
4.46722962188100e+02
6.90952079841383e+02
6.90952079841383e+02
5.78943754886880e+02
5.78943754886880e+02
5.90942458511626e+02
5.90942458511626e+02
4.38118993082182e+02
4.38118993082182e+02
3.89752430144071e+02
3.89752430144071e+02
5.75194041808946e+02
5.75194041808946e+02
5.33585897544544e+02
5.33585897544544e+02
2.44970202804172e+02
2.44970202804172e+02
2.62253346417029e+02
2.62253346417029e+02
4.47656576142874e+02
4.47656576142874e+02
2.48795559188686e+02
2.48795559188686e+02
5.97989562738748e+02
5.97989562738748e+02
5.32078734026131e+02
5.32078734026131e+02
5.22463380843979e+02
5.22463380843979e+02
6.23002499282009e+02
6.23002499282009e+02
4.22151893670705e+02
4.43918639366226e+02
4.19646121381365e+02
4.19646121381365e+02
6.14404585729172e+02
6.14404585729172e+02
4.60012895304096e+02
4.60012895304096e+02
2.93441670522621e+02
2.93441670522621e+02
4.86437045607571e+02
4.86437045607571e+02
4.91118731528431e+02
4.91118731528431e+02
2.15465703952975e+02
2.15465703952975e+02
1.67296087284259e+02
1.67296087284259e+02
6.69281423739628e+02
6.69281423739628e+02
1.47755038637657e+03
1.47755038637657e+03
6.89774182596392e+02
6.89774182596392e+02
2.53892944307569e+02
2.53892944307569e+02
2.61510763097126e+02
2.61510763097126e+02
4.22940299949859e+02
4.22940299949859e+02
1.45881202621596e+02
1.45881202621596e+02
3.33407684294262e+02
3.33407684294262e+02
5.50727613416990e+02
5.50727613416990e+02
3.17720169353575e+02
3.17720169353575e+02
2.45182547373463e+02
2.45182547373463e+02
3.33947341648799e+02
3.33947341648799e+02
4.48110671462046e+02
4.48110671462046e+02
3.25237069391712e+02
3.25237069391712e+02
4.96896007065023e+02
4.96896007065023e+02
6.18274089927729e+02
6.18274089927729e+02
4.23472664238386e+02
4.23472664238386e+02
3.40052272485239e+02
6.96541715062841e+02
6.96541715062841e+02
3.40690714606254e+02
3.40690714606254e+02
5.24133017402506e+01
5.24133017402506e+01
6.61383039986931e+02
6.61383039986931e+02
1.69259856096112e+03
1.69259856096112e+03
8.49192103264583e+02
8.49192103264583e+02
3.60234093982185e+02
3.60234093982185e+02
6.20989705133692e+01
6.20989705133692e+01
5.72851978892869e+02
5.72851978892869e+02
6.46835473028760e+02
6.46835473028760e+02
4.60056568626032e+02
4.60056568626032e+02
3.50360749105103e+02
3.50360749105103e+02
5.17642962865624e+02
5.17642962865624e+02
1.29079564824784e+02
1.29079564824784e+02
1.08618208517125e+03
1.08618208517125e+03
4.59476592791514e+02
4.59476592791514e+02
7.19483923049467e+02
7.19483923049467e+02
7.07134580156712e+02
7.07134580156712e+02
6.38475271236796e+02
6.38475271236796e+02
7.08746506347594e+02
7.08746506347594e+02
6.96204462922000e+02
6.96204462922000e+02
6.41451735722739e+02
6.41451735722739e+02
5.65681350411173e+02
5.65681350411173e+02
6.98432962451760e+02
6.98432962451760e+02
6.45581244377580e+02
6.45581244377580e+02
5.50708848680614e+02
5.50708848680614e+02
5.85699131901936e+02
5.85699131901936e+02
6.10744415523585e+02
6.10744415523585e+02
5.73425830965975e+02
5.73425830965975e+02
2.88105952793988e+02
2.88105952793988e+02
5.39049771212416e+02
5.39049771212416e+02
5.04999399227404e+02
5.04999399227404e+02
5.55952265207788e+02
5.55952265207788e+02
5.05401670877384e+02
5.05401670877384e+02
1.00827561482078e+03
1.00827561482078e+03
4.83051994655677e+01
4.83051994655677e+01
4.50125272644672e+02
4.50125272644672e+02
4.50770040851378e+02
4.50770040851378e+02
3.27733225395111e+02
3.27733225395111e+02
2.63588267332827e+02
2.63588267332827e+02
2.02117905751144e+02
2.02117905751144e+02
4.93388358440518e+02
4.93388358440518e+02
5.34449715697566e+02
5.34449715697566e+02
4.83978211248987e+02
4.83978211248987e+02
2.01943322832142e+02
2.01943322832142e+02
2.44106795985653e+02
2.44106795985653e+02
3.60802206925935e+02
3.60802206925935e+02
6.48573802508530e+02
6.48573802508530e+02
5.80340909148222e+02
5.80340909148222e+02
4.85504417902868e+02
4.85504417902868e+02
4.30395397408383e+02
4.30395397408383e+02
1.66477770269999e+02
1.66477770269999e+02
1.51734988073081e+01
1.51734988073081e+01
3.30281790659199e+02
3.30281790659199e+02
9.39408462625959e+02
9.39408462625959e+02
5.42484214419100e+02
5.42484214419100e+02
2.93200871635493e+02
2.93200871635493e+02
8.96913817026265e+01
8.96913817026265e+01
4.58396163001231e+01
4.58396163001231e+01
-5.31417544391711e+02
-5.31417544391711e+02
4.07307084580032e+02
4.07307084580032e+02
2.72756233711316e+02
2.72756233711316e+02
2.78322494128118e+02
2.78322494128118e+02
2.66363113144227e+02
2.66363113144227e+02
2.19112892993228e+02
2.19112892993228e+02
1.93927073256042e+02
1.93927073256042e+02
3.28467756701306e+02
3.28467756701306e+02
2.40660933397199e+02
2.40660933397199e+02
4.70900306462811e+02
4.70900306462811e+02
6.87747233406201e+02
6.87747233406201e+02
5.52080634932493e+02
5.52080634932493e+02
6.00449397420532e+02
6.00449397420532e+02
4.12454379445026e+02
4.12454379445026e+02
-2.01414580799186e+02
-2.01414580799186e+02
9.73081047329971e+01
9.73081047329971e+01
5.43291544831678e+02
2.24041235958847e+02
2.24041235958847e+02
1.22214545679341e+02
1.22214545679341e+02
3.83260462650389e+01
3.83260462650389e+01
-5.09804630205212e+00
-5.09804630205212e+00
-8.42637418373548e+02
-8.42637418373548e+02
9.79336233555066e+02
9.79336233555066e+02
7.03899096767673e+02
7.03899096767673e+02
5.50027012795117e+02
5.50027012795117e+02
9.12635917977424e+02
9.12635917977424e+02
1.20538731551719e+01
1.20538731551719e+01
6.38072998564239e+02
6.38072998564239e+02
2.94475990430673e+02
2.94475990430673e+02
1.28875969459823e+02
1.28875969459823e+02
4.74450263471023e+02
4.74450263471023e+02
5.79402295557443e+02
5.79402295557443e+02
5.53633115223689e+02
5.53633115223689e+02
6.23088806317503e+02
6.23088806317503e+02
6.70735532093664e+02
6.70735532093664e+02
4.57169448992616e+02
4.57169448992616e+02
2.74132664497853e+02
2.74132664497853e+02
3.14807206915231e+02
3.14807206915231e+02
5.53390017673763e+02
5.53390017673763e+02
5.01198097207630e+02
5.01198097207630e+02
4.68152004443989e+02
4.68152004443989e+02
4.64776401098146e+02
4.64776401098146e+02
5.42359214118879e+02
5.42359214118879e+02
4.62625645814313e+02
4.62625645814313e+02
3.90140546679011e+02
3.90140546679011e+02
5.05498624744469e+02
5.05498624744469e+02
4.51288868641952e+02
4.51288868641952e+02
4.81341972379342e+02
4.81341972379342e+02
5.82452419460756e+02
5.82452419460756e+02
3.28004316167472e+02
3.28004316167472e+02
1.91704847145232e+02
1.91704847145232e+02
1.29652073216774e+02
1.29652073216774e+02
1.94976709602727e+02
1.94976709602727e+02
2.35829390676322e+02
2.35829390676322e+02
2.46631648262699e+02
2.46631648262699e+02
2.53515061448087e+02
2.53515061448087e+02
2.09147101001408e+02
2.09147101001408e+02
4.67822585161853e+02
4.67822585161853e+02
4.99308720984501e+02
4.99308720984501e+02
5.47953078491762e+02
5.47953078491762e+02
8.26075088809600e+01
8.26075088809600e+01
2.43995330718751e+02
2.43995330718751e+02
5.59340044954740e+02
5.59340044954740e+02
5.95346583178426e+02
5.95346583178426e+02
6.00315523928311e+02
6.00315523928311e+02
6.89639024904986e+02
6.89639024904986e+02
3.53039354258142e+02
3.53039354258142e+02
2.42736962672768e+02
2.42736962672768e+02
1.60458656118869e+03
1.60458656118869e+03
6.84776783488857e+02
4.28407374401289e+02
4.28407374401289e+02
1.57176628653119e+02
1.57176628653119e+02
5.43914070191173e+02
5.43914070191173e+02
2.67919220799447e+02
2.67919220799447e+02
-2.66416095998132e+03
-2.66416095998132e+03
1.31545712989745e+02
1.31545712989745e+02
1.78337141099489e+02
1.78337141099489e+02
2.10615760919871e+02
2.10615760919871e+02
2.61797946532390e+02
2.61797946532390e+02
3.25753389542143e+02
3.25753389542143e+02
2.93707273646950e+02
2.93707273646950e+02
2.18562658752927e+02
2.18562658752927e+02
1.57535831312869e+02
1.57535831312869e+02
3.28243568682320e+02
3.28243568682320e+02
5.82626112308108e+02
5.82626112308108e+02
5.44912362765067e+02
5.44912362765067e+02
7.25830611270388e+02
7.25830611270388e+02
6.42733032311249e+02
6.42733032311249e+02
3.27782074649073e+02
3.27782074649073e+02
2.87733122372957e+02
2.87733122372957e+02
9.52985582914651e+01
9.52985582914651e+01
1.23770980772845e+01
1.23770980772845e+01
-3.36283846218703e+00
-3.36283846218703e+00
-6.62975603425549e+01
-6.62975603425549e+01
-5.10371547426559e+01
-5.10371547426559e+01
-9.71536925074774e+01
-9.71536925074774e+01
3.95135833869779e+01
3.95135833869779e+01
2.78790543934196e+02
2.78790543934196e+02
2.19573666560957e+02
2.19573666560957e+02
3.30150030608288e+02
3.30150030608288e+02
7.64415176043912e+01
7.64415176043912e+01
2.72664057782954e+02
2.72664057782954e+02
8.95970886923777e+01
8.95970886923777e+01
1.09742939436013e+01
1.09742939436013e+01
-6.05084126496552e+01
-6.05084126496552e+01
3.06225707000069e+02
3.06225707000069e+02
2.83491966945475e+02
2.83491966945475e+02
3.26988715227051e+02
3.26988715227051e+02
3.41776801642314e+02
3.41776801642314e+02
3.42580765671329e+02
3.42580765671329e+02
3.26169483633507e+02
3.26169483633507e+02
2.38853217964586e+02
2.38853217964586e+02
8.49924382459389e+01
8.49924382459389e+01
3.68737352817999e+02
3.68737352817999e+02
3.58936273596765e+02
3.58936273596765e+02
3.30522570683616e+02
3.30522570683616e+02
3.64244871808345e+02
3.64244871808345e+02
4.29529672277231e+02
4.29529672277231e+02
3.89899198029171e+02
3.89899198029171e+02
2.38570183370311e+02
2.38570183370311e+02
3.74368636133620e+02
3.74368636133620e+02
3.48619699882533e+02
3.48619699882533e+02
3.61326066801133e+02
3.61326066801133e+02
4.18111985926473e+02
4.18111985926473e+02
3.53343279311715e+02
3.53343279311715e+02
1.13089328273666e+02
1.13089328273666e+02
1.35132090192510e+02
1.35132090192510e+02
2.10155872428196e+02
2.10155872428196e+02
3.42081796491269e+02
3.42081796491269e+02
3.71591449616556e+02
3.71591449616556e+02
2.88766105660797e+02
2.88766105660797e+02
2.17800166570921e+02
2.17800166570921e+02
3.77743901741072e+02
3.77743901741072e+02
3.39607961959783e+02
3.39607961959783e+02
3.97612741978854e+02
3.97612741978854e+02
3.11199840962816e+02
3.11199840962816e+02
1.24949149325057e+02
1.24949149325057e+02
3.75969341394707e+02
3.75969341394707e+02
4.86386001113194e+02
4.86386001113194e+02
5.83136829074105e+02
5.83136829074105e+02
8.31497694297261e+02
8.31497694297261e+02
5.42478568786734e+02
5.42478568786734e+02
3.84132954476009e+02
3.84132954476009e+02
2.08181376530343e+02
2.08181376530343e+02
1.15428811563153e+02
1.15428811563153e+02
4.33172583776826e+01
4.33172583776826e+01
1.36176273229306e+02
1.36176273229306e+02
8.14059366257017e+01
8.14059366257017e+01
-4.98523140188894e+01
-4.98523140188894e+01
1.77240026518038e+02
1.77240026518038e+02
8.83448414352586e+01
8.83448414352586e+01
2.37285114910771e+02
2.37285114910771e+02
2.36181397891258e+02
2.36181397891258e+02
4.07784184298189e+02
4.07784184298189e+02
4.81098717169001e+02
4.81098717169001e+02
4.02591610199873e+02
4.02591610199873e+02
2.79706830709523e+02
2.79706830709523e+02
2.38454867837285e+02
2.38454867837285e+02
2.70231041551293e+02
2.70231041551293e+02
5.40432049407012e+02
5.40432049407012e+02
5.14030089733859e+02
5.14030089733859e+02
7.62866538850566e+02
7.62866538850566e+02
8.07373534684852e+02
8.07373534684852e+02
4.77625310598519e+02
4.77625310598519e+02
4.23342091406377e+02
1.55372105151331e+02
1.55372105151331e+02
6.19804511194573e+01
6.19804511194573e+01
2.10645413285993e+02
2.10645413285993e+02
1.37295087159895e+02
1.37295087159895e+02
-1.07021668706315e+01
-1.07021668706315e+01
1.53937509437283e+02
1.53937509437283e+02
4.13346354907446e+01
4.13346354907446e+01
3.09090565814310e+02
3.09090565814310e+02
2.73330255413416e+02
2.73330255413416e+02
4.73103869202856e+02
4.73103869202856e+02
5.10520568243154e+01
5.10520568243154e+01
4.47136417409693e+02
4.47136417409693e+02
2.28374125400308e+02
2.28374125400308e+02
1.75040571424619e+02
1.75040571424619e+02
6.44185357598436e+01
6.44185357598436e+01
7.19859783961265e+01
7.19859783961265e+01
3.74266825975894e+02
3.74266825975894e+02
3.67969216327084e+02
3.67969216327084e+02
4.34159869076779e+02
4.34159869076779e+02
5.01009125976218e+02
5.01009125976218e+02
3.79134508800917e+02
3.79134508800917e+02
2.89638087213968e+02
2.89638087213968e+02
4.15292708672296e+02
4.15292708672296e+02
1.45570071602452e+02
1.45570071602452e+02
3.70979270966012e+02
3.70979270966012e+02
3.28199745972723e+02
3.28199745972723e+02
3.68539732531457e+02
3.68539732531457e+02
4.24862734491296e+02
4.24862734491296e+02
4.76461736932397e+02
4.76461736932397e+02
3.20238005998822e+02
3.20238005998822e+02
3.42110542121919e+02
3.42110542121919e+02
3.76037635938092e+02
3.76037635938092e+02
3.42982598679772e+02
3.42982598679772e+02
4.14667120689194e+02
4.14667120689194e+02
4.41026078943845e+02
4.41026078943845e+02
4.23291767469790e+02
4.23291767469790e+02
2.30636832285516e+02
2.30636832285516e+02
3.59304452610719e+02
3.59304452610719e+02
4.72649690091118e+02
4.72649690091118e+02
4.45843020191940e+02
4.45843020191940e+02
3.39185641782286e+02
3.39185641782286e+02
2.70269048557000e+02
2.70269048557000e+02
4.07681526625391e+02
4.07681526625391e+02
3.72466373048068e+02
3.72466373048068e+02
5.12173768996532e+02
5.12173768996532e+02
5.11584779852456e+02
5.11584779852456e+02
3.77768833474285e+02
3.77768833474285e+02
4.65855236045150e+02
4.65855236045150e+02
5.27169030423998e+02
5.27169030423998e+02
8.27908481892306e+02
8.27908481892306e+02
6.21492608074710e+02
6.21492608074710e+02
4.58183668417476e+02
4.58183668417476e+02
4.51318873625855e+02
4.51318873625855e+02
8.71075956555039e+01
8.71075956555039e+01
3.02294525877381e+02
3.02294525877381e+02
2.07462031149465e+02
2.07462031149465e+02
3.34696410312680e+01
3.34696410312680e+01
1.66475017233491e+02
1.66475017233491e+02
1.48698188167553e+01
1.48698188167553e+01
2.64960143759309e+02
2.64960143759309e+02
2.09093491364402e+02
2.09093491364402e+02
2.92165659429806e+02
2.92165659429806e+02
3.79416624287847e+02
3.79416624287847e+02
4.08117847308849e+02
4.08117847308849e+02
3.56814331601018e+02
3.56814331601018e+02
3.19390290885991e+02
3.19390290885991e+02
2.84167624395990e+02
2.84167624395990e+02
3.65208847839611e+02
3.65208847839611e+02
3.75426301102851e+02
3.75426301102851e+02
6.02191650293367e+02
6.02191650293367e+02
7.34956989136055e+02
7.34956989136055e+02
4.89870791821230e+02
4.89870791821230e+02
4.29737489013761e+02
4.29737489013761e+02
3.88314627302128e+02
3.88314627302128e+02
5.06153859582910e+02
5.06153859582910e+02
3.59097615787505e+02
3.59097615787505e+02
1.09569038393312e+02
1.09569038393312e+02
2.70531772593066e+02
2.70531772593066e+02
4.25666565979091e+01
4.25666565979091e+01
5.32042664886763e+02
5.32042664886763e+02
2.79651451572421e+02
2.79651451572421e+02
2.33429757654136e+02
2.33429757654136e+02
8.58850919448477e+02
8.58850919448477e+02
1.08550866598547e+02
1.08550866598547e+02
9.02738038546675e+02
9.02738038546675e+02
4.79985344320055e+02
4.79985344320055e+02
3.81573785143395e+02
3.81573785143395e+02
2.36465124815724e+02
2.36465124815724e+02
1.44721850002683e+02
1.44721850002683e+02
3.92713891130689e+02
3.92713891130689e+02
3.97032119587377e+02
3.97032119587377e+02
4.79239623840463e+02
4.79239623840463e+02
5.36445563116955e+02
5.36445563116955e+02
5.89294080661589e+02
5.89294080661589e+02
6.47596657815801e+02
6.47596657815801e+02
5.68423663971986e+02
5.68423663971986e+02
4.09634849700249e+02
4.09634849700249e+02
1.76190866817225e+02
1.76190866817225e+02
4.37292025114375e+02
4.37292025114375e+02
4.02322586565561e+02
4.02322586565561e+02
3.85152308023185e+02
3.85152308023185e+02
3.99336813491013e+02
3.99336813491013e+02
5.10643117947633e+02
5.10643117947633e+02
5.15780951239910e+02
5.15780951239910e+02
6.20460907143832e+02
6.20460907143832e+02
3.20367445321104e+02
3.20367445321104e+02
4.17879267948419e+02
4.17879267948419e+02
4.17995380991070e+02
4.17995380991070e+02
5.37146608624273e+02
5.37146608624273e+02
6.68799482392111e+02
6.68799482392111e+02
4.99311505710837e+02
4.99311505710837e+02
2.62649606685340e+02
2.62649606685340e+02
2.97208070581788e+02
2.97208070581788e+02
3.08345630717464e+02
3.08345630717464e+02
3.25881855082584e+02
3.25881855082584e+02
3.58308307070671e+02
3.58308307070671e+02
3.35701879098621e+02
3.35701879098621e+02
4.28427450860037e+02
4.28427450860037e+02
4.34411616335868e+02
4.34411616335868e+02
6.06205702146902e+02
6.06205702146902e+02
6.30747421152020e+02
6.30747421152020e+02
4.50515095179723e+02
4.50515095179723e+02
1.60045506667651e+02
1.60045506667651e+02
3.35436645333017e+02
3.35436645333017e+02
7.46051082880744e+01
7.46051082880744e+01
7.57830091333118e+02
7.57830091333118e+02
3.61508349847830e+02
3.61508349847830e+02
2.43373697566596e+02
2.43373697566596e+02
1.91884433243987e+02
1.91884433243987e+02
2.50066993958068e+02
2.50066993958068e+02
2.50298090780556e+02
2.50298090780556e+02
2.96146689055281e+02
2.96146689055281e+02
3.92793497438451e+02
3.92793497438451e+02
4.59356059942065e+02
4.59356059942065e+02
4.15700793433729e+02
4.15700793433729e+02
2.18753868387287e+02
2.18753868387287e+02
1.53841811579411e+02
1.53841811579411e+02
3.03290598950319e+02
3.03290598950319e+02
7.79797322498093e+01
7.79797322498093e+01
7.47352344948384e+02
7.47352344948384e+02
3.48852832545898e+02
3.48852832545898e+02
2.36519785119102e+02
2.36519785119102e+02
1.56001012967067e+02
1.56001012967067e+02
1.56091863241456e+02
1.56091863241456e+02
1.09574706741517e+02
1.09574706741517e+02
8.38552621539236e+02
8.38552621539236e+02
4.51698282567654e+02
4.51698282567654e+02
3.55249347535425e+02
3.55249347535425e+02
2.44510543780087e+02
2.44510543780087e+02
1.56136683584844e+02
1.56136683584844e+02
4.63885016324013e+02
4.63885016324013e+02
1.74251038599530e+02
1.74251038599530e+02
3.75227592262765e+02
3.75227592262765e+02
4.56401698910952e+02
4.56401698910952e+02
5.51866532527957e+02
5.51866532527957e+02
4.40586911622269e+02
4.40586911622269e+02
3.83983967430587e+02
3.83983967430587e+02
6.18482506356939e+02
6.18482506356939e+02
2.88772726704038e+02
2.88772726704038e+02
3.72162568027673e+02
3.72162568027673e+02
4.19337631722674e+02
4.19337631722674e+02
4.19945026884893e+02
4.19945026884893e+02
4.02518650708464e+02
4.02518650708464e+02
4.68956608993061e+02
4.68956608993061e+02
6.16520012693732e+02
6.16520012693732e+02
6.62047374270596e+02
6.62047374270596e+02
6.08343551879950e+02
6.08343551879950e+02
2.47384422579284e+02
2.47384422579284e+02
4.31116255849580e+02
4.31116255849580e+02
3.95436441265929e+02
3.95436441265929e+02
4.44268551154002e+02
4.44268551154002e+02
6.17363237648643e+02
6.17363237648643e+02
5.11164516198611e+02
5.11164516198611e+02
4.90576928681181e+02
4.90576928681181e+02
2.59181971024073e+02
2.59181971024073e+02
2.56482747635448e+02
2.56482747635448e+02
3.66828297849812e+02
3.66828297849812e+02
5.05824487914923e+02
5.05824487914923e+02
5.32110915521986e+02
5.32110915521986e+02
3.57890166043602e+02
3.57890166043602e+02
2.27675482293653e+02
2.27675482293653e+02
3.82835247441932e+02
3.82835247441932e+02
4.66090873908382e+02
4.66090873908382e+02
5.92432815142769e+02
5.92432815142769e+02
6.16364377324991e+02
6.16364377324991e+02
2.39036755872138e+02
2.39036755872138e+02
6.44647867227546e+01
6.44647867227546e+01
6.27477768813767e+02
6.27477768813767e+02
2.92916015642259e+02
2.92916015642259e+02
2.08304839481163e+02
2.08304839481163e+02
1.49052909161977e+02
1.49052909161977e+02
1.46946567190624e+02
1.46946567190624e+02
1.60285085264118e+02
1.60285085264118e+02
2.44282834739952e+02
2.44282834739952e+02
2.98156016115271e+02
2.98156016115271e+02
4.59984583167402e+02
4.59984583167402e+02
5.56070090611176e+02
5.56070090611176e+02
4.53595513771396e+02
4.53595513771396e+02
3.20405351588685e+02
3.20405351588685e+02
2.66111554218721e+02
2.66111554218721e+02
5.83681161201655e+01
5.83681161201655e+01
6.16541162323169e+02
6.16541162323169e+02
2.85469800190474e+02
2.85469800190474e+02
2.10231252681748e+02
2.10231252681748e+02
1.62652639581561e+02
1.62652639581561e+02
1.68139414368473e+02
1.68139414368473e+02
1.75593290324381e+02
1.75593290324381e+02
1.79193038447741e+02
1.79193038447741e+02
8.87687539779068e+02
8.87687539779068e+02
4.72072097010595e+02
4.72072097010595e+02
3.53614544126265e+02
3.53614544126265e+02
2.57297255702091e+02
2.57297255702091e+02
1.40459253789957e+02
1.40459253789957e+02
4.67282058967347e+02
4.67282058967347e+02
2.03683107697473e+02
2.03683107697473e+02
1.91421516668348e+02
1.91421516668348e+02
5.23452104272147e+02
5.23452104272147e+02
6.02639899473237e+02
6.02639899473237e+02
6.86045547309073e+02
6.86045547309073e+02
7.68635841194497e+02
7.68635841194497e+02
7.52523386829225e+02
7.52523386829225e+02
5.22523453974838e+02
5.22523453974838e+02
2.38630107542509e+02
2.38630107542509e+02
3.39453264909193e+02
3.39453264909193e+02
4.44354205861266e+02
4.44354205861266e+02
4.00078900950327e+02
4.00078900950327e+02
4.60632535570653e+02
4.60632535570653e+02
5.56616157343964e+02
5.56616157343964e+02
6.85992596666607e+02
6.85992596666607e+02
5.50117923821477e+02
5.50117923821477e+02
7.09256879997345e+02
7.09256879997345e+02
4.54305561268249e+02
4.54305561268249e+02
4.35420712970025e+02
4.35420712970025e+02
4.27388259356839e+02
4.27388259356839e+02
4.81110818775744e+02
4.81110818775744e+02
6.65332385517834e+02
6.65332385517834e+02
8.14572589280537e+02
8.14572589280537e+02
3.62484004543079e+02
3.62484004543079e+02
2.50677860924138e+02
2.50677860924138e+02
3.55907032851671e+02
3.55907032851671e+02
4.83639774328106e+02
4.83639774328106e+02
4.76545119254641e+02
4.76545119254641e+02
3.88885039230638e+02
3.88885039230638e+02
3.17313723150936e+02
3.17313723150936e+02
3.22725224448480e+02
3.22725224448480e+02
4.22752446233926e+02
4.22752446233926e+02
5.05904156738411e+02
5.05904156738411e+02
7.54048289835763e+02
7.54048289835763e+02
5.68197236686865e+02
5.68197236686865e+02
8.00270259961966e+02
8.00270259961966e+02
3.67442459956339e+02
3.67442459956339e+02
2.76275859521828e+02
2.76275859521828e+02
2.25915447474162e+02
2.25915447474162e+02
2.40823894669593e+02
2.40823894669593e+02
2.29530644864589e+02
2.29530644864589e+02
1.88272029523753e+02
1.88272029523753e+02
1.91282778304759e+02
1.91282778304759e+02
2.88821595570459e+02
2.88821595570459e+02
3.61046181328127e+02
3.61046181328127e+02
4.23203610052783e+02
4.23203610052783e+02
4.11451464894100e+02
4.11451464894100e+02
3.84214019754853e+02
3.84214019754853e+02
4.01069240074774e+02
4.01069240074774e+02
4.33253004739104e+02
5.07272872368996e+02
5.07272872368996e+02
3.86601545231517e+02
3.86601545231517e+02
3.29021694426207e+02
3.29021694426207e+02
3.61048873298709e+02
3.61048873298709e+02
3.41564826404293e+02
3.41564826404293e+02
2.65819766088193e+02
2.65819766088193e+02
2.01989622522735e+02
2.01989622522735e+02
2.20873666666750e+02
2.20873666666750e+02
8.31689742184608e+02
8.31689742184608e+02
6.05903771521089e+02
6.05903771521089e+02
4.69020067777576e+02
4.69020067777576e+02
2.43778956044952e+02
2.43778956044952e+02
8.11303760361270e+02
8.11303760361270e+02
3.78845480322776e+02
3.78845480322776e+02
3.79650105072723e+02
3.79650105072723e+02
2.34468605388697e+02
2.34468605388697e+02
6.64643992820822e+02
6.64643992820822e+02
8.32969501076406e+02
8.32969501076406e+02
6.92352516072655e+02
6.92352516072655e+02
6.59423539905804e+02
6.59423539905804e+02
1.10435144881155e+03
1.10435144881155e+03
5.12076874588015e+02
5.12076874588015e+02
6.03978374209361e+02
6.03978374209361e+02
3.92478578978050e+02
3.92478578978050e+02
4.58936703836397e+02
4.58936703836397e+02
4.48765321395228e+02
4.48765321395228e+02
4.80039490123886e+02
4.80039490123886e+02
6.51127364853870e+02
6.51127364853870e+02
7.20730933516517e+02
7.20730933516517e+02
1.01051673685578e+03
1.01051673685578e+03
5.77356462197255e+02
5.77356462197255e+02
4.81940592746100e+02
4.81940592746100e+02
4.46292368294016e+02
4.46292368294016e+02
4.25645899463591e+02
4.25645899463591e+02
5.58227949520911e+02
5.58227949520911e+02
7.03771310161563e+02
7.03771310161563e+02
9.36351313752456e+02
9.36351313752456e+02
5.81374489834555e+02
5.81374489834555e+02
2.50910228962967e+02
2.50910228962967e+02
3.16479968985378e+02
3.16479968985378e+02
3.61928682597734e+02
3.61928682597734e+02
3.94452592058806e+02
3.94452592058806e+02
4.43719642849072e+02
4.43719642849072e+02
4.19620126122606e+02
4.19620126122606e+02
4.44845968768465e+02
4.44845968768465e+02
4.85297341634603e+02
4.85297341634603e+02
4.71749085713463e+02
4.71749085713463e+02
6.45222343702138e+02
6.45222343702138e+02
7.51484946563621e+02
7.51484946563621e+02
6.10794716466295e+02
6.10794716466295e+02
4.54059652906890e+02
4.54059652906890e+02
3.97058699948879e+02
3.97058699948879e+02
4.43859310130878e+02
4.43859310130878e+02
4.23517021016898e+02
4.23517021016898e+02
3.30628190381091e+02
3.30628190381091e+02
2.33370436350555e+02
2.33370436350555e+02
1.94737441693052e+02
1.94737441693052e+02
1.72694563135109e+02
1.72694563135109e+02
2.22353053195974e+02
2.22353053195974e+02
2.82713783636452e+02
2.82713783636452e+02
3.62378861764813e+02
3.62378861764813e+02
4.43719181436147e+02
4.43719181436147e+02
4.37343496854582e+02
4.37343496854582e+02
4.64891596987804e+02
4.64891596987804e+02
4.10321953377866e+02
4.10321953377866e+02
3.91764734882768e+02
3.91764734882768e+02
4.50531669679404e+02
4.50531669679404e+02
4.43203622613059e+02
4.43203622613059e+02
3.59039604820250e+02
3.59039604820250e+02
2.60091712279114e+02
2.60091712279114e+02
2.12472121481486e+02
2.12472121481486e+02
1.74297360720965e+02
1.74297360720965e+02
1.42173923318447e+02
1.42173923318447e+02
5.62097163673434e+02
5.62097163673434e+02
4.50083556806219e+02
4.50083556806219e+02
2.54359700506088e+02
2.54359700506088e+02
7.93110305301484e+02
7.93110305301484e+02
3.93087942137491e+02
3.93087942137491e+02
4.37084807208766e+02
4.37084807208766e+02
2.98062284659244e+02
2.98062284659244e+02
1.91197208336146e+02
1.91197208336146e+02
6.16496468667959e+02
6.16496468667959e+02
7.34358400892735e+02
7.34358400892735e+02
8.64331047522981e+02
8.64331047522981e+02
9.22964873527663e+02
9.22964873527663e+02
6.54710274555523e+02
6.54710274555523e+02
3.41358993935586e+02
3.41358993935586e+02
5.41750081869946e+02
5.41750081869946e+02
3.75061915779013e+02
3.75061915779013e+02
4.01606430593696e+02
4.01606430593696e+02
3.96703710182940e+02
3.96703710182940e+02
4.84275739004131e+02
4.84275739004131e+02
6.84763473328505e+02
6.84763473328505e+02
8.10156141956880e+02
8.10156141956880e+02
8.75496422103221e+02
8.75496422103221e+02
4.00131888951717e+02
4.00131888951717e+02
5.22507838920780e+02
5.22507838920780e+02
4.43171209552664e+02
4.43171209552664e+02
4.63526320567016e+02
4.63526320567016e+02
6.50666360532272e+02
6.50666360532272e+02
9.40366156853493e+02
9.40366156853493e+02
8.84934680166074e+02
8.84934680166074e+02
5.52678139512595e+02
5.52678139512595e+02
2.04673657579567e+02
2.04673657579567e+02
3.21825065079144e+02
3.21825065079144e+02
4.21968132289231e+02
4.21968132289231e+02
4.29420540530123e+02
4.29420540530123e+02
4.17317853622592e+02
4.17317853622592e+02
4.05495598084525e+02
4.05495598084525e+02
4.55729595583308e+02
4.55729595583308e+02
4.21792590329346e+02
4.21792590329346e+02
4.25255346470029e+02
4.25255346470029e+02
3.55047175669357e+02
3.55047175669357e+02
2.64805425956657e+02
2.64805425956657e+02
2.23748184447358e+02
2.23748184447358e+02
1.96768930665059e+02
1.96768930665059e+02
1.70265626969016e+02
1.70265626969016e+02
1.35187334760631e+02
1.35187334760631e+02
4.95484502236642e+02
4.95484502236642e+02
4.27609054233368e+02
4.27609054233368e+02
3.31357413213306e+02
3.31357413213306e+02
2.94472279894480e+02
2.94472279894480e+02
2.81545521650944e+02
2.81545521650944e+02
2.73505872121695e+02
2.73505872121695e+02
2.60973491070716e+02
2.60973491070716e+02
1.46432049703977e+02
1.46432049703977e+02
4.57812763141037e+02
4.57812763141037e+02
2.75907935240315e+02
2.75907935240315e+02
8.28386578474966e+02
8.28386578474966e+02
4.34611873515535e+02
4.34611873515535e+02
5.28367980167399e+02
5.28367980167399e+02
4.07696790123223e+02
4.07696790123223e+02
3.19841999909310e+02
3.19841999909310e+02
2.96593914560108e+02
2.96593914560108e+02
7.04437058671086e+02
7.04437058671086e+02
6.12190635742682e+02
6.12190635742682e+02
6.25945948272107e+02
6.25945948272107e+02
1.09628903476122e+03
1.09628903476122e+03
5.13547466012966e+02
5.13547466012966e+02
6.26374200724252e+02
6.26374200724252e+02
5.13167630279731e+02
5.13167630279731e+02
3.75635863370894e+02
3.75635863370894e+02
4.21917335283035e+02
4.21917335283035e+02
5.01012310325291e+02
5.01012310325291e+02
6.35546806600502e+02
6.35546806600502e+02
8.46291644500031e+02
8.46291644500031e+02
7.68765425882509e+02
7.68765425882509e+02
1.08461655625792e+03
1.08461655625792e+03
6.91273748937257e+02
6.91273748937257e+02
5.44910774057261e+02
5.44910774057261e+02
5.26564499059423e+02
5.26564499059423e+02
4.16135876309384e+02
4.16135876309384e+02
3.78266037495109e+02
3.78266037495109e+02
3.76740463126461e+02
3.76740463126461e+02
3.80917055358432e+02
3.80917055358432e+02
3.67778579653235e+02
3.67778579653235e+02
2.30809694421546e+02
2.30809694421546e+02
1.79523876604473e+02
1.79523876604473e+02
4.53800196547363e+02
4.53800196547363e+02
4.19792546007239e+02
4.19792546007239e+02
4.31321141964707e+02
4.31321141964707e+02
4.49790789999198e+02
4.49790789999198e+02
4.38612965639656e+02
4.38612965639656e+02
2.92347817812193e+02
2.92347817812193e+02
2.20726428761009e+02
2.20726428761009e+02
2.38365979778280e+02
2.38365979778280e+02
2.98794004672694e+02
2.98794004672694e+02
8.77134609326764e+02
8.77134609326764e+02
4.74049270921755e+02
4.74049270921755e+02
6.08766504022037e+02
6.08766504022037e+02
5.02339168395897e+02
5.02339168395897e+02
4.31257650346543e+02
4.31257650346543e+02
4.51672303168067e+02
4.51672303168067e+02
2.48648845442599e+02
2.48648845442599e+02
1.01385246321761e+03
1.01385246321761e+03
1.22857967638073e+03
1.22857967638073e+03
1.39027880302623e+03
1.39027880302623e+03
9.67235906003619e+02
9.67235906003619e+02
5.17139324206654e+02
5.17139324206654e+02
7.95246857045180e+02
7.95246857045180e+02
6.88726973408950e+02
6.88726973408950e+02
5.43662871258937e+02
5.43662871258937e+02
4.26067607960878e+02
4.26067607960878e+02
4.46467921449591e+02
4.46467921449591e+02
4.74086031526578e+02
4.74086031526578e+02
4.62734405467247e+02
4.62734405467247e+02
3.18938965408567e+02
3.18938965408567e+02
2.39858978215029e+02
2.39858978215029e+02
2.22346691340940e+02
2.22346691340940e+02
2.80487594336741e+02
2.80487594336741e+02
6.34689980161570e+02
6.34689980161570e+02
6.78390234539749e+02
6.78390234539749e+02
6.53635054983063e+02
6.53635054983063e+02
4.54550017654111e+02
4.54550017654111e+02
3.34381155799737e+02
3.34381155799737e+02
2.88354859009861e+02
2.88354859009861e+02
3.30617057446384e+02
3.30617057446384e+02
4.41659304440119e+02
4.41659304440119e+02
1.55803888450529e+03
1.55803888450529e+03
8.35736123218320e+02
8.35736123218320e+02
1.08958130289958e+03
1.08958130289958e+03
9.11776787834044e+02
9.11776787834044e+02
7.91249366039829e+02
7.91249366039829e+02
8.29525772790932e+02
8.29525772790932e+02
4.54369416853177e+02
4.54369416853177e+02
3.44921548094023e+02
3.44921548094023e+02
1.13076972452721e+03
1.13076972452721e+03
1.05876879618205e+03
1.05876879618205e+03
7.25914051736300e+02
7.25914051736300e+02
5.06451429704727e+02
5.06451429704727e+02
3.99341815692226e+02
3.99341815692226e+02
4.10998711047903e+02
4.10998711047903e+02
3.94610153958659e+02
3.94610153958659e+02
4.32758032500002e+02
4.32758032500002e+02
1.09469242768004e+03
1.09469242768004e+03
7.70709506427857e+02
7.70709506427857e+02
5.52921001701471e+02
5.52921001701471e+02
4.49443469008921e+02
4.49443469008921e+02
4.82818843960859e+02
4.82818843960859e+02
4.67647730190626e+02
4.67647730190626e+02
5.38419221989053e+02
5.38419221989053e+02
4.16810336538098e+02
4.16810336538098e+02
