Project15	Dipole-Dipole_1								
5									
11									
3									
Type	of	measurement	"(0=app.resistivity,1=resistance)"						
1									
2094									
2									
0									
4	300	0	270	0	30	0	60	0	2.87E-05
4	400	0	370	0	130	0	160	0	8.52E-05
4	400	0	370	0	190	0	220	0	9.12E-05
4	400	0	350	0	100	0	150	0	0.000135561
4	400	0	350	0	200	0	250	0	0.000139417
4	400	0	370	0	160	0	190	0	0.000163781
4	300	0	270	0	0	0	30	0	0.000190514
4	290	0	250	0	10	0	50	0	0.000202484
4	400	0	350	0	200	0	250	0	0.000206816
4	400	0	370	0	160	0	190	0	0.000254625
4	290	0	260	0	20	0	50	0	0.000267184
4	300	0	270	0	60	0	90	0	0.000286019
4	400	0	360	0	80	0	120	0	0.000287917
4	400	0	350	0	150	0	200	0	0.000319806
4	400	0	360	0	0	0	40	0	0.000322019
4	290	0	270	0	90	0	110	0	0.00034912
4	400	0	350	0	0	0	50	0	0.000369882
4	400	0	350	0	0	0	50	0	0.00040091
4	290	0	260	0	80	0	110	0	0.00043396
4	290	0	260	0	50	0	80	0	0.000440572
4	400	0	350	0	100	0	150	0	0.000457138
4	400	0	370	0	250	0	280	0	0.000491002
4	290	0	250	0	90	0	130	0	0.000515555
4	400	0	350	0	50	0	100	0	0.000519829
4	400	0	350	0	150	0	200	0	0.000590577
4	400	0	360	0	160	0	200	0	0.000659138
4	300	0	250	0	0	0	50	0	0.000694546
4	300	0	260	0	60	0	100	0	0.000747258
4	275	0	270	0	235	0	240	0	0.000778523
4	280	0	275	0	230	0	235	0	0.000807226
4	290	0	260	0	110	0	140	0	0.000839659
4	400	0	360	0	40	0	80	0	0.000884328
4	400	0	360	0	120	0	160	0	0.000885852
4	300	0	280	0	160	0	180	0	0.000936162
4	400	0	360	0	200	0	240	0	0.000973791
4	400	0	360	0	160	0	200	0	0.00102392
4	400	0	360	0	240	0	280	0	0.00122121
4	290	0	250	0	50	0	90	0	0.00128818
4	400	0	370	0	250	0	280	0	0.00139722
4	290	0	270	0	90	0	110	0	0.00148584
4	290	0	240	0	40	0	90	0	0.00160907
4	300	0	290	0	210	0	220	0	0.00166268
4	300	0	260	0	140	0	180	0	0.00174811
4	290	0	280	0	200	0	210	0	0.00214634
4	275	0	270	0	225	0	230	0	0.00214691
4	270	0	250	0	70	0	90	0	0.00214698
4	280	0	260	0	80	0	100	0	0.00216839
4	290	0	240	0	90	0	140	0	0.00266978
4	280	0	260	0	80	0	100	0	0.00308031
4	290	0	270	0	90	0	110	0	0.00320095
4	270	0	250	0	90	0	110	0	0.00333669
4	300	0	270	0	0	0	30	0	0.00364104
4	290	0	270	0	150	0	170	0	0.00379848
4	300	0	270	0	0	0	30	0	0.00401243
4	260	0	240	0	80	0	100	0	0.00429599
4	270	0	240	0	0	0	30	0	0.00466814
4	280	0	250	0	10	0	40	0	0.0047406
4	280	0	260	0	100	0	120	0	0.00493569
4	290	0	260	0	80	0	110	0	0.00495128
4	290	0	260	0	20	0	50	0	0.00524702
4	270	0	250	0	90	0	110	0	0.00525135
4	400	0	350	0	250	0	300	0	0.00534766
4	280	0	250	0	40	0	70	0	0.00550059
4	280	0	260	0	100	0	120	0	0.00561757
4	250	0	230	0	50	0	70	0	0.00562596
4	260	0	240	0	60	0	80	0	0.00566007
4	270	0	240	0	0	0	30	0	0.00569428
4	280	0	250	0	10	0	40	0	0.00573468
4	300	0	280	0	100	0	120	0	0.00575737
4	300	0	270	0	30	0	60	0	0.00581002
4	270	0	250	0	70	0	90	0	0.00590333
4	300	0	290	0	200	0	210	0	0.0059123
4	300	0	270	0	30	0	60	0	0.00595525
4	260	0	240	0	80	0	100	0	0.00603275
4	400	0	380	0	200	0	220	0	0.00608587
4	290	0	260	0	80	0	110	0	0.00616017
4	300	0	280	0	100	0	120	0	0.0062392
4	260	0	240	0	60	0	80	0	0.00625331
4	290	0	260	0	20	0	50	0	0.0063417
4	270	0	260	0	170	0	180	0	0.00651898
4	280	0	270	0	180	0	190	0	0.00701826
4	280	0	250	0	70	0	100	0	0.00703189
4	250	0	230	0	50	0	70	0	0.0070498
4	300	0	250	0	100	0	150	0	0.00710884
4	290	0	280	0	190	0	200	0	0.00714362
4	290	0	270	0	110	0	130	0	0.00724013
4	290	0	270	0	110	0	130	0	0.00744726
4	250	0	240	0	150	0	160	0	0.0074705
4	390	0	370	0	210	0	230	0	0.00748152
4	300	0	270	0	60	0	90	0	0.00750116
4	280	0	250	0	70	0	100	0	0.00767975
4	270	0	240	0	30	0	60	0	0.0077009
4	290	0	260	0	50	0	80	0	0.00787068
4	300	0	290	0	210	0	220	0	0.00796952
4	290	0	260	0	50	0	80	0	0.00802315
4	280	0	260	0	120	0	140	0	0.00808715
4	280	0	250	0	40	0	70	0	0.00809048
4	270	0	250	0	110	0	130	0	0.00812392
4	280	0	270	0	180	0	190	0	0.00853853
4	270	0	240	0	30	0	60	0	0.00860288
4	310	0	300	0	210	0	220	0	0.00865561
4	400	0	380	0	220	0	240	0	0.00878887
4	250	0	230	0	70	0	90	0	0.00879187
4	400	0	360	0	240	0	280	0	0.00881057
4	260	0	250	0	160	0	170	0	0.00881478
4	300	0	270	0	90	0	120	0	0.00892031
4	300	0	270	0	60	0	90	0	0.00899028
4	240	0	220	0	40	0	60	0	0.0089919
4	260	0	230	0	20	0	50	0	0.00903691
4	250	0	240	0	150	0	160	0	0.00906775
4	280	0	260	0	120	0	140	0	0.00910308
4	250	0	230	0	70	0	90	0	0.00913478
4	300	0	250	0	150	0	200	0	0.00917033
4	330	0	320	0	230	0	240	0	0.00920053
4	260	0	230	0	20	0	50	0	0.00920527
4	260	0	240	0	100	0	120	0	0.00924248
4	370	0	350	0	210	0	230	0	0.00933217
4	240	0	220	0	40	0	60	0	0.00956419
4	380	0	360	0	200	0	220	0	0.00964619
4	250	0	230	0	90	0	110	0	0.00965527
4	300	0	270	0	90	0	120	0	0.00966767
4	280	0	270	0	190	0	200	0	0.0097055
4	270	0	250	0	110	0	130	0	0.00980321
4	290	0	280	0	190	0	200	0	0.0100036
4	290	0	250	0	10	0	50	0	0.0100729
4	280	0	240	0	0	0	40	0	0.0100814
4	280	0	240	0	0	0	40	0	0.0101792
4	290	0	270	0	130	0	150	0	0.0101819
4	290	0	250	0	10	0	50	0	0.0102656
4	260	0	250	0	160	0	170	0	0.0104336
4	250	0	230	0	90	0	110	0	0.0106759
4	300	0	280	0	120	0	140	0	0.0107492
4	300	0	280	0	120	0	140	0	0.0107708
4	340	0	330	0	240	0	250	0	0.0107755
4	300	0	260	0	20	0	60	0	0.0108222
4	320	0	310	0	220	0	230	0	0.0109489
4	270	0	260	0	170	0	180	0	0.0109635
4	270	0	240	0	60	0	90	0	0.0109972
4	300	0	260	0	20	0	60	0	0.0110504
4	260	0	240	0	100	0	120	0	0.0111356
4	300	0	260	0	60	0	100	0	0.0111626
4	360	0	340	0	200	0	220	0	0.0113205
4	380	0	360	0	220	0	240	0	0.0114998
4	270	0	240	0	60	0	90	0	0.0116985
4	250	0	220	0	10	0	40	0	0.0117293
4	230	0	210	0	30	0	50	0	0.0118745
4	390	0	370	0	230	0	250	0	0.0119643
4	240	0	220	0	60	0	80	0	0.0120488
4	250	0	240	0	160	0	170	0	0.0121068
4	320	0	300	0	200	0	220	0	0.0121712
4	240	0	220	0	60	0	80	0	0.0123017
4	400	0	350	0	250	0	300	0	0.0123354
4	300	0	260	0	60	0	100	0	0.0123886
4	290	0	270	0	130	0	150	0	0.0125125
4	290	0	280	0	200	0	210	0	0.012802
4	260	0	230	0	50	0	80	0	0.0128885
4	250	0	240	0	160	0	170	0	0.0129054
4	270	0	265	0	220	0	225	0	0.0129609
4	230	0	210	0	30	0	50	0	0.0129728
4	320	0	310	0	230	0	240	0	0.0130459
4	300	0	290	0	200	0	210	0	0.0131994
4	300	0	280	0	140	0	160	0	0.0132187
4	250	0	220	0	10	0	40	0	0.0134976
4	260	0	250	0	170	0	180	0	0.0135844
4	290	0	280	0	210	0	220	0	0.0138209
4	330	0	320	0	240	0	250	0	0.0138949
4	300	0	280	0	140	0	160	0	0.0139318
4	260	0	250	0	170	0	180	0	0.0139777
4	230	0	220	0	130	0	140	0	0.0140705
4	230	0	220	0	130	0	140	0	0.014086
4	240	0	210	0	0	0	30	0	0.0140871
4	270	0	240	0	90	0	120	0	0.0141473
4	265	0	260	0	215	0	220	0	0.0142765
4	240	0	220	0	80	0	100	0	0.014303
4	300	0	250	0	0	0	50	0	0.0144685
4	300	0	290	0	240	0	250	0	0.0146475
4	240	0	230	0	140	0	150	0	0.0146639
4	240	0	230	0	140	0	150	0	0.0146783
4	300	0	250	0	0	0	50	0	0.0148175
4	260	0	230	0	50	0	80	0	0.0148306
4	270	0	260	0	180	0	190	0	0.0148885
4	400	0	380	0	240	0	260	0	0.0149555
4	230	0	210	0	50	0	70	0	0.0151689
4	290	0	250	0	50	0	90	0	0.0152853
4	280	0	250	0	100	0	130	0	0.0153785
4	290	0	250	0	50	0	90	0	0.0154704
4	240	0	210	0	0	0	30	0	0.0154974
4	280	0	270	0	210	0	220	0	0.0155114
4	290	0	270	0	150	0	170	0	0.0155825
4	270	0	250	0	130	0	150	0	0.0156973
4	360	0	340	0	220	0	240	0	0.0157055
4	240	0	220	0	80	0	100	0	0.0157372
4	340	0	320	0	200	0	220	0	0.0157925
4	270	0	250	0	130	0	150	0	0.015813
4	230	0	210	0	50	0	70	0	0.0159309
4	280	0	240	0	40	0	80	0	0.0162177
4	260	0	255	0	210	0	215	0	0.0162861
4	350	0	330	0	210	0	230	0	0.0164061
4	350	0	340	0	250	0	260	0	0.0165979
4	270	0	240	0	90	0	120	0	0.0166195
4	370	0	350	0	230	0	250	0	0.0168308
4	280	0	240	0	40	0	80	0	0.0169241
4	280	0	250	0	100	0	130	0	0.0170613
4	280	0	270	0	200	0	210	0	0.0170809
4	280	0	260	0	140	0	160	0	0.017418
4	275	0	270	0	245	0	250	0	0.0179918
4	250	0	220	0	40	0	70	0	0.0183711
4	300	0	280	0	180	0	200	0	0.0183945
4	290	0	260	0	110	0	140	0	0.0184787
4	260	0	230	0	80	0	110	0	0.0185272
4	290	0	280	0	210	0	220	0	0.018649
4	220	0	200	0	20	0	40	0	0.0187146
4	260	0	240	0	120	0	140	0	0.0187315
4	270	0	230	0	30	0	70	0	0.0188819
4	250	0	220	0	40	0	70	0	0.0192901
4	270	0	230	0	30	0	70	0	0.019438
4	260	0	240	0	120	0	140	0	0.0194499
4	220	0	200	0	20	0	40	0	0.0194942
4	280	0	260	0	140	0	160	0	0.0196913
4	260	0	230	0	80	0	110	0	0.020007
4	300	0	250	0	50	0	100	0	0.0200265
4	270	0	260	0	190	0	200	0	0.020051
4	260	0	250	0	180	0	190	0	0.0202115
4	300	0	250	0	50	0	100	0	0.0202275
4	250	0	230	0	110	0	130	0	0.0202698
4	240	0	230	0	150	0	160	0	0.0203079
4	270	0	260	0	180	0	190	0	0.0203612
4	220	0	210	0	120	0	130	0	0.0205065
4	240	0	230	0	150	0	160	0	0.0206383
4	390	0	360	0	210	0	240	0	0.0208657
4	250	0	230	0	110	0	130	0	0.0210814
4	290	0	260	0	110	0	140	0	0.0212047
4	260	0	255	0	215	0	220	0	0.0212219
4	380	0	350	0	200	0	230	0	0.0212966
4	220	0	210	0	120	0	130	0	0.0217165
4	340	0	330	0	250	0	260	0	0.0217633
4	290	0	250	0	90	0	130	0	0.0217716
4	255	0	250	0	205	0	210	0	0.0218836
4	260	0	250	0	180	0	190	0	0.0219431
4	290	0	270	0	170	0	190	0	0.0219846
4	300	0	280	0	160	0	180	0	0.0221372
4	300	0	270	0	150	0	180	0	0.0221486
4	280	0	260	0	160	0	180	0	0.0222097
4	240	0	220	0	100	0	120	0	0.0222187
4	230	0	210	0	70	0	90	0	0.0223128
4	270	0	250	0	150	0	170	0	0.0223554
4	230	0	210	0	70	0	90	0	0.0228366
4	260	0	240	0	140	0	160	0	0.0229472
4	380	0	360	0	240	0	260	0	0.0230872
4	280	0	240	0	80	0	120	0	0.0231273
4	300	0	270	0	120	0	150	0	0.0231386
4	280	0	270	0	210	0	220	0	0.0231968
4	260	0	220	0	20	0	60	0	0.0233025
4	290	0	240	0	40	0	90	0	0.0233028
4	290	0	240	0	140	0	190	0	0.023307
4	260	0	220	0	20	0	60	0	0.023312
4	240	0	220	0	100	0	120	0	0.0233587
4	250	0	240	0	170	0	180	0	0.0233666
4	280	0	240	0	80	0	120	0	0.0234363
4	290	0	250	0	90	0	130	0	0.0235672
4	360	0	350	0	260	0	270	0	0.0235999
4	290	0	260	0	140	0	170	0	0.0236477
4	300	0	270	0	120	0	150	0	0.0237995
4	210	0	190	0	10	0	30	0	0.0240094
4	210	0	190	0	10	0	30	0	0.0240751
4	300	0	280	0	180	0	200	0	0.0241797
4	200	0	190	0	100	0	110	0	0.0242002
4	280	0	260	0	160	0	180	0	0.0244465
4	300	0	280	0	160	0	180	0	0.0244747
4	290	0	270	0	150	0	170	0	0.0245812
4	290	0	270	0	170	0	190	0	0.0246435
4	290	0	270	0	170	0	190	0	0.0246822
4	330	0	310	0	210	0	230	0	0.0247517
4	290	0	285	0	245	0	250	0	0.0248418
4	290	0	280	0	220	0	230	0	0.0248773
4	290	0	240	0	40	0	90	0	0.0250596
4	230	0	220	0	140	0	150	0	0.0250995
4	250	0	245	0	200	0	205	0	0.0252721
4	320	0	310	0	240	0	250	0	0.0253964
4	260	0	240	0	140	0	160	0	0.0254253
4	200	0	190	0	100	0	110	0	0.025442
4	290	0	280	0	220	0	230	0	0.02545
4	240	0	210	0	30	0	60	0	0.0255251
4	270	0	265	0	225	0	230	0	0.0258186
4	250	0	220	0	70	0	100	0	0.0258786
4	250	0	220	0	70	0	100	0	0.0259494
4	250	0	240	0	170	0	180	0	0.0260384
4	240	0	210	0	30	0	60	0	0.0261202
4	285	0	280	0	235	0	240	0	0.0262949
4	220	0	200	0	40	0	60	0	0.0263113
4	230	0	220	0	140	0	150	0	0.026347
4	220	0	200	0	40	0	60	0	0.0266187
4	340	0	320	0	220	0	240	0	0.0268754
4	270	0	230	0	70	0	110	0	0.0273062
4	295	0	290	0	245	0	250	0	0.0275307
4	280	0	230	0	30	0	80	0	0.0280795
4	280	0	230	0	30	0	80	0	0.0287164
4	270	0	230	0	70	0	110	0	0.0290697
4	300	0	260	0	100	0	140	0	0.0292099
4	300	0	260	0	100	0	140	0	0.0293671
4	260	0	250	0	190	0	200	0	0.0294252
4	200	0	180	0	0	0	20	0	0.0296797
4	255	0	250	0	210	0	215	0	0.0300815
4	230	0	210	0	90	0	110	0	0.0301409
4	260	0	250	0	190	0	200	0	0.0303025
4	230	0	210	0	90	0	110	0	0.0304435
4	275	0	270	0	240	0	245	0	0.0304529
4	300	0	295	0	255	0	260	0	0.0305822
4	200	0	180	0	0	0	20	0	0.0307766
4	250	0	210	0	10	0	50	0	0.0310906
4	290	0	285	0	250	0	255	0	0.0312542
4	250	0	210	0	10	0	50	0	0.0312981
4	270	0	250	0	150	0	170	0	0.0314734
4	240	0	230	0	160	0	170	0	0.0317802
4	330	0	320	0	250	0	260	0	0.0319533
4	240	0	230	0	160	0	170	0	0.0325843
4	280	0	275	0	235	0	240	0	0.0326758
4	350	0	330	0	230	0	250	0	0.0329966
4	270	0	260	0	200	0	210	0	0.0330614
4	265	0	260	0	220	0	225	0	0.0336346
4	220	0	210	0	130	0	140	0	0.0339029
4	290	0	250	0	130	0	170	0	0.0339781
4	220	0	210	0	130	0	140	0	0.0341568
4	210	0	200	0	120	0	130	0	0.0342279
4	210	0	190	0	30	0	50	0	0.0344261
4	210	0	190	0	30	0	50	0	0.0345189
4	210	0	200	0	110	0	120	0	0.0345595
4	270	0	220	0	20	0	70	0	0.0347775
4	290	0	270	0	190	0	210	0	0.0348908
4	250	0	245	0	205	0	210	0	0.035328
4	275	0	270	0	250	0	255	0	0.0357602
4	270	0	220	0	20	0	70	0	0.0359597
4	370	0	360	0	270	0	280	0	0.0360888
4	220	0	200	0	60	0	80	0	0.0364405
4	390	0	370	0	250	0	270	0	0.036455
4	210	0	200	0	110	0	120	0	0.0365435
4	220	0	200	0	60	0	80	0	0.0367736
4	230	0	200	0	20	0	50	0	0.0371523
4	360	0	330	0	210	0	240	0	0.037259
4	300	0	280	0	200	0	220	0	0.0375522
4	280	0	270	0	220	0	230	0	0.0376798
4	260	0	220	0	60	0	100	0	0.0376829
4	250	0	230	0	130	0	150	0	0.0377672
4	280	0	270	0	190	0	200	0	0.0377945
4	290	0	250	0	170	0	210	0	0.0378496
4	270	0	240	0	120	0	150	0	0.0380234
4	350	0	320	0	200	0	230	0	0.0380275
4	280	0	250	0	130	0	160	0	0.0385375
4	210	0	200	0	120	0	130	0	0.0385477
4	240	0	210	0	60	0	90	0	0.0385899
4	260	0	220	0	60	0	100	0	0.0386629
4	240	0	210	0	60	0	90	0	0.0388314
4	230	0	200	0	20	0	50	0	0.0391664
4	280	0	250	0	130	0	160	0	0.0393895
4	250	0	230	0	130	0	150	0	0.0397905
4	230	0	220	0	150	0	160	0	0.0399142
4	230	0	220	0	150	0	160	0	0.0400232
4	200	0	190	0	110	0	120	0	0.0400532
4	280	0	260	0	180	0	200	0	0.0401107
4	360	0	340	0	240	0	260	0	0.0403634
4	240	0	220	0	120	0	140	0	0.0403695
4	350	0	340	0	260	0	270	0	0.0407819
4	300	0	295	0	250	0	255	0	0.040807
4	290	0	260	0	140	0	170	0	0.0410644
4	370	0	340	0	220	0	250	0	0.041194
4	270	0	240	0	120	0	150	0	0.0412424
4	310	0	290	0	210	0	230	0	0.0415336
4	240	0	220	0	120	0	140	0	0.0421846
4	200	0	180	0	20	0	40	0	0.0424695
4	200	0	190	0	110	0	120	0	0.0425491
4	190	0	180	0	90	0	100	0	0.0429531
4	290	0	260	0	140	0	170	0	0.0430591
4	200	0	180	0	20	0	40	0	0.0430699
4	360	0	350	0	270	0	280	0	0.0433718
4	240	0	200	0	0	0	40	0	0.0435856
4	240	0	200	0	0	0	40	0	0.0436218
4	300	0	280	0	200	0	220	0	0.0436631
4	190	0	180	0	90	0	100	0	0.0440368
4	250	0	240	0	180	0	190	0	0.0448179
4	270	0	260	0	210	0	220	0	0.0449394
4	260	0	210	0	10	0	60	0	0.0453686
4	260	0	210	0	10	0	60	0	0.045542
4	250	0	240	0	180	0	190	0	0.0456292
4	210	0	190	0	50	0	70	0	0.0459804
4	290	0	270	0	190	0	210	0	0.0460619
4	210	0	190	0	50	0	70	0	0.0462374
4	255	0	250	0	215	0	220	0	0.046653
4	310	0	305	0	260	0	265	0	0.0471243
4	260	0	230	0	110	0	140	0	0.0472703
4	260	0	230	0	110	0	140	0	0.0479278
4	380	0	350	0	230	0	260	0	0.0482788
4	260	0	255	0	220	0	225	0	0.0485111
4	280	0	270	0	220	0	230	0	0.0488574
4	300	0	270	0	150	0	180	0	0.048943
4	220	0	190	0	10	0	40	0	0.0493383
4	220	0	190	0	10	0	40	0	0.0494549
4	120	0	110	0	20	0	30	0	0.0496162
4	180	0	170	0	80	0	90	0	0.0499274
4	120	0	110	0	20	0	30	0	0.0499717
4	250	0	220	0	100	0	130	0	0.0500445
4	220	0	210	0	140	0	150	0	0.0501108
4	100	0	90	0	0	0	10	0	0.0501494
4	180	0	170	0	80	0	90	0	0.0504704
4	190	0	170	0	10	0	30	0	0.0508466
4	250	0	220	0	100	0	130	0	0.0508951
4	220	0	200	0	80	0	100	0	0.0510337
4	100	0	90	0	0	0	10	0	0.0511012
4	130	0	120	0	30	0	40	0	0.0511217
4	130	0	120	0	30	0	40	0	0.0512919
4	220	0	210	0	140	0	150	0	0.0514393
4	190	0	170	0	10	0	30	0	0.051911
4	230	0	210	0	110	0	130	0	0.0522919
4	320	0	300	0	220	0	240	0	0.052314
4	300	0	270	0	150	0	180	0	0.0523945
4	230	0	210	0	110	0	130	0	0.0531367
4	180	0	160	0	0	0	20	0	0.0531674
4	245	0	240	0	200	0	205	0	0.0533729
4	180	0	160	0	0	0	20	0	0.0536868
4	250	0	210	0	50	0	90	0	0.0538759
4	250	0	210	0	50	0	90	0	0.0540349
4	240	0	230	0	170	0	180	0	0.0540708
4	110	0	100	0	10	0	20	0	0.054232
4	240	0	230	0	170	0	180	0	0.0544723
4	270	0	260	0	210	0	220	0	0.0546999
4	340	0	330	0	260	0	270	0	0.0547889
4	220	0	200	0	80	0	100	0	0.0551735
4	290	0	240	0	90	0	140	0	0.0552179
4	110	0	100	0	10	0	20	0	0.0555159
4	290	0	240	0	90	0	140	0	0.0557641
4	260	0	250	0	200	0	210	0	0.0558938
4	290	0	280	0	230	0	240	0	0.0559691
4	140	0	130	0	40	0	50	0	0.0560183
4	280	0	230	0	80	0	130	0	0.0560468
4	140	0	130	0	40	0	50	0	0.0564009
4	400	0	380	0	260	0	280	0	0.0564075
4	280	0	230	0	80	0	130	0	0.0566398
4	290	0	280	0	230	0	240	0	0.0566572
4	300	0	250	0	100	0	150	0	0.0566857
4	380	0	370	0	280	0	290	0	0.0568051
4	250	0	245	0	210	0	215	0	0.0568233
4	295	0	290	0	250	0	255	0	0.0578778
4	280	0	260	0	180	0	200	0	0.0579078
4	105	0	100	0	55	0	60	0	0.0579435
4	300	0	250	0	100	0	150	0	0.057966
4	260	0	250	0	200	0	210	0	0.0580037
4	150	0	140	0	50	0	60	0	0.0583828
4	150	0	140	0	50	0	60	0	0.0584357
4	170	0	160	0	70	0	80	0	0.058544
4	160	0	150	0	60	0	70	0	0.058728
4	370	0	350	0	250	0	270	0	0.058843
4	160	0	150	0	60	0	70	0	0.0589194
4	200	0	195	0	150	0	155	0	0.0590331
4	170	0	160	0	70	0	80	0	0.0590519
4	190	0	180	0	100	0	110	0	0.0593542
4	320	0	310	0	250	0	260	0	0.0593577
4	230	0	200	0	50	0	80	0	0.0599437
4	260	0	240	0	160	0	180	0	0.05997
4	190	0	180	0	100	0	110	0	0.0600578
4	230	0	200	0	50	0	80	0	0.0602252
4	270	0	250	0	170	0	190	0	0.060654
4	200	0	180	0	40	0	60	0	0.0607034
4	200	0	180	0	40	0	60	0	0.0611177
4	270	0	250	0	170	0	190	0	0.0612367
4	130	0	125	0	80	0	85	0	0.0612748
4	260	0	240	0	160	0	180	0	0.0614363
4	200	0	195	0	150	0	155	0	0.0616857
4	265	0	260	0	225	0	230	0	0.0617949
4	130	0	125	0	80	0	85	0	0.0619519
4	135	0	130	0	85	0	90	0	0.0621288
4	245	0	240	0	205	0	210	0	0.0622649
4	60	0	55	0	10	0	15	0	0.0623679
4	330	0	310	0	230	0	250	0	0.0624464
4	60	0	55	0	10	0	15	0	0.0625308
4	135	0	130	0	85	0	90	0	0.0626954
4	230	0	220	0	160	0	170	0	0.0631619
4	180	0	170	0	90	0	100	0	0.0632361
4	210	0	180	0	0	0	30	0	0.063565
4	230	0	220	0	160	0	170	0	0.0637693
4	240	0	210	0	90	0	120	0	0.0638089
4	140	0	135	0	90	0	95	0	0.0639344
4	210	0	180	0	0	0	30	0	0.0639739
4	70	0	65	0	20	0	25	0	0.0643277
4	180	0	170	0	90	0	100	0	0.0645166
4	140	0	135	0	90	0	95	0	0.0648014
4	240	0	210	0	90	0	120	0	0.0648251
4	250	0	200	0	0	0	50	0	0.0650454
4	70	0	65	0	20	0	25	0	0.0651151
4	125	0	120	0	75	0	80	0	0.0652467
4	250	0	200	0	0	0	50	0	0.0655655
4	315	0	310	0	265	0	270	0	0.0658513
4	125	0	120	0	75	0	80	0	0.0660143
4	115	0	110	0	65	0	70	0	0.0662164
4	210	0	190	0	70	0	90	0	0.0663271
4	250	0	240	0	190	0	200	0	0.0663813
4	145	0	140	0	95	0	100	0	0.0663891
4	250	0	240	0	190	0	200	0	0.066456
4	210	0	190	0	70	0	90	0	0.0665186
4	115	0	110	0	65	0	70	0	0.0667001
4	270	0	220	0	70	0	120	0	0.0667972
4	145	0	140	0	95	0	100	0	0.067568
4	130	0	120	0	40	0	50	0	0.0677647
4	55	0	50	0	5	0	10	0	0.067866
4	130	0	120	0	40	0	50	0	0.0680075
4	310	0	300	0	220	0	230	0	0.0680089
4	55	0	50	0	5	0	10	0	0.0680247
4	300	0	290	0	240	0	250	0	0.0681921
4	170	0	160	0	80	0	90	0	0.0681939
4	170	0	160	0	80	0	90	0	0.0682184
4	295	0	290	0	255	0	260	0	0.0683473
4	50	0	45	0	0	0	5	0	0.069313
4	50	0	45	0	0	0	5	0	0.0694834
4	270	0	220	0	70	0	120	0	0.0696572
4	325	0	320	0	275	0	280	0	0.0697756
4	120	0	110	0	30	0	40	0	0.069869
4	120	0	110	0	30	0	40	0	0.0701801
4	360	0	320	0	200	0	240	0	0.0702267
4	120	0	115	0	70	0	75	0	0.0706956
4	110	0	100	0	20	0	30	0	0.0708952
4	300	0	290	0	240	0	250	0	0.0709625
4	280	0	240	0	120	0	160	0	0.0711114
4	110	0	105	0	60	0	65	0	0.0712355
4	110	0	105	0	60	0	65	0	0.0714143
4	280	0	240	0	120	0	160	0	0.0714673
4	120	0	115	0	70	0	75	0	0.071826
4	110	0	100	0	20	0	30	0	0.0720702
4	140	0	130	0	50	0	60	0	0.0721668
4	320	0	315	0	270	0	275	0	0.0721702
4	150	0	140	0	60	0	70	0	0.0722514
4	390	0	380	0	290	0	300	0	0.0722879
4	100	0	90	0	10	0	20	0	0.0724827
4	140	0	130	0	50	0	60	0	0.0728589
4	150	0	140	0	60	0	70	0	0.0729403
4	100	0	90	0	10	0	20	0	0.0731151
4	150	0	145	0	100	0	105	0	0.0734646
4	150	0	145	0	100	0	105	0	0.0736245
4	300	0	270	0	180	0	210	0	0.0737325
4	250	0	230	0	150	0	170	0	0.0739421
4	90	0	80	0	0	0	10	0	0.0745412
4	65	0	60	0	15	0	20	0	0.0746714
4	320	0	290	0	200	0	230	0	0.0748992
4	290	0	250	0	130	0	170	0	0.0750246
4	250	0	230	0	150	0	170	0	0.0750563
4	90	0	80	0	0	0	10	0	0.0751673
4	300	0	270	0	180	0	210	0	0.0758064
4	290	0	250	0	130	0	170	0	0.0760203
4	190	0	170	0	30	0	50	0	0.0761376
4	190	0	170	0	30	0	50	0	0.0764226
4	390	0	360	0	240	0	270	0	0.0765426
4	370	0	330	0	210	0	250	0	0.0765612
4	290	0	260	0	170	0	200	0	0.0765815
4	155	0	150	0	105	0	110	0	0.076747
4	155	0	150	0	105	0	110	0	0.0768754
4	65	0	60	0	15	0	20	0	0.0771706
4	300	0	260	0	140	0	180	0	0.0780549
4	160	0	140	0	0	0	20	0	0.0781172
4	340	0	320	0	240	0	260	0	0.0781522
4	90	0	85	0	40	0	45	0	0.0782399
4	160	0	140	0	0	0	20	0	0.0784903
4	220	0	190	0	40	0	70	0	0.0786376
4	220	0	190	0	40	0	70	0	0.0787442
4	195	0	190	0	145	0	150	0	0.0787511
4	300	0	260	0	140	0	180	0	0.0787713
4	90	0	85	0	40	0	45	0	0.0789002
4	105	0	100	0	55	0	60	0	0.078953
4	195	0	190	0	145	0	150	0	0.0790022
4	210	0	200	0	130	0	140	0	0.0790717
4	240	0	235	0	200	0	205	0	0.0791063
4	210	0	200	0	130	0	140	0	0.0793046
4	95	0	90	0	45	0	50	0	0.079375
4	170	0	150	0	10	0	30	0	0.0798721
4	180	0	160	0	20	0	40	0	0.0802098
4	100	0	95	0	50	0	55	0	0.0802682
4	95	0	90	0	45	0	50	0	0.0802987
4	130	0	125	0	85	0	90	0	0.080361
4	180	0	160	0	20	0	40	0	0.0804499
4	170	0	150	0	10	0	30	0	0.080833
4	130	0	125	0	85	0	90	0	0.080938
4	370	0	360	0	280	0	290	0	0.080949
4	400	0	390	0	300	0	310	0	0.0810986
4	350	0	340	0	270	0	280	0	0.0811813
4	290	0	260	0	170	0	200	0	0.0813171
4	165	0	160	0	115	0	120	0	0.0827613
4	160	0	150	0	70	0	80	0	0.0828648
4	165	0	160	0	115	0	120	0	0.0830059
4	160	0	150	0	70	0	80	0	0.0832609
4	240	0	200	0	40	0	80	0	0.0836151
4	360	0	355	0	310	0	315	0	0.0836686
4	270	0	230	0	110	0	150	0	0.0838522
4	160	0	155	0	110	0	115	0	0.0839228
4	270	0	265	0	230	0	235	0	0.0841439
4	270	0	230	0	110	0	150	0	0.0846227
4	160	0	155	0	110	0	115	0	0.0846437
4	240	0	200	0	40	0	80	0	0.0846889
4	330	0	300	0	210	0	240	0	0.0847938
4	135	0	130	0	90	0	95	0	0.0851453
4	200	0	190	0	120	0	130	0	0.0852176
4	135	0	130	0	90	0	95	0	0.0852482
4	220	0	210	0	150	0	160	0	0.0857595
4	80	0	75	0	30	0	35	0	0.0858738
4	55	0	50	0	10	0	15	0	0.0860492
4	220	0	210	0	150	0	160	0	0.0863434
4	85	0	80	0	35	0	40	0	0.0864207
4	330	0	320	0	260	0	270	0	0.0864777
4	220	0	200	0	100	0	120	0	0.0864893
4	80	0	75	0	30	0	35	0	0.0864953
4	55	0	50	0	10	0	15	0	0.0865017
4	85	0	80	0	35	0	40	0	0.0866932
4	310	0	300	0	240	0	250	0	0.0868474
4	370	0	365	0	320	0	325	0	0.0871209
4	270	0	260	0	200	0	210	0	0.0874621
4	200	0	180	0	60	0	80	0	0.087799
4	200	0	180	0	60	0	80	0	0.08821
4	75	0	70	0	25	0	30	0	0.0883375
4	260	0	210	0	60	0	110	0	0.0884229
4	200	0	190	0	120	0	130	0	0.0884547
4	65	0	60	0	20	0	25	0	0.0885553
4	75	0	70	0	25	0	30	0	0.0886443
4	125	0	120	0	80	0	85	0	0.0887662
4	65	0	60	0	20	0	25	0	0.088783
4	170	0	165	0	120	0	125	0	0.0890009
4	125	0	120	0	80	0	85	0	0.0890832
4	100	0	95	0	50	0	55	0	0.0896184
4	170	0	165	0	120	0	125	0	0.0896572
4	170	0	160	0	90	0	100	0	0.0897362
4	270	0	240	0	150	0	180	0	0.0898794
4	120	0	115	0	75	0	80	0	0.0900898
4	170	0	160	0	90	0	100	0	0.0901504
4	220	0	200	0	100	0	120	0	0.0902875
4	260	0	210	0	60	0	110	0	0.0907638
4	120	0	115	0	75	0	80	0	0.0912105
4	180	0	175	0	130	0	135	0	0.0914315
4	190	0	185	0	140	0	145	0	0.0916925
4	175	0	170	0	125	0	130	0	0.091754
4	380	0	340	0	220	0	260	0	0.091819
4	175	0	170	0	125	0	130	0	0.0921238
4	180	0	175	0	130	0	135	0	0.0921883
4	130	0	120	0	50	0	60	0	0.0923165
4	260	0	220	0	100	0	140	0	0.0924022
4	140	0	135	0	95	0	100	0	0.0924354
4	130	0	120	0	50	0	60	0	0.0925378
4	185	0	180	0	135	0	140	0	0.0928019
4	185	0	180	0	135	0	140	0	0.0928798
4	110	0	105	0	65	0	70	0	0.0929413
4	310	0	305	0	265	0	270	0	0.0929907
4	140	0	135	0	95	0	100	0	0.0931049
4	190	0	185	0	140	0	145	0	0.0932011
4	285	0	280	0	245	0	250	0	0.0932141
4	260	0	220	0	100	0	140	0	0.0935449
4	190	0	180	0	110	0	120	0	0.0936267
4	315	0	310	0	270	0	275	0	0.093678
4	190	0	180	0	110	0	120	0	0.0942651
4	110	0	105	0	65	0	70	0	0.0943638
4	280	0	250	0	160	0	190	0	0.0944338
4	390	0	380	0	300	0	310	0	0.0945613
4	210	0	190	0	90	0	110	0	0.0945656
4	305	0	300	0	255	0	260	0	0.0945936
4	140	0	130	0	60	0	70	0	0.0947511
4	180	0	170	0	100	0	110	0	0.0948142
4	140	0	130	0	60	0	70	0	0.0948195
4	145	0	140	0	100	0	105	0	0.0949052
4	380	0	360	0	260	0	280	0	0.0951361
4	45	0	40	0	0	0	5	0	0.0951823
4	210	0	190	0	90	0	110	0	0.0953243
4	280	0	250	0	160	0	190	0	0.0955309
4	145	0	140	0	100	0	105	0	0.0955481
4	180	0	170	0	100	0	110	0	0.0961628
4	45	0	40	0	0	0	5	0	0.096168
4	120	0	110	0	40	0	50	0	0.0964602
4	120	0	110	0	40	0	50	0	0.0969623
4	50	0	45	0	5	0	10	0	0.0972412
4	50	0	45	0	5	0	10	0	0.0974897
4	290	0	270	0	210	0	230	0	0.0975343
4	200	0	195	0	155	0	160	0	0.0978026
4	340	0	310	0	220	0	250	0	0.0978991
4	360	0	350	0	280	0	290	0	0.0981764
4	140	0	120	0	0	0	20	0	0.0983748
4	115	0	110	0	70	0	75	0	0.0987718
4	115	0	110	0	70	0	75	0	0.0993453
4	260	0	255	0	225	0	230	0	0.0995324
4	140	0	120	0	0	0	20	0	0.0995518
4	240	0	220	0	140	0	160	0	0.100205
4	200	0	195	0	155	0	160	0	0.100221
4	160	0	150	0	80	0	90	0	0.100322
4	160	0	150	0	80	0	90	0	0.100705
4	280	0	270	0	230	0	240	0	0.100826
4	270	0	240	0	150	0	180	0	0.101063
4	250	0	245	0	215	0	220	0	0.101212
4	240	0	230	0	180	0	190	0	0.101441
4	335	0	330	0	285	0	290	0	0.101855
4	70	0	65	0	25	0	30	0	0.102006
4	330	0	325	0	280	0	285	0	0.10208
4	105	0	100	0	60	0	65	0	0.102177
4	240	0	220	0	140	0	160	0	0.102182
4	105	0	100	0	60	0	65	0	0.102366
4	100	0	95	0	55	0	60	0	0.102405
4	240	0	230	0	180	0	190	0	0.102778
4	70	0	65	0	25	0	30	0	0.102822
4	380	0	370	0	290	0	300	0	0.102989
4	355	0	350	0	305	0	310	0	0.103172
4	230	0	200	0	80	0	110	0	0.103706
4	95	0	90	0	50	0	55	0	0.105236
4	150	0	145	0	105	0	110	0	0.105465
4	150	0	145	0	105	0	110	0	0.10589
4	255	0	250	0	220	0	225	0	0.106043
4	190	0	170	0	50	0	70	0	0.106089
4	80	0	70	0	0	0	10	0	0.106104
4	400	0	360	0	280	0	320	0	0.106344
4	150	0	140	0	70	0	80	0	0.106346
4	400	0	390	0	310	0	320	0	0.106454
4	150	0	140	0	70	0	80	0	0.106475
4	80	0	70	0	0	0	10	0	0.106709
4	90	0	85	0	45	0	50	0	0.106774
4	95	0	90	0	50	0	55	0	0.106807
4	100	0	90	0	20	0	30	0	0.107051
4	110	0	100	0	30	0	40	0	0.107093
4	100	0	90	0	20	0	30	0	0.107111
4	190	0	170	0	50	0	70	0	0.10714
4	90	0	80	0	10	0	20	0	0.107358
4	110	0	100	0	30	0	40	0	0.107585
4	90	0	85	0	45	0	50	0	0.107666
4	60	0	55	0	15	0	20	0	0.107848
4	245	0	240	0	210	0	215	0	0.108049
4	60	0	55	0	15	0	20	0	0.10816
4	90	0	80	0	10	0	20	0	0.108174
4	230	0	190	0	30	0	70	0	0.109087
4	210	0	180	0	30	0	60	0	0.10917
4	210	0	180	0	30	0	60	0	0.109403
4	100	0	95	0	55	0	60	0	0.109546
4	230	0	190	0	30	0	70	0	0.109595
4	230	0	200	0	80	0	110	0	0.109846
4	150	0	130	0	10	0	30	0	0.110081
4	155	0	150	0	110	0	115	0	0.110457
4	155	0	150	0	110	0	115	0	0.110633
4	195	0	190	0	150	0	155	0	0.110672
4	150	0	130	0	10	0	30	0	0.110898
4	195	0	190	0	150	0	155	0	0.111639
4	265	0	260	0	230	0	235	0	0.112336
4	290	0	270	0	210	0	230	0	0.112598
4	85	0	80	0	40	0	45	0	0.114315
4	250	0	210	0	90	0	130	0	0.11433
4	230	0	220	0	170	0	180	0	0.114369
4	230	0	220	0	170	0	180	0	0.115032
4	85	0	80	0	40	0	45	0	0.11523
4	200	0	180	0	80	0	100	0	0.115448
4	260	0	230	0	140	0	170	0	0.115661
4	250	0	210	0	90	0	130	0	0.115806
4	210	0	200	0	140	0	150	0	0.116081
4	75	0	70	0	30	0	35	0	0.116194
4	260	0	230	0	140	0	170	0	0.116542
4	80	0	75	0	35	0	40	0	0.116693
4	75	0	70	0	30	0	35	0	0.11721
4	280	0	260	0	200	0	220	0	0.117345
4	200	0	180	0	80	0	100	0	0.117462
4	80	0	75	0	35	0	40	0	0.117665
4	260	0	250	0	210	0	220	0	0.117904
4	180	0	160	0	40	0	60	0	0.118046
4	130	0	125	0	90	0	95	0	0.11821
4	130	0	125	0	90	0	95	0	0.11829
4	180	0	160	0	40	0	60	0	0.118412
4	210	0	200	0	140	0	150	0	0.118482
4	260	0	250	0	210	0	220	0	0.118789
4	340	0	330	0	270	0	280	0	0.119272
4	360	0	355	0	315	0	320	0	0.120176
4	170	0	165	0	125	0	130	0	0.120378
4	170	0	165	0	125	0	130	0	0.120851
4	160	0	140	0	20	0	40	0	0.121226
4	165	0	160	0	120	0	125	0	0.121287
4	165	0	160	0	120	0	125	0	0.121368
4	160	0	140	0	20	0	40	0	0.122298
4	300	0	280	0	220	0	240	0	0.12298
4	300	0	280	0	220	0	240	0	0.124595
4	230	0	210	0	130	0	150	0	0.124703
4	185	0	180	0	140	0	145	0	0.124785
4	390	0	350	0	230	0	270	0	0.124969
4	170	0	150	0	30	0	50	0	0.125168
4	350	0	320	0	230	0	260	0	0.12527
4	170	0	150	0	30	0	50	0	0.125313
4	230	0	210	0	130	0	150	0	0.125491
4	125	0	120	0	85	0	90	0	0.125597
4	185	0	180	0	140	0	145	0	0.12577
4	125	0	120	0	85	0	90	0	0.125779
4	130	0	120	0	60	0	70	0	0.126087
4	160	0	155	0	115	0	120	0	0.126378
4	365	0	360	0	315	0	320	0	0.12694
4	160	0	155	0	115	0	120	0	0.126947
4	200	0	190	0	130	0	140	0	0.127117
4	200	0	190	0	130	0	140	0	0.127177
4	130	0	120	0	60	0	70	0	0.127186
4	350	0	345	0	300	0	305	0	0.127381
4	325	0	320	0	280	0	285	0	0.129333
4	270	0	260	0	220	0	230	0	0.1301
4	70	0	60	0	0	0	10	0	0.130152
4	390	0	380	0	310	0	320	0	0.130169
4	220	0	190	0	70	0	100	0	0.130179
4	70	0	60	0	0	0	10	0	0.130199
4	320	0	315	0	275	0	280	0	0.13021
4	220	0	190	0	70	0	100	0	0.130372
4	375	0	370	0	325	0	330	0	0.130653
4	180	0	175	0	135	0	140	0	0.131191
4	60	0	55	0	20	0	25	0	0.13135
4	180	0	175	0	135	0	140	0	0.131667
4	120	0	115	0	80	0	85	0	0.131794
4	310	0	300	0	250	0	260	0	0.131807
4	310	0	305	0	270	0	275	0	0.131829
4	120	0	115	0	80	0	85	0	0.131841
4	190	0	185	0	145	0	150	0	0.131944
4	200	0	170	0	20	0	50	0	0.132004
4	200	0	170	0	20	0	50	0	0.132224
4	60	0	55	0	20	0	25	0	0.132339
4	390	0	385	0	340	0	345	0	0.132813
4	190	0	185	0	145	0	150	0	0.133143
4	350	0	330	0	250	0	270	0	0.133478
4	50	0	45	0	10	0	15	0	0.133603
4	50	0	45	0	10	0	15	0	0.13401
4	280	0	260	0	200	0	220	0	0.134058
4	135	0	130	0	95	0	100	0	0.134253
4	175	0	170	0	130	0	135	0	0.134969
4	340	0	335	0	290	0	295	0	0.134977
4	135	0	130	0	95	0	100	0	0.135067
4	355	0	350	0	310	0	315	0	0.135795
4	150	0	140	0	80	0	90	0	0.135864
4	175	0	170	0	130	0	135	0	0.135989
4	115	0	110	0	75	0	80	0	0.136003
4	380	0	375	0	330	0	335	0	0.13627
4	115	0	110	0	75	0	80	0	0.13638
4	150	0	140	0	80	0	90	0	0.136497
4	200	0	195	0	160	0	165	0	0.137547
4	105	0	100	0	65	0	70	0	0.137707
4	300	0	290	0	230	0	240	0	0.137934
4	240	0	235	0	205	0	210	0	0.138006
4	270	0	250	0	190	0	210	0	0.138082
4	105	0	100	0	65	0	70	0	0.138795
4	120	0	110	0	50	0	60	0	0.139698
4	250	0	200	0	50	0	100	0	0.13978
4	200	0	195	0	160	0	165	0	0.140211
4	385	0	380	0	335	0	340	0	0.140246
4	120	0	110	0	50	0	60	0	0.140248
4	70	0	65	0	30	0	35	0	0.140858
4	70	0	65	0	30	0	35	0	0.141057
4	270	0	250	0	190	0	210	0	0.141481
4	160	0	150	0	90	0	100	0	0.141644
4	160	0	150	0	90	0	100	0	0.141768
4	390	0	370	0	270	0	290	0	0.142055
4	170	0	160	0	100	0	110	0	0.142623
4	170	0	160	0	100	0	110	0	0.143162
4	45	0	40	0	5	0	10	0	0.143767
4	45	0	40	0	5	0	10	0	0.144108
4	365	0	360	0	320	0	325	0	0.144659
4	270	0	260	0	220	0	230	0	0.144725
4	140	0	130	0	70	0	80	0	0.144839
4	140	0	130	0	70	0	80	0	0.144896
4	65	0	60	0	25	0	30	0	0.144924
4	100	0	95	0	60	0	65	0	0.1458
4	65	0	60	0	25	0	30	0	0.145941
4	250	0	200	0	50	0	100	0	0.146038
4	190	0	160	0	10	0	40	0	0.146086
4	140	0	135	0	100	0	105	0	0.146106
4	90	0	85	0	50	0	55	0	0.146155
4	100	0	95	0	60	0	65	0	0.146335
4	140	0	135	0	100	0	105	0	0.146513
4	190	0	160	0	10	0	40	0	0.146563
4	145	0	140	0	105	0	110	0	0.14672
4	145	0	140	0	105	0	110	0	0.146906
4	250	0	220	0	130	0	160	0	0.147516
4	250	0	220	0	130	0	160	0	0.147726
4	280	0	270	0	230	0	240	0	0.147974
4	220	0	180	0	20	0	60	0	0.14853
4	110	0	105	0	70	0	75	0	0.148772
4	95	0	90	0	55	0	60	0	0.148975
4	95	0	90	0	55	0	60	0	0.149163
4	220	0	180	0	20	0	60	0	0.149305
4	360	0	355	0	320	0	325	0	0.149488
4	400	0	390	0	320	0	330	0	0.149535
4	40	0	35	0	0	0	5	0	0.149678
4	180	0	150	0	0	0	30	0	0.149763
4	40	0	35	0	0	0	5	0	0.149847
4	180	0	150	0	0	0	30	0	0.149951
4	110	0	105	0	70	0	75	0	0.1504
4	90	0	85	0	50	0	55	0	0.151361
4	290	0	285	0	240	0	245	0	0.151613
4	300	0	295	0	260	0	265	0	0.152092
4	370	0	360	0	290	0	300	0	0.153729
4	380	0	370	0	300	0	310	0	0.153784
4	130	0	110	0	10	0	30	0	0.153998
4	220	0	210	0	160	0	170	0	0.154063
4	220	0	210	0	160	0	170	0	0.154201
4	130	0	110	0	10	0	30	0	0.154368
4	190	0	180	0	120	0	130	0	0.154534
4	350	0	345	0	305	0	310	0	0.154885
4	190	0	180	0	120	0	130	0	0.155265
4	250	0	240	0	200	0	210	0	0.155425
4	110	0	100	0	40	0	50	0	0.155444
4	110	0	100	0	40	0	50	0	0.155466
4	250	0	240	0	200	0	210	0	0.156265
4	310	0	290	0	230	0	250	0	0.156951
4	345	0	340	0	295	0	300	0	0.157037
4	180	0	170	0	110	0	120	0	0.157181
4	180	0	170	0	110	0	120	0	0.157417
4	90	0	80	0	20	0	30	0	0.158138
4	55	0	50	0	15	0	20	0	0.158356
4	55	0	50	0	15	0	20	0	0.158622
4	120	0	100	0	0	0	20	0	0.158942
4	260	0	240	0	180	0	200	0	0.159184
4	90	0	80	0	20	0	30	0	0.159507
4	235	0	230	0	200	0	205	0	0.159842
4	120	0	100	0	0	0	20	0	0.160136
4	330	0	325	0	285	0	290	0	0.161742
4	260	0	240	0	180	0	200	0	0.161777
4	100	0	90	0	30	0	40	0	0.161994
4	150	0	145	0	110	0	115	0	0.162144
4	190	0	170	0	70	0	90	0	0.162328
4	100	0	90	0	30	0	40	0	0.162379
4	190	0	170	0	70	0	90	0	0.162463
4	150	0	145	0	110	0	115	0	0.162712
4	370	0	365	0	325	0	330	0	0.162867
4	80	0	75	0	40	0	45	0	0.162986
4	80	0	75	0	40	0	45	0	0.163113
4	80	0	70	0	10	0	20	0	0.164415
4	140	0	120	0	20	0	40	0	0.164495
4	80	0	70	0	10	0	20	0	0.164647
4	140	0	120	0	20	0	40	0	0.164773
4	75	0	70	0	35	0	40	0	0.166393
4	75	0	70	0	35	0	40	0	0.16665
4	85	0	80	0	45	0	50	0	0.166784
4	395	0	390	0	345	0	350	0	0.167217
4	85	0	80	0	45	0	50	0	0.167278
4	335	0	330	0	290	0	295	0	0.16809
4	220	0	200	0	120	0	140	0	0.168515
4	375	0	370	0	330	0	335	0	0.170844
4	155	0	150	0	115	0	120	0	0.172255
4	155	0	150	0	115	0	120	0	0.17258
4	220	0	200	0	120	0	140	0	0.172857
4	165	0	160	0	125	0	130	0	0.173979
4	165	0	160	0	125	0	130	0	0.174326
4	240	0	200	0	80	0	120	0	0.175142
4	315	0	310	0	275	0	280	0	0.176921
4	270	0	265	0	235	0	240	0	0.178813
4	320	0	310	0	260	0	270	0	0.179427
4	180	0	160	0	60	0	80	0	0.179529
4	180	0	160	0	60	0	80	0	0.180044
4	210	0	180	0	60	0	90	0	0.1805
4	210	0	180	0	60	0	90	0	0.180543
4	195	0	190	0	155	0	160	0	0.180964
4	400	0	395	0	350	0	355	0	0.181154
4	195	0	190	0	155	0	160	0	0.182906
4	150	0	130	0	30	0	50	0	0.183011
4	150	0	130	0	30	0	50	0	0.183025
4	240	0	200	0	80	0	120	0	0.183331
4	290	0	280	0	240	0	250	0	0.184757
4	170	0	150	0	50	0	70	0	0.185494
4	180	0	175	0	140	0	145	0	0.186077
4	170	0	150	0	50	0	70	0	0.186102
4	180	0	175	0	140	0	145	0	0.18659
4	210	0	170	0	10	0	50	0	0.186755
4	360	0	340	0	260	0	280	0	0.186826
4	240	0	190	0	40	0	90	0	0.186933
4	240	0	190	0	40	0	90	0	0.187196
4	210	0	170	0	10	0	50	0	0.187803
4	240	0	210	0	120	0	150	0	0.187892
4	240	0	210	0	120	0	150	0	0.18864
4	170	0	165	0	130	0	135	0	0.188688
4	290	0	280	0	240	0	250	0	0.189503
4	185	0	180	0	145	0	150	0	0.189525
4	185	0	180	0	145	0	150	0	0.189967
4	170	0	165	0	130	0	135	0	0.19053
4	160	0	155	0	120	0	125	0	0.191359
4	160	0	140	0	40	0	60	0	0.191461
4	360	0	330	0	240	0	270	0	0.191534
4	160	0	140	0	40	0	60	0	0.192199
4	160	0	155	0	120	0	125	0	0.192347
4	390	0	385	0	345	0	350	0	0.192438
4	360	0	350	0	290	0	300	0	0.194997
4	390	0	380	0	320	0	330	0	0.195552
4	350	0	340	0	280	0	290	0	0.198053
4	190	0	185	0	150	0	155	0	0.199125
4	190	0	185	0	150	0	155	0	0.199558
4	210	0	190	0	110	0	130	0	0.200872
4	210	0	190	0	110	0	130	0	0.201898
4	240	0	230	0	190	0	200	0	0.201985
4	330	0	320	0	270	0	280	0	0.203084
4	240	0	230	0	190	0	200	0	0.203707
4	140	0	130	0	80	0	90	0	0.204323
4	175	0	170	0	135	0	140	0	0.204575
4	140	0	130	0	80	0	90	0	0.204761
4	125	0	120	0	90	0	95	0	0.204783
4	175	0	170	0	135	0	140	0	0.204966
4	125	0	120	0	90	0	95	0	0.205112
4	120	0	115	0	85	0	90	0	0.2055
4	120	0	115	0	85	0	90	0	0.205731
4	200	0	160	0	0	0	40	0	0.20682
4	200	0	160	0	0	0	40	0	0.207311
4	120	0	110	0	60	0	70	0	0.207342
4	120	0	110	0	60	0	70	0	0.207845
4	400	0	380	0	280	0	300	0	0.208353
4	355	0	350	0	315	0	320	0	0.208767
4	55	0	50	0	20	0	25	0	0.209149
4	55	0	50	0	20	0	25	0	0.209443
4	60	0	50	0	0	0	10	0	0.209607
4	130	0	120	0	70	0	80	0	0.209989
4	60	0	50	0	0	0	10	0	0.209999
4	340	0	335	0	295	0	300	0	0.210159
4	130	0	125	0	95	0	100	0	0.210273
4	150	0	140	0	90	0	100	0	0.210626
4	150	0	140	0	90	0	100	0	0.21075
4	130	0	125	0	95	0	100	0	0.210775
4	130	0	120	0	70	0	80	0	0.211343
4	350	0	345	0	310	0	315	0	0.211799
4	230	0	190	0	70	0	110	0	0.211905
4	95	0	90	0	60	0	65	0	0.212168
4	230	0	190	0	70	0	110	0	0.213572
4	300	0	250	0	150	0	200	0	0.213704
4	345	0	340	0	300	0	305	0	0.213992
4	95	0	90	0	60	0	65	0	0.214089
4	65	0	60	0	30	0	35	0	0.214232
4	70	0	65	0	35	0	40	0	0.216722
4	380	0	375	0	335	0	340	0	0.216832
4	65	0	60	0	30	0	35	0	0.216887
4	70	0	65	0	35	0	40	0	0.217562
4	100	0	95	0	65	0	70	0	0.2179
4	70	0	60	0	10	0	20	0	0.218727
4	115	0	110	0	80	0	85	0	0.218869
4	100	0	95	0	65	0	70	0	0.219151
4	45	0	40	0	10	0	15	0	0.219299
4	45	0	40	0	10	0	15	0	0.21936
4	305	0	300	0	275	0	280	0	0.219399
4	115	0	110	0	80	0	85	0	0.219447
4	200	0	190	0	140	0	150	0	0.219483
4	200	0	180	0	100	0	120	0	0.219622
4	70	0	60	0	10	0	20	0	0.219929
4	210	0	200	0	150	0	160	0	0.220075
4	380	0	370	0	310	0	320	0	0.220303
4	325	0	320	0	285	0	290	0	0.220404
4	210	0	200	0	150	0	160	0	0.220669
4	200	0	180	0	100	0	120	0	0.22154
4	200	0	190	0	140	0	150	0	0.222425
4	395	0	390	0	350	0	355	0	0.223743
4	110	0	105	0	75	0	80	0	0.223906
4	300	0	250	0	150	0	200	0	0.224332
4	110	0	105	0	75	0	80	0	0.224469
4	90	0	85	0	55	0	60	0	0.224789
4	250	0	230	0	170	0	190	0	0.225349
4	385	0	380	0	340	0	345	0	0.225687
4	250	0	230	0	170	0	190	0	0.225789
4	200	0	170	0	50	0	80	0	0.226818
4	370	0	360	0	300	0	310	0	0.226893
4	285	0	280	0	250	0	255	0	0.226999
4	200	0	170	0	50	0	80	0	0.228116
4	245	0	240	0	215	0	220	0	0.22995
4	370	0	365	0	330	0	335	0	0.230119
4	200	0	195	0	165	0	170	0	0.231051
4	90	0	85	0	55	0	60	0	0.231186
4	295	0	290	0	265	0	270	0	0.23135
4	200	0	195	0	165	0	170	0	0.231589
4	300	0	290	0	250	0	260	0	0.232388
4	60	0	55	0	25	0	30	0	0.233944
4	60	0	55	0	25	0	30	0	0.234174
4	300	0	290	0	250	0	260	0	0.234261
4	300	0	260	0	180	0	220	0	0.236275
4	150	0	120	0	0	0	30	0	0.237493
4	300	0	260	0	180	0	220	0	0.238215
4	150	0	120	0	0	0	30	0	0.238319
4	135	0	130	0	100	0	105	0	0.239509
4	135	0	130	0	100	0	105	0	0.239697
4	320	0	280	0	200	0	240	0	0.23987
4	105	0	100	0	70	0	75	0	0.24003
4	105	0	100	0	70	0	75	0	0.240154
4	160	0	150	0	100	0	110	0	0.24189
4	290	0	240	0	140	0	190	0	0.241926
4	160	0	150	0	100	0	110	0	0.242039
4	110	0	100	0	50	0	60	0	0.243225
4	110	0	100	0	50	0	60	0	0.243973
4	270	0	265	0	240	0	245	0	0.244105
4	290	0	240	0	140	0	190	0	0.244304
4	250	0	245	0	220	0	225	0	0.246012
4	145	0	140	0	110	0	115	0	0.246699
4	145	0	140	0	110	0	115	0	0.247028
4	295	0	290	0	260	0	265	0	0.248431
4	35	0	30	0	0	0	5	0	0.248529
4	255	0	250	0	225	0	230	0	0.249064
4	40	0	35	0	5	0	10	0	0.249136
4	40	0	35	0	5	0	10	0	0.249243
4	35	0	30	0	0	0	5	0	0.249652
4	100	0	90	0	40	0	50	0	0.250147
4	320	0	315	0	280	0	285	0	0.250148
4	75	0	70	0	40	0	45	0	0.250513
4	140	0	135	0	105	0	110	0	0.250822
4	230	0	200	0	110	0	140	0	0.251398
4	140	0	135	0	105	0	110	0	0.251628
4	170	0	160	0	110	0	120	0	0.251994
4	100	0	90	0	40	0	50	0	0.252299
4	170	0	160	0	110	0	120	0	0.252347
4	75	0	70	0	40	0	45	0	0.252718
4	230	0	200	0	110	0	140	0	0.253253
4	85	0	80	0	50	0	55	0	0.253597
4	400	0	395	0	355	0	360	0	0.254167
4	80	0	75	0	45	0	50	0	0.255903
4	190	0	160	0	40	0	70	0	0.256072
4	190	0	160	0	40	0	70	0	0.256432
4	370	0	350	0	270	0	290	0	0.256781
4	80	0	75	0	45	0	50	0	0.256842
4	85	0	80	0	50	0	55	0	0.257636
4	230	0	220	0	180	0	190	0	0.258881
4	230	0	220	0	180	0	190	0	0.259703
4	230	0	180	0	30	0	80	0	0.259995
4	230	0	180	0	30	0	80	0	0.260223
4	190	0	170	0	90	0	110	0	0.26077
4	290	0	250	0	170	0	210	0	0.260811
4	80	0	70	0	20	0	30	0	0.261204
4	275	0	270	0	260	0	265	0	0.261346
4	80	0	70	0	20	0	30	0	0.261367
4	190	0	170	0	90	0	110	0	0.261476
4	90	0	80	0	30	0	40	0	0.262666
4	90	0	80	0	30	0	40	0	0.263399
4	400	0	390	0	330	0	340	0	0.263955
4	240	0	220	0	160	0	180	0	0.264839
4	240	0	220	0	160	0	180	0	0.265309
4	260	0	255	0	230	0	235	0	0.265335
4	310	0	305	0	275	0	280	0	0.265772
4	290	0	250	0	170	0	210	0	0.267661
4	160	0	130	0	10	0	40	0	0.267862
4	335	0	330	0	295	0	300	0	0.268744
4	160	0	130	0	10	0	40	0	0.268829
4	350	0	300	0	200	0	250	0	0.269641
4	50	0	45	0	15	0	20	0	0.271279
4	50	0	45	0	15	0	20	0	0.271388
4	180	0	160	0	80	0	100	0	0.272335
4	180	0	160	0	80	0	100	0	0.272849
4	345	0	340	0	305	0	310	0	0.273455
4	280	0	230	0	130	0	180	0	0.275005
4	180	0	170	0	120	0	130	0	0.275028
4	390	0	385	0	350	0	355	0	0.275379
4	180	0	170	0	120	0	130	0	0.276042
4	370	0	340	0	250	0	280	0	0.27677
4	280	0	230	0	130	0	180	0	0.277043
4	150	0	145	0	115	0	120	0	0.27929
4	330	0	325	0	290	0	295	0	0.279866
4	150	0	145	0	115	0	120	0	0.280031
4	170	0	140	0	20	0	50	0	0.280637
4	170	0	140	0	20	0	50	0	0.280888
4	355	0	350	0	320	0	325	0	0.281631
4	190	0	180	0	130	0	140	0	0.281652
4	180	0	150	0	30	0	60	0	0.281677
4	190	0	180	0	130	0	140	0	0.282003
4	330	0	290	0	210	0	250	0	0.28233
4	195	0	190	0	160	0	165	0	0.282345
4	195	0	190	0	160	0	165	0	0.282651
4	180	0	150	0	30	0	60	0	0.282977
4	360	0	310	0	210	0	260	0	0.28329
4	375	0	370	0	335	0	340	0	0.283422
4	130	0	110	0	30	0	50	0	0.284944
4	280	0	240	0	160	0	200	0	0.285244
4	300	0	290	0	230	0	240	0	0.286354
4	130	0	110	0	30	0	50	0	0.287057
4	140	0	120	0	40	0	60	0	0.289596
4	140	0	120	0	40	0	60	0	0.289645
4	275	0	270	0	255	0	260	0	0.290083
4	365	0	360	0	325	0	330	0	0.290476
4	155	0	150	0	120	0	125	0	0.292392
4	155	0	150	0	120	0	125	0	0.292749
4	220	0	180	0	60	0	100	0	0.293203
4	220	0	180	0	60	0	100	0	0.29421
4	165	0	160	0	130	0	135	0	0.295297
4	165	0	160	0	130	0	135	0	0.295988
4	340	0	335	0	300	0	305	0	0.297832
4	120	0	100	0	20	0	40	0	0.298101
4	240	0	235	0	210	0	215	0	0.298122
4	180	0	175	0	145	0	150	0	0.298592
4	150	0	130	0	50	0	70	0	0.298765
4	120	0	100	0	20	0	40	0	0.298919
4	150	0	130	0	50	0	70	0	0.29905
4	180	0	175	0	145	0	150	0	0.299555
4	220	0	190	0	100	0	130	0	0.300672
4	220	0	190	0	100	0	130	0	0.301041
4	290	0	285	0	260	0	265	0	0.30134
4	160	0	155	0	125	0	130	0	0.302205
4	290	0	285	0	255	0	260	0	0.302228
4	280	0	240	0	160	0	200	0	0.303308
4	160	0	155	0	125	0	130	0	0.303814
4	185	0	180	0	150	0	155	0	0.304095
4	320	0	300	0	240	0	260	0	0.304185
4	185	0	180	0	150	0	155	0	0.304622
4	100	0	80	0	0	0	20	0	0.305683
4	235	0	230	0	205	0	210	0	0.30622
4	110	0	90	0	10	0	30	0	0.306313
4	110	0	90	0	10	0	30	0	0.307176
4	100	0	80	0	0	0	20	0	0.307375
4	170	0	150	0	70	0	90	0	0.310088
4	170	0	150	0	70	0	90	0	0.310798
4	340	0	330	0	280	0	290	0	0.312042
4	170	0	165	0	135	0	140	0	0.312613
4	170	0	165	0	135	0	140	0	0.312657
4	175	0	170	0	140	0	145	0	0.316513
4	175	0	170	0	140	0	145	0	0.317018
4	360	0	350	0	300	0	310	0	0.317718
4	360	0	355	0	325	0	330	0	0.319036
4	270	0	220	0	120	0	170	0	0.320242
4	160	0	140	0	60	0	80	0	0.320806
4	160	0	140	0	60	0	80	0	0.321113
4	280	0	275	0	245	0	250	0	0.323632
4	220	0	170	0	20	0	70	0	0.324946
4	220	0	170	0	20	0	70	0	0.325435
4	395	0	390	0	355	0	360	0	0.327151
4	270	0	220	0	120	0	170	0	0.330633
4	265	0	260	0	235	0	240	0	0.334576
4	220	0	210	0	170	0	180	0	0.334633
4	220	0	210	0	170	0	180	0	0.334864
4	230	0	210	0	150	0	170	0	0.341953
4	230	0	225	0	200	0	205	0	0.342071
4	230	0	210	0	150	0	170	0	0.343688
4	350	0	345	0	315	0	320	0	0.348586
4	190	0	185	0	155	0	160	0	0.349607
4	190	0	185	0	155	0	160	0	0.350149
4	370	0	360	0	310	0	320	0	0.35102
4	280	0	250	0	190	0	220	0	0.351508
4	385	0	380	0	345	0	350	0	0.351821
4	280	0	250	0	190	0	220	0	0.353089
4	330	0	310	0	250	0	270	0	0.354716
4	95	0	90	0	65	0	70	0	0.356936
4	130	0	120	0	80	0	90	0	0.357247
4	130	0	120	0	80	0	90	0	0.357535
4	290	0	260	0	200	0	230	0	0.35777
4	290	0	260	0	200	0	230	0	0.357899
4	95	0	90	0	65	0	70	0	0.358008
4	285	0	280	0	255	0	260	0	0.360732
4	315	0	310	0	280	0	285	0	0.361319
4	90	0	85	0	60	0	65	0	0.362718
4	90	0	85	0	60	0	65	0	0.363801
4	70	0	65	0	40	0	45	0	0.364057
4	300	0	270	0	210	0	240	0	0.364229
4	70	0	65	0	40	0	45	0	0.365331
4	300	0	270	0	210	0	240	0	0.365881
4	380	0	375	0	340	0	345	0	0.366114
4	210	0	180	0	90	0	120	0	0.368712
4	210	0	180	0	90	0	120	0	0.368879
4	380	0	370	0	320	0	330	0	0.369026
4	65	0	60	0	35	0	40	0	0.371517
4	65	0	60	0	35	0	40	0	0.371707
4	140	0	130	0	90	0	100	0	0.375967
4	140	0	130	0	90	0	100	0	0.378216
4	210	0	170	0	50	0	90	0	0.380708
4	390	0	380	0	330	0	340	0	0.380836
4	210	0	170	0	50	0	90	0	0.380839
4	120	0	115	0	90	0	95	0	0.382326
4	210	0	160	0	10	0	60	0	0.382954
4	120	0	115	0	90	0	95	0	0.383207
4	210	0	160	0	10	0	60	0	0.383215
4	270	0	230	0	150	0	190	0	0.385834
4	60	0	55	0	30	0	35	0	0.38891
4	380	0	360	0	280	0	300	0	0.389076
4	60	0	55	0	30	0	35	0	0.389497
4	115	0	110	0	85	0	90	0	0.391711
4	115	0	110	0	85	0	90	0	0.392628
4	270	0	230	0	150	0	190	0	0.393156
4	370	0	365	0	335	0	340	0	0.394393
4	380	0	350	0	260	0	290	0	0.395798
4	120	0	110	0	70	0	80	0	0.398246
4	120	0	110	0	70	0	80	0	0.39834
4	70	0	60	0	20	0	30	0	0.399521
4	70	0	60	0	20	0	30	0	0.399832
4	345	0	340	0	310	0	315	0	0.400278
4	370	0	320	0	220	0	270	0	0.403395
4	340	0	335	0	305	0	310	0	0.405259
4	110	0	100	0	60	0	70	0	0.407057
4	50	0	40	0	0	0	10	0	0.407401
4	110	0	100	0	60	0	70	0	0.407954
4	50	0	40	0	0	0	10	0	0.407956
4	50	0	45	0	20	0	25	0	0.408427
4	200	0	170	0	80	0	110	0	0.408569
4	50	0	45	0	20	0	25	0	0.409793
4	85	0	80	0	55	0	60	0	0.410585
4	260	0	210	0	110	0	160	0	0.4107
4	260	0	210	0	110	0	160	0	0.410806
4	335	0	330	0	300	0	305	0	0.411968
4	400	0	380	0	300	0	320	0	0.414087
4	200	0	170	0	80	0	110	0	0.414669
4	85	0	80	0	55	0	60	0	0.41499
4	60	0	50	0	10	0	20	0	0.415342
4	60	0	50	0	10	0	20	0	0.415629
4	105	0	100	0	75	0	80	0	0.416174
4	105	0	100	0	75	0	80	0	0.41705
4	55	0	50	0	25	0	30	0	0.417406
4	55	0	50	0	25	0	30	0	0.417687
4	110	0	105	0	80	0	85	0	0.419527
4	110	0	105	0	80	0	85	0	0.420782
4	325	0	320	0	290	0	295	0	0.421573
4	125	0	120	0	95	0	100	0	0.421602
4	150	0	140	0	100	0	110	0	0.421836
4	200	0	150	0	0	0	50	0	0.422095
4	200	0	150	0	0	0	50	0	0.422293
4	390	0	370	0	290	0	310	0	0.422389
4	150	0	140	0	100	0	110	0	0.422837
4	125	0	120	0	95	0	100	0	0.423243
4	130	0	125	0	100	0	105	0	0.425353
4	80	0	75	0	50	0	55	0	0.426272
4	365	0	360	0	330	0	335	0	0.426386
4	130	0	125	0	100	0	105	0	0.426988
4	350	0	340	0	290	0	300	0	0.428092
4	390	0	385	0	355	0	360	0	0.430032
4	40	0	35	0	10	0	15	0	0.43203
4	100	0	95	0	70	0	75	0	0.434001
4	40	0	35	0	10	0	15	0	0.434078
4	100	0	95	0	70	0	75	0	0.435206
4	75	0	70	0	45	0	50	0	0.43722
4	75	0	70	0	45	0	50	0	0.437543
4	310	0	280	0	220	0	250	0	0.443188
4	100	0	90	0	50	0	60	0	0.443614
4	200	0	195	0	170	0	175	0	0.444414
4	100	0	90	0	50	0	60	0	0.444472
4	200	0	160	0	40	0	80	0	0.445329
4	270	0	240	0	180	0	210	0	0.446486
4	200	0	160	0	40	0	80	0	0.446702
4	270	0	240	0	180	0	210	0	0.446856
4	210	0	200	0	160	0	170	0	0.448006
4	210	0	200	0	160	0	170	0	0.448295
4	200	0	195	0	170	0	175	0	0.449019
4	200	0	190	0	150	0	160	0	0.452356
4	260	0	220	0	140	0	180	0	0.452524
4	260	0	220	0	140	0	180	0	0.452942
4	200	0	190	0	150	0	160	0	0.453444
4	320	0	315	0	285	0	290	0	0.453723
4	340	0	300	0	220	0	260	0	0.457957
4	160	0	120	0	0	0	40	0	0.463107
4	340	0	320	0	260	0	280	0	0.464373
4	160	0	120	0	0	0	40	0	0.464413
4	80	0	75	0	50	0	55	0	0.466501
4	35	0	30	0	5	0	10	0	0.46776
4	90	0	80	0	40	0	50	0	0.468786
4	90	0	80	0	40	0	50	0	0.468988
4	35	0	30	0	5	0	10	0	0.469709
4	135	0	130	0	105	0	110	0	0.470695
4	135	0	130	0	105	0	110	0	0.4711
4	320	0	310	0	270	0	280	0	0.471541
4	220	0	200	0	140	0	160	0	0.471694
4	220	0	200	0	140	0	160	0	0.474893
4	145	0	140	0	115	0	120	0	0.485078
4	190	0	160	0	70	0	100	0	0.485458
4	145	0	140	0	115	0	120	0	0.485667
4	80	0	70	0	30	0	40	0	0.485711
4	190	0	160	0	70	0	100	0	0.485966
4	80	0	70	0	30	0	40	0	0.48612
4	140	0	135	0	110	0	115	0	0.486627
4	140	0	135	0	110	0	115	0	0.486726
4	250	0	240	0	210	0	220	0	0.493308
4	250	0	240	0	210	0	220	0	0.493375
4	400	0	395	0	360	0	365	0	0.493381
4	160	0	150	0	110	0	120	0	0.493782
4	330	0	325	0	295	0	300	0	0.493945
4	190	0	150	0	30	0	70	0	0.494114
4	190	0	150	0	30	0	70	0	0.494332
4	160	0	150	0	110	0	120	0	0.494656
4	170	0	130	0	10	0	50	0	0.497994
4	170	0	130	0	10	0	50	0	0.498584
4	260	0	250	0	220	0	230	0	0.501741
4	260	0	250	0	220	0	230	0	0.502886
4	140	0	110	0	20	0	50	0	0.504718
4	170	0	160	0	120	0	130	0	0.50568
4	140	0	110	0	20	0	50	0	0.505795
4	170	0	160	0	120	0	130	0	0.506628
4	45	0	40	0	15	0	20	0	0.507515
4	45	0	40	0	15	0	20	0	0.508271
4	130	0	100	0	10	0	40	0	0.508819
4	120	0	90	0	0	0	30	0	0.50883
4	130	0	100	0	10	0	40	0	0.509466
4	375	0	370	0	340	0	345	0	0.510778
4	180	0	140	0	20	0	60	0	0.511211
4	120	0	90	0	0	0	30	0	0.511212
4	180	0	140	0	20	0	60	0	0.512122
4	350	0	345	0	320	0	325	0	0.51416
4	360	0	355	0	330	0	335	0	0.515449
4	195	0	190	0	165	0	170	0	0.517692
4	195	0	190	0	165	0	170	0	0.520287
4	155	0	150	0	125	0	130	0	0.523136
4	150	0	120	0	30	0	60	0	0.524665
4	155	0	150	0	125	0	130	0	0.5249
4	150	0	120	0	30	0	60	0	0.525848
4	310	0	300	0	270	0	280	0	0.529171
4	400	0	390	0	340	0	350	0	0.53224
4	150	0	145	0	120	0	125	0	0.534325
4	150	0	145	0	120	0	125	0	0.534987
4	280	0	275	0	240	0	245	0	0.53708
4	30	0	25	0	0	0	5	0	0.53734
4	180	0	175	0	150	0	155	0	0.53805
4	190	0	180	0	140	0	150	0	0.538906
4	190	0	180	0	140	0	150	0	0.539245
4	180	0	175	0	150	0	155	0	0.539668
4	30	0	25	0	0	0	5	0	0.539786
4	180	0	150	0	60	0	90	0	0.541037
4	180	0	150	0	60	0	90	0	0.541655
4	210	0	190	0	130	0	150	0	0.5437
4	210	0	190	0	130	0	150	0	0.543978
4	170	0	165	0	140	0	145	0	0.545091
4	170	0	165	0	140	0	145	0	0.546493
4	160	0	130	0	40	0	70	0	0.546812
4	160	0	130	0	40	0	70	0	0.547
4	385	0	380	0	350	0	355	0	0.549003
4	360	0	350	0	310	0	320	0	0.549948
4	165	0	160	0	135	0	140	0	0.552463
4	165	0	160	0	135	0	140	0	0.552984
4	250	0	200	0	100	0	150	0	0.553706
4	250	0	200	0	100	0	150	0	0.55552
4	260	0	230	0	170	0	200	0	0.556232
4	260	0	230	0	170	0	200	0	0.559969
4	180	0	170	0	130	0	140	0	0.562798
4	180	0	170	0	130	0	140	0	0.562898
4	170	0	140	0	50	0	80	0	0.564543
4	170	0	140	0	50	0	80	0	0.564659
4	130	0	110	0	50	0	70	0	0.567109
4	130	0	110	0	50	0	70	0	0.568538
4	280	0	270	0	240	0	250	0	0.570413
4	175	0	170	0	145	0	150	0	0.575756
4	175	0	170	0	145	0	150	0	0.576023
4	140	0	120	0	60	0	80	0	0.577649
4	140	0	120	0	60	0	80	0	0.578418
4	380	0	330	0	230	0	280	0	0.578873
4	160	0	155	0	130	0	135	0	0.579644
4	160	0	155	0	130	0	135	0	0.580124
4	250	0	210	0	130	0	170	0	0.580349
4	400	0	395	0	365	0	370	0	0.580364
4	250	0	210	0	130	0	170	0	0.580571
4	390	0	360	0	270	0	300	0	0.581658
4	300	0	295	0	270	0	275	0	0.581714
4	350	0	310	0	230	0	270	0	0.582356
4	320	0	290	0	230	0	260	0	0.584573
4	160	0	140	0	80	0	100	0	0.587712
4	160	0	140	0	80	0	100	0	0.589162
4	150	0	130	0	70	0	90	0	0.589883
4	150	0	130	0	70	0	90	0	0.590625
4	310	0	305	0	280	0	285	0	0.594958
4	185	0	180	0	155	0	160	0	0.597606
4	185	0	180	0	155	0	160	0	0.597639
4	380	0	375	0	345	0	350	0	0.599974
4	330	0	320	0	280	0	290	0	0.611501
4	335	0	330	0	305	0	310	0	0.61533
4	190	0	185	0	160	0	165	0	0.61587
4	170	0	150	0	90	0	110	0	0.61602
4	170	0	150	0	90	0	110	0	0.616623
4	190	0	185	0	160	0	165	0	0.616954
4	80	0	60	0	0	0	20	0	0.620784
4	80	0	60	0	0	0	20	0	0.620836
4	120	0	100	0	40	0	60	0	0.635232
4	120	0	100	0	40	0	60	0	0.636609
4	245	0	240	0	220	0	225	0	0.640447
4	180	0	160	0	100	0	120	0	0.647179
4	180	0	160	0	100	0	120	0	0.64723
4	200	0	180	0	120	0	140	0	0.649718
4	200	0	180	0	120	0	140	0	0.652479
4	270	0	260	0	230	0	240	0	0.65572
4	355	0	350	0	325	0	330	0	0.657379
4	340	0	335	0	310	0	315	0	0.658862
4	240	0	190	0	90	0	140	0	0.66224
4	240	0	190	0	90	0	140	0	0.662853
4	395	0	390	0	360	0	365	0	0.665875
4	110	0	90	0	30	0	50	0	0.676846
4	110	0	90	0	30	0	50	0	0.677176
4	190	0	170	0	110	0	130	0	0.681119
4	190	0	170	0	110	0	130	0	0.681712
4	250	0	245	0	225	0	230	0	0.684885
4	240	0	230	0	200	0	210	0	0.687274
4	240	0	230	0	200	0	210	0	0.688554
4	100	0	80	0	20	0	40	0	0.690983
4	100	0	80	0	20	0	40	0	0.691926
4	370	0	360	0	320	0	330	0	0.692014
4	90	0	70	0	10	0	30	0	0.6928
4	90	0	70	0	10	0	30	0	0.695985
4	270	0	260	0	230	0	240	0	0.701235
4	250	0	220	0	160	0	190	0	0.708049
4	250	0	220	0	160	0	190	0	0.708916
4	350	0	330	0	270	0	290	0	0.710142
4	240	0	235	0	215	0	220	0	0.71075
4	230	0	220	0	190	0	200	0	0.710973
4	230	0	220	0	190	0	200	0	0.715223
4	315	0	310	0	285	0	290	0	0.716633
4	345	0	340	0	315	0	320	0	0.73286
4	65	0	60	0	40	0	45	0	0.73847
4	70	0	65	0	45	0	50	0	0.739823
4	65	0	60	0	40	0	45	0	0.740804
4	235	0	230	0	210	0	215	0	0.743281
4	70	0	65	0	45	0	50	0	0.744448
4	90	0	85	0	65	0	70	0	0.758807
4	305	0	300	0	265	0	270	0	0.759829
4	90	0	85	0	65	0	70	0	0.761566
4	255	0	250	0	230	0	235	0	0.764342
4	230	0	225	0	205	0	210	0	0.765047
4	350	0	340	0	300	0	310	0	0.767604
4	360	0	320	0	240	0	280	0	0.768018
4	80	0	75	0	55	0	60	0	0.769763
4	365	0	360	0	335	0	340	0	0.773453
4	340	0	330	0	290	0	300	0	0.782253
4	240	0	200	0	120	0	160	0	0.782313
4	370	0	365	0	340	0	345	0	0.786472
4	240	0	200	0	120	0	160	0	0.788711
4	270	0	250	0	210	0	230	0	0.794057
4	280	0	270	0	240	0	250	0	0.795812
4	60	0	55	0	35	0	40	0	0.802474
4	60	0	55	0	35	0	40	0	0.803844
4	80	0	75	0	55	0	60	0	0.807733
4	380	0	370	0	330	0	340	0	0.809966
4	230	0	180	0	80	0	130	0	0.811062
4	230	0	180	0	80	0	130	0	0.811286
4	270	0	250	0	210	0	230	0	0.814798
4	260	0	240	0	200	0	220	0	0.822838
4	85	0	80	0	60	0	65	0	0.824265
4	260	0	240	0	200	0	220	0	0.824276
4	85	0	80	0	60	0	65	0	0.828108
4	55	0	50	0	30	0	35	0	0.832012
4	55	0	50	0	30	0	35	0	0.832072
4	325	0	320	0	295	0	300	0	0.833755
4	330	0	325	0	300	0	305	0	0.836792
4	75	0	70	0	50	0	55	0	0.837907
4	395	0	390	0	365	0	370	0	0.839591
4	75	0	70	0	50	0	55	0	0.846478
4	225	0	220	0	200	0	205	0	0.850721
4	390	0	340	0	240	0	290	0	0.854667
4	280	0	275	0	250	0	255	0	0.86872
4	115	0	110	0	90	0	95	0	0.877987
4	115	0	110	0	90	0	95	0	0.881278
4	95	0	90	0	70	0	75	0	0.883845
4	95	0	90	0	70	0	75	0	0.88471
4	370	0	350	0	290	0	310	0	0.89081
4	260	0	255	0	235	0	240	0	0.898681
4	240	0	210	0	150	0	180	0	0.898913
4	240	0	210	0	150	0	180	0	0.899699
4	310	0	300	0	260	0	270	0	0.900196
4	390	0	380	0	340	0	350	0	0.901099
4	110	0	105	0	85	0	90	0	0.901902
4	110	0	105	0	85	0	90	0	0.902407
4	290	0	280	0	250	0	260	0	0.909321
4	200	0	195	0	175	0	180	0	0.911456
4	390	0	370	0	310	0	330	0	0.914739
4	200	0	195	0	175	0	180	0	0.91806
4	290	0	280	0	250	0	260	0	0.919563
4	290	0	270	0	230	0	250	0	0.919914
4	360	0	340	0	280	0	300	0	0.92002
4	45	0	40	0	20	0	25	0	0.92019
4	230	0	190	0	110	0	150	0	0.92221
4	45	0	40	0	20	0	25	0	0.922456
4	230	0	190	0	110	0	150	0	0.922712
4	375	0	370	0	345	0	350	0	0.929557
4	100	0	90	0	60	0	70	0	0.936665
4	100	0	90	0	60	0	70	0	0.93679
4	70	0	60	0	30	0	40	0	0.945555
4	70	0	60	0	30	0	40	0	0.945604
4	100	0	95	0	75	0	80	0	0.948351
4	120	0	110	0	80	0	90	0	0.94895
4	120	0	110	0	80	0	90	0	0.948962
4	100	0	95	0	75	0	80	0	0.950383
4	120	0	115	0	95	0	100	0	0.951388
4	120	0	115	0	95	0	100	0	0.953282
4	380	0	360	0	300	0	320	0	0.953467
4	105	0	100	0	80	0	85	0	0.954854
4	105	0	100	0	80	0	85	0	0.956178
4	130	0	120	0	90	0	100	0	0.956576
4	130	0	120	0	90	0	100	0	0.957241
4	320	0	315	0	290	0	295	0	0.95725
4	220	0	170	0	70	0	120	0	0.959639
4	220	0	170	0	70	0	120	0	0.960527
4	390	0	385	0	360	0	365	0	0.972783
4	35	0	30	0	10	0	15	0	0.979535
4	280	0	260	0	220	0	240	0	0.981572
4	280	0	260	0	220	0	240	0	0.98197
4	50	0	45	0	25	0	30	0	0.985215
4	35	0	30	0	10	0	15	0	0.985729
4	130	0	125	0	105	0	110	0	0.985854
4	400	0	390	0	350	0	360	0	0.985892
4	130	0	125	0	105	0	110	0	0.986039
4	50	0	45	0	25	0	30	0	0.988476
4	400	0	380	0	320	0	340	0	0.990091
4	60	0	50	0	20	0	30	0	0.990656
4	60	0	50	0	20	0	30	0	0.992691
4	385	0	380	0	355	0	360	0	1.00505
4	360	0	355	0	335	0	340	0	1.01942
4	300	0	290	0	260	0	270	0	1.02843
4	300	0	290	0	260	0	270	0	1.02947
4	110	0	100	0	70	0	80	0	1.03275
4	110	0	100	0	70	0	80	0	1.03303
4	125	0	120	0	100	0	105	0	1.03621
4	125	0	120	0	100	0	105	0	1.03677
4	380	0	375	0	350	0	355	0	1.03774
4	220	0	210	0	180	0	190	0	1.0472
4	220	0	210	0	180	0	190	0	1.04741
4	90	0	80	0	50	0	60	0	1.04792
4	90	0	80	0	50	0	60	0	1.0495
4	210	0	160	0	60	0	110	0	1.06876
4	210	0	160	0	60	0	110	0	1.06895
4	135	0	130	0	110	0	115	0	1.08327
4	135	0	130	0	110	0	115	0	1.08861
4	145	0	140	0	120	0	125	0	1.10398
4	25	0	20	0	0	0	5	0	1.10551
4	145	0	140	0	120	0	125	0	1.10595
4	140	0	130	0	100	0	110	0	1.10606
4	25	0	20	0	0	0	5	0	1.10611
4	80	0	70	0	40	0	50	0	1.10845
4	80	0	70	0	40	0	50	0	1.10865
4	140	0	130	0	100	0	110	0	1.11007
4	250	0	230	0	190	0	210	0	1.1121
4	250	0	230	0	190	0	210	0	1.11224
4	40	0	30	0	0	0	10	0	1.11657
4	40	0	30	0	0	0	10	0	1.11938
4	220	0	180	0	100	0	140	0	1.13042
4	50	0	40	0	10	0	20	0	1.13177
4	50	0	40	0	10	0	20	0	1.13196
4	220	0	180	0	100	0	140	0	1.13222
4	400	0	395	0	370	0	375	0	1.13702
4	165	0	160	0	140	0	145	0	1.13877
4	265	0	260	0	240	0	245	0	1.1391
4	165	0	160	0	140	0	145	0	1.14065
4	140	0	135	0	115	0	120	0	1.14238
4	140	0	135	0	115	0	120	0	1.14362
4	150	0	145	0	125	0	130	0	1.1457
4	150	0	145	0	125	0	130	0	1.15016
4	355	0	350	0	330	0	335	0	1.15482
4	370	0	330	0	250	0	290	0	1.16035
4	335	0	330	0	310	0	315	0	1.16303
4	200	0	190	0	160	0	170	0	1.17075
4	170	0	165	0	145	0	150	0	1.17213
4	200	0	190	0	160	0	170	0	1.17319
4	150	0	140	0	110	0	120	0	1.17553
4	150	0	140	0	110	0	120	0	1.17559
4	170	0	165	0	145	0	150	0	1.17571
4	200	0	150	0	50	0	100	0	1.18424
4	155	0	150	0	130	0	135	0	1.18641
4	155	0	150	0	130	0	135	0	1.18666
4	200	0	150	0	50	0	100	0	1.1885
4	295	0	290	0	270	0	275	0	1.18857
4	290	0	270	0	230	0	250	0	1.1896
4	195	0	190	0	170	0	175	0	1.19189
4	195	0	190	0	170	0	175	0	1.19221
4	230	0	200	0	140	0	170	0	1.19975
4	30	0	25	0	5	0	10	0	1.20212
4	30	0	25	0	5	0	10	0	1.20273
4	230	0	200	0	140	0	170	0	1.20339
4	40	0	35	0	15	0	20	0	1.20358
4	40	0	35	0	15	0	20	0	1.20392
4	185	0	180	0	160	0	165	0	1.21815
4	185	0	180	0	160	0	165	0	1.21829
4	180	0	175	0	155	0	160	0	1.22085
4	270	0	265	0	245	0	250	0	1.22204
4	180	0	175	0	155	0	160	0	1.22296
4	340	0	310	0	250	0	280	0	1.22421
4	175	0	170	0	150	0	155	0	1.2262
4	175	0	170	0	150	0	155	0	1.22916
4	210	0	200	0	170	0	180	0	1.23049
4	300	0	295	0	275	0	280	0	1.23447
4	210	0	200	0	170	0	180	0	1.2368
4	210	0	170	0	90	0	130	0	1.23711
4	210	0	170	0	90	0	130	0	1.23941
4	150	0	100	0	0	0	50	0	1.24894
4	150	0	100	0	0	0	50	0	1.25093
4	200	0	160	0	80	0	120	0	1.25317
4	160	0	110	0	10	0	60	0	1.25901
4	200	0	160	0	80	0	120	0	1.26069
4	160	0	110	0	10	0	60	0	1.26116
4	240	0	220	0	180	0	200	0	1.27221
4	170	0	120	0	20	0	70	0	1.27252
4	170	0	120	0	20	0	70	0	1.27405
4	240	0	220	0	180	0	200	0	1.27855
4	345	0	340	0	320	0	325	0	1.27997
4	160	0	155	0	135	0	140	0	1.28342
4	160	0	155	0	135	0	140	0	1.28675
4	190	0	140	0	40	0	90	0	1.29274
4	190	0	140	0	40	0	90	0	1.29409
4	160	0	150	0	120	0	130	0	1.30983
4	160	0	150	0	120	0	130	0	1.3138
4	190	0	185	0	165	0	170	0	1.326
4	190	0	185	0	165	0	170	0	1.32618
4	350	0	345	0	325	0	330	0	1.32841
4	150	0	110	0	30	0	70	0	1.33348
4	150	0	110	0	30	0	70	0	1.33415
4	180	0	130	0	30	0	80	0	1.33502
4	180	0	130	0	30	0	80	0	1.33595
4	310	0	305	0	285	0	290	0	1.33975
4	190	0	150	0	70	0	110	0	1.3483
4	190	0	150	0	70	0	110	0	1.35038
4	170	0	160	0	130	0	140	0	1.35194
4	170	0	160	0	130	0	140	0	1.35223
4	180	0	140	0	60	0	100	0	1.36128
4	180	0	140	0	60	0	100	0	1.36248
4	160	0	120	0	40	0	80	0	1.37698
4	160	0	120	0	40	0	80	0	1.37775
4	180	0	170	0	140	0	150	0	1.37776
4	180	0	170	0	140	0	150	0	1.3782
4	170	0	130	0	50	0	90	0	1.3841
4	170	0	130	0	50	0	90	0	1.38424
4	220	0	190	0	130	0	160	0	1.386
4	220	0	190	0	130	0	160	0	1.38662
4	140	0	100	0	20	0	60	0	1.38675
4	140	0	100	0	20	0	60	0	1.38745
4	300	0	280	0	240	0	260	0	1.39855
4	300	0	280	0	240	0	260	0	1.3986
4	390	0	385	0	365	0	370	0	1.40625
4	360	0	350	0	320	0	330	0	1.41187
4	130	0	90	0	10	0	50	0	1.41998
4	130	0	90	0	10	0	50	0	1.4247
4	340	0	335	0	315	0	320	0	1.43608
4	150	0	120	0	60	0	90	0	1.45139
4	150	0	120	0	60	0	90	0	1.45193
4	190	0	180	0	150	0	160	0	1.45252
4	190	0	180	0	150	0	160	0	1.45276
4	120	0	80	0	0	0	40	0	1.45521
4	285	0	280	0	260	0	265	0	1.45834
4	120	0	80	0	0	0	40	0	1.45863
4	330	0	325	0	305	0	310	0	1.46122
4	140	0	110	0	50	0	80	0	1.48626
4	140	0	110	0	50	0	80	0	1.48631
4	160	0	130	0	70	0	100	0	1.50241
4	160	0	130	0	70	0	100	0	1.50287
4	330	0	300	0	240	0	270	0	1.53648
4	130	0	100	0	40	0	70	0	1.53656
4	130	0	100	0	40	0	70	0	1.53723
4	170	0	140	0	80	0	110	0	1.5537
4	170	0	140	0	80	0	110	0	1.55411
4	305	0	300	0	280	0	285	0	1.57426
4	380	0	340	0	260	0	300	0	1.59144
4	90	0	60	0	0	0	30	0	1.62469
4	90	0	60	0	0	0	30	0	1.62476
4	210	0	180	0	120	0	150	0	1.6424
4	210	0	180	0	120	0	150	0	1.64305
4	325	0	320	0	300	0	305	0	1.65307
4	120	0	90	0	30	0	60	0	1.66961
4	120	0	90	0	30	0	60	0	1.6714
4	180	0	150	0	90	0	120	0	1.67674
4	180	0	150	0	90	0	120	0	1.67917
4	370	0	365	0	345	0	350	0	1.68956
4	350	0	340	0	310	0	320	0	1.6968
4	350	0	320	0	260	0	290	0	1.70534
4	390	0	350	0	270	0	310	0	1.71018
4	340	0	330	0	300	0	310	0	1.73029
4	315	0	310	0	290	0	295	0	1.73102
4	190	0	160	0	100	0	130	0	1.73522
4	190	0	160	0	100	0	130	0	1.737
4	110	0	80	0	20	0	50	0	1.74558
4	110	0	80	0	20	0	50	0	1.74666
4	365	0	360	0	340	0	345	0	1.75357
4	230	0	210	0	170	0	190	0	1.75597
4	230	0	210	0	170	0	190	0	1.75677
4	200	0	170	0	110	0	140	0	1.7804
4	200	0	170	0	110	0	140	0	1.78225
4	100	0	70	0	10	0	40	0	1.78493
4	100	0	70	0	10	0	40	0	1.78584
4	320	0	310	0	280	0	290	0	1.78584
4	70	0	65	0	50	0	55	0	1.79159
4	370	0	360	0	330	0	340	0	1.82884
4	395	0	390	0	370	0	375	0	1.83566
4	375	0	370	0	350	0	355	0	1.84073
4	310	0	290	0	250	0	270	0	1.86201
4	70	0	65	0	50	0	55	0	1.88212
4	140	0	120	0	80	0	100	0	1.89369
4	140	0	120	0	80	0	100	0	1.89617
4	130	0	110	0	70	0	90	0	1.91313
4	130	0	110	0	70	0	90	0	1.91338
4	70	0	50	0	10	0	30	0	2.0237
4	70	0	50	0	10	0	30	0	2.02697
4	110	0	90	0	50	0	70	0	2.03043
4	110	0	90	0	50	0	70	0	2.03126
4	330	0	320	0	290	0	300	0	2.03221
4	120	0	100	0	60	0	80	0	2.04332
4	120	0	100	0	60	0	80	0	2.04443
4	65	0	60	0	45	0	50	0	2.04528
4	65	0	60	0	45	0	50	0	2.04856
4	320	0	300	0	260	0	280	0	2.07393
4	80	0	60	0	20	0	40	0	2.09048
4	80	0	60	0	20	0	40	0	2.09295
4	150	0	130	0	90	0	110	0	2.11519
4	150	0	130	0	90	0	110	0	2.11906
4	75	0	70	0	55	0	60	0	2.13238
4	75	0	70	0	55	0	60	0	2.14014
4	380	0	375	0	355	0	360	0	2.14284
4	320	0	315	0	295	0	300	0	2.14505
4	235	0	230	0	215	0	220	0	2.14939
4	60	0	40	0	0	0	20	0	2.16366
4	60	0	40	0	0	0	20	0	2.1644
4	220	0	200	0	160	0	180	0	2.17029
4	220	0	200	0	160	0	180	0	2.17279
4	60	0	55	0	40	0	45	0	2.18944
4	60	0	55	0	40	0	45	0	2.1906
4	100	0	80	0	40	0	60	0	2.20999
4	100	0	80	0	40	0	60	0	2.21171
4	360	0	330	0	270	0	300	0	2.25702
4	245	0	240	0	225	0	230	0	2.25995
4	390	0	380	0	350	0	360	0	2.26061
4	80	0	75	0	60	0	65	0	2.26148
4	80	0	75	0	60	0	65	0	2.26701
4	380	0	350	0	290	0	320	0	2.26892
4	210	0	190	0	150	0	170	0	2.29058
4	210	0	190	0	150	0	170	0	2.29431
4	230	0	225	0	210	0	215	0	2.30779
4	90	0	70	0	30	0	50	0	2.32644
4	90	0	70	0	30	0	50	0	2.32738
4	160	0	140	0	100	0	120	0	2.33207
4	160	0	140	0	100	0	120	0	2.3327
4	400	0	395	0	375	0	380	0	2.33421
4	55	0	50	0	35	0	40	0	2.33804
4	55	0	50	0	35	0	40	0	2.33927
4	300	0	280	0	240	0	260	0	2.34363
4	300	0	290	0	250	0	260	0	2.39723
4	380	0	370	0	340	0	350	0	2.4052
4	390	0	360	0	300	0	330	0	2.43565
4	225	0	220	0	205	0	210	0	2.45162
4	370	0	340	0	280	0	310	0	2.46099
4	85	0	80	0	65	0	70	0	2.50106
4	85	0	80	0	65	0	70	0	2.50365
4	200	0	195	0	180	0	185	0	2.51437
4	240	0	235	0	220	0	225	0	2.52123
4	200	0	195	0	180	0	185	0	2.52743
4	170	0	150	0	110	0	130	0	2.56172
4	170	0	150	0	110	0	130	0	2.56556
4	385	0	380	0	360	0	365	0	2.5721
4	400	0	390	0	360	0	370	0	2.57967
4	290	0	285	0	265	0	270	0	2.59041
4	95	0	90	0	75	0	80	0	2.61031
4	95	0	90	0	75	0	80	0	2.61435
4	110	0	105	0	90	0	95	0	2.63734
4	110	0	105	0	90	0	95	0	2.64632
4	200	0	180	0	140	0	160	0	2.66328
4	200	0	180	0	140	0	160	0	2.66668
4	105	0	100	0	85	0	90	0	2.66674
4	105	0	100	0	85	0	90	0	2.66861
4	90	0	85	0	70	0	75	0	2.67935
4	90	0	85	0	70	0	75	0	2.67973
4	180	0	160	0	120	0	140	0	2.69346
4	180	0	160	0	120	0	140	0	2.69462
4	290	0	285	0	270	0	275	0	2.70098
4	50	0	45	0	30	0	35	0	2.70768
4	50	0	45	0	30	0	35	0	2.70875
4	250	0	245	0	230	0	235	0	2.73113
4	350	0	345	0	330	0	335	0	2.73869
4	40	0	35	0	20	0	25	0	2.74854
4	40	0	35	0	20	0	25	0	2.75754
4	190	0	170	0	130	0	150	0	2.76136
4	190	0	170	0	130	0	150	0	2.7614
4	220	0	215	0	200	0	205	0	2.76566
4	130	0	125	0	110	0	115	0	2.79438
4	130	0	125	0	110	0	115	0	2.79699
4	45	0	40	0	25	0	30	0	2.84548
4	355	0	350	0	335	0	340	0	2.85108
4	45	0	40	0	25	0	30	0	2.85338
4	115	0	110	0	95	0	100	0	2.86574
4	115	0	110	0	95	0	100	0	2.87136
4	300	0	290	0	260	0	270	0	2.92611
4	360	0	355	0	340	0	345	0	2.97249
4	125	0	120	0	105	0	110	0	2.97914
4	125	0	120	0	105	0	110	0	2.98391
4	25	0	20	0	5	0	10	0	2.9855
4	120	0	115	0	100	0	105	0	2.99343
4	120	0	115	0	100	0	105	0	2.99663
4	370	0	350	0	310	0	330	0	3.00087
4	145	0	140	0	125	0	130	0	3.00199
4	25	0	20	0	5	0	10	0	3.00225
4	100	0	95	0	80	0	85	0	3.00907
4	145	0	140	0	125	0	130	0	3.01128
4	100	0	95	0	80	0	85	0	3.01425
4	165	0	160	0	145	0	150	0	3.05159
4	165	0	160	0	145	0	150	0	3.05318
4	195	0	190	0	175	0	180	0	3.06686
4	330	0	310	0	270	0	290	0	3.07118
4	195	0	190	0	175	0	180	0	3.07815
4	255	0	250	0	235	0	240	0	3.12323
4	180	0	175	0	160	0	165	0	3.14124
4	180	0	175	0	160	0	165	0	3.1487
4	260	0	255	0	240	0	245	0	3.1658
4	135	0	130	0	115	0	120	0	3.16794
4	135	0	130	0	115	0	120	0	3.17828
4	30	0	25	0	10	0	15	0	3.21374
4	170	0	165	0	150	0	155	0	3.21778
4	170	0	165	0	150	0	155	0	3.21792
4	30	0	25	0	10	0	15	0	3.22594
4	300	0	295	0	280	0	285	0	3.25159
4	185	0	180	0	165	0	170	0	3.2623
4	185	0	180	0	165	0	170	0	3.26527
4	305	0	300	0	285	0	290	0	3.27182
4	150	0	145	0	130	0	135	0	3.27648
4	150	0	145	0	130	0	135	0	3.28297
4	280	0	275	0	255	0	260	0	3.31578
4	340	0	335	0	320	0	325	0	3.32321
4	360	0	340	0	300	0	320	0	3.32802
4	140	0	135	0	120	0	125	0	3.33931
4	140	0	135	0	120	0	125	0	3.34257
4	155	0	150	0	135	0	140	0	3.34639
4	160	0	155	0	140	0	145	0	3.34836
4	155	0	150	0	135	0	140	0	3.35222
4	160	0	155	0	140	0	145	0	3.35491
4	335	0	330	0	315	0	320	0	3.40925
4	35	0	30	0	15	0	20	0	3.42338
4	35	0	30	0	15	0	20	0	3.43148
4	295	0	290	0	275	0	280	0	3.45762
4	300	0	290	0	270	0	280	0	3.4974
4	330	0	325	0	310	0	315	0	3.63626
4	175	0	170	0	155	0	160	0	3.67232
4	325	0	320	0	305	0	310	0	3.68104
4	175	0	170	0	155	0	160	0	3.69018
4	380	0	360	0	320	0	340	0	3.69842
4	350	0	330	0	290	0	310	0	3.70754
4	340	0	320	0	280	0	300	0	3.73596
4	250	0	240	0	220	0	230	0	3.85486
4	250	0	240	0	220	0	230	0	3.85487
4	240	0	230	0	210	0	220	0	3.88339
4	20	0	15	0	0	0	5	0	3.89704
4	20	0	15	0	0	0	5	0	3.898
4	190	0	185	0	170	0	175	0	3.90517
4	240	0	230	0	210	0	220	0	3.91206
4	70	0	60	0	40	0	50	0	3.92084
4	190	0	185	0	170	0	175	0	3.92316
4	70	0	60	0	40	0	50	0	3.92537
4	390	0	385	0	370	0	375	0	3.94321
4	285	0	280	0	265	0	270	0	3.96989
4	310	0	305	0	290	0	295	0	3.99553
4	265	0	260	0	245	0	250	0	4.04628
4	345	0	340	0	325	0	330	0	4.20206
4	80	0	70	0	50	0	60	0	4.23585
4	80	0	70	0	50	0	60	0	4.23924
4	60	0	50	0	30	0	40	0	4.38416
4	60	0	50	0	30	0	40	0	4.3844
4	230	0	220	0	200	0	210	0	4.39477
4	230	0	220	0	200	0	210	0	4.41129
4	370	0	365	0	350	0	355	0	4.41501
4	280	0	270	0	250	0	260	0	4.45399
4	270	0	265	0	250	0	255	0	4.48475
4	90	0	80	0	60	0	70	0	4.48758
4	90	0	80	0	60	0	70	0	4.4886
4	390	0	370	0	330	0	350	0	4.49569
4	385	0	380	0	365	0	370	0	4.57285
4	395	0	390	0	375	0	380	0	4.60228
4	400	0	380	0	340	0	360	0	4.6747
4	365	0	360	0	345	0	350	0	4.7193
4	315	0	310	0	295	0	300	0	4.7809
4	375	0	370	0	355	0	360	0	4.85888
4	100	0	90	0	70	0	80	0	4.90311
4	100	0	90	0	70	0	80	0	4.9064
4	110	0	100	0	80	0	90	0	4.96181
4	110	0	100	0	80	0	90	0	4.96264
4	400	0	395	0	380	0	385	0	4.96773
4	220	0	210	0	190	0	200	0	5.01576
4	220	0	210	0	190	0	200	0	5.01797
4	260	0	250	0	230	0	240	0	5.06616
4	260	0	250	0	230	0	240	0	5.08043
4	120	0	110	0	90	0	100	0	5.09118
4	120	0	110	0	90	0	100	0	5.10343
4	50	0	40	0	20	0	30	0	5.15959
4	50	0	40	0	20	0	30	0	5.17458
4	320	0	315	0	300	0	305	0	5.27229
4	130	0	120	0	100	0	110	0	5.44788
4	130	0	120	0	100	0	110	0	5.45081
4	360	0	350	0	330	0	340	0	5.55645
4	200	0	190	0	170	0	180	0	5.5986
4	200	0	190	0	170	0	180	0	5.64449
4	150	0	140	0	120	0	130	0	5.80279
4	150	0	140	0	120	0	130	0	5.81711
4	30	0	20	0	0	0	10	0	5.83293
4	30	0	20	0	0	0	10	0	5.84586
4	140	0	130	0	110	0	120	0	5.85323
4	140	0	130	0	110	0	120	0	5.90951
4	300	0	290	0	270	0	280	0	5.91408
4	170	0	160	0	140	0	150	0	5.92218
4	170	0	160	0	140	0	150	0	5.92766
4	300	0	290	0	270	0	280	0	5.95924
4	40	0	30	0	10	0	20	0	6.03921
4	40	0	30	0	10	0	20	0	6.05276
4	380	0	375	0	360	0	365	0	6.40317
4	160	0	150	0	130	0	140	0	6.41197
4	160	0	150	0	130	0	140	0	6.42247
4	290	0	260	0	200	0	230	0	6.42445
4	190	0	180	0	160	0	170	0	6.43686
4	190	0	180	0	160	0	170	0	6.43904
4	210	0	200	0	180	0	190	0	6.48597
4	270	0	260	0	240	0	250	0	6.50329
4	210	0	200	0	180	0	190	0	6.54321
4	180	0	170	0	150	0	160	0	6.67966
4	340	0	330	0	310	0	320	0	6.68029
4	180	0	170	0	150	0	160	0	6.69675
4	270	0	260	0	240	0	250	0	6.72231
4	280	0	270	0	250	0	260	0	6.75392
4	310	0	300	0	280	0	290	0	6.80532
4	290	0	280	0	260	0	270	0	7.13256
4	350	0	340	0	320	0	330	0	7.28258
4	330	0	320	0	300	0	310	0	7.60068
4	370	0	360	0	340	0	350	0	8.97312
4	70	0	65	0	55	0	60	0	9.27731
4	65	0	60	0	50	0	55	0	9.36842
4	65	0	60	0	50	0	55	0	9.41711
4	70	0	65	0	55	0	60	0	9.48734
4	390	0	380	0	360	0	370	0	9.49315
4	320	0	310	0	290	0	300	0	9.56576
4	350	0	345	0	335	0	340	0	9.66486
4	380	0	370	0	350	0	360	0	9.89838
4	400	0	390	0	370	0	380	0	9.91843
4	230	0	225	0	215	0	220	0	10.6988
4	55	0	50	0	40	0	45	0	10.942
4	55	0	50	0	40	0	45	0	10.9562
4	60	0	55	0	45	0	50	0	11.0003
4	60	0	55	0	45	0	50	0	11.017
4	25	0	20	0	10	0	15	0	11.0773
4	25	0	20	0	10	0	15	0	11.1155
4	35	0	30	0	20	0	25	0	11.3187
4	35	0	30	0	20	0	25	0	11.3351
4	80	0	75	0	65	0	70	0	11.4816
4	80	0	75	0	65	0	70	0	11.5133
4	75	0	70	0	60	0	65	0	11.6034
4	75	0	70	0	60	0	65	0	11.6879
4	280	0	275	0	260	0	265	0	11.7407
4	225	0	220	0	210	0	215	0	11.7522
4	235	0	230	0	220	0	225	0	11.8548
4	15	0	10	0	0	0	5	0	11.9565
4	15	0	10	0	0	0	5	0	11.9722
4	45	0	40	0	30	0	35	0	12.1081
4	45	0	40	0	30	0	35	0	12.1102
4	105	0	100	0	90	0	95	0	12.1682
4	105	0	100	0	90	0	95	0	12.2102
4	200	0	195	0	185	0	190	0	12.354
4	40	0	35	0	25	0	30	0	12.3579
4	180	0	175	0	165	0	170	0	12.3755
4	40	0	35	0	25	0	30	0	12.4019
4	180	0	175	0	165	0	170	0	12.4258
4	200	0	195	0	185	0	190	0	12.4289
4	165	0	160	0	150	0	155	0	12.4432
4	165	0	160	0	150	0	155	0	12.4579
4	220	0	215	0	205	0	210	0	12.5689
4	145	0	140	0	130	0	135	0	12.6139
4	145	0	140	0	130	0	135	0	12.6188
4	130	0	125	0	115	0	120	0	12.636
4	130	0	125	0	115	0	120	0	12.6672
4	195	0	190	0	180	0	185	0	12.7508
4	120	0	115	0	105	0	110	0	12.7725
4	120	0	115	0	105	0	110	0	12.7834
4	95	0	90	0	80	0	85	0	12.7875
4	195	0	190	0	180	0	185	0	12.7898
4	95	0	90	0	80	0	85	0	12.809
4	90	0	85	0	75	0	80	0	12.8551
4	90	0	85	0	75	0	80	0	12.8838
4	125	0	120	0	110	0	115	0	13.0535
4	125	0	120	0	110	0	115	0	13.0592
4	290	0	280	0	260	0	270	0	13.2139
4	360	0	355	0	345	0	350	0	13.2402
4	100	0	95	0	85	0	90	0	13.3183
4	155	0	150	0	140	0	145	0	13.3592
4	100	0	95	0	85	0	90	0	13.3899
4	155	0	150	0	140	0	145	0	13.4014
4	50	0	45	0	35	0	40	0	13.4212
4	115	0	110	0	100	0	105	0	13.4484
4	115	0	110	0	100	0	105	0	13.4544
4	50	0	45	0	35	0	40	0	13.4555
4	160	0	155	0	145	0	150	0	13.5293
4	160	0	155	0	145	0	150	0	13.5388
4	355	0	350	0	340	0	345	0	13.5788
4	335	0	330	0	320	0	325	0	13.7244
4	110	0	105	0	95	0	100	0	13.734
4	110	0	105	0	95	0	100	0	13.7467
4	345	0	340	0	330	0	335	0	13.7593
4	135	0	130	0	120	0	125	0	13.8668
4	185	0	180	0	170	0	175	0	13.8996
4	300	0	295	0	285	0	290	0	13.9199
4	135	0	130	0	120	0	125	0	13.9204
4	185	0	180	0	170	0	175	0	13.9675
4	140	0	135	0	125	0	130	0	13.9986
4	140	0	135	0	125	0	130	0	14.0772
4	85	0	80	0	70	0	75	0	14.402
4	85	0	80	0	70	0	75	0	14.4159
4	150	0	145	0	135	0	140	0	14.446
4	150	0	145	0	135	0	140	0	14.4559
4	240	0	235	0	225	0	230	0	14.4714
4	170	0	165	0	155	0	160	0	14.775
4	175	0	170	0	160	0	165	0	14.8007
4	170	0	165	0	155	0	160	0	14.8174
4	290	0	285	0	275	0	280	0	14.8568
4	190	0	185	0	175	0	180	0	14.8592
4	190	0	185	0	175	0	180	0	14.8784
4	20	0	15	0	5	0	10	0	14.8861
4	175	0	170	0	160	0	165	0	14.9098
4	20	0	15	0	5	0	10	0	14.9768
4	325	0	320	0	310	0	315	0	14.9841
4	255	0	250	0	240	0	245	0	15.0196
4	215	0	210	0	200	0	205	0	15.1796
4	245	0	240	0	230	0	235	0	15.4454
4	395	0	390	0	380	0	385	0	15.6851
4	305	0	300	0	290	0	295	0	15.9546
4	285	0	280	0	270	0	275	0	15.9861
4	295	0	290	0	280	0	285	0	16.0091
4	380	0	375	0	365	0	370	0	16.2029
4	30	0	25	0	15	0	20	0	16.2871
4	30	0	25	0	15	0	20	0	16.2993
4	250	0	245	0	235	0	240	0	16.5132
4	400	0	395	0	385	0	390	0	16.5604
4	390	0	385	0	375	0	380	0	16.599
4	310	0	305	0	295	0	300	0	16.9442
4	260	0	255	0	245	0	250	0	17.0786
4	265	0	260	0	250	0	255	0	17.9502
4	370	0	365	0	355	0	360	0	18.1509
4	270	0	265	0	255	0	260	0	18.6518
4	385	0	380	0	370	0	375	0	18.817
4	320	0	315	0	305	0	310	0	18.9936
4	340	0	335	0	325	0	330	0	19.0703
4	315	0	310	0	300	0	305	0	19.2218
4	365	0	360	0	350	0	355	0	19.3769
4	330	0	325	0	315	0	320	0	20.0331
4	375	0	370	0	360	0	365	0	20.4262
0									
0									
0									
0									
0									
0									
0									
0																	