4.71354460548362e+02
6.15269633209438e+02
5.63515373151110e+02
5.63271110217606e+02
5.01818546464161e+02
5.09659933840038e+02
4.78714282038574e+02
4.44285005006811e+02
3.96117173986484e+02
4.14958295637854e+02
5.42035213004390e+02
5.25641345324716e+02
4.62308402238743e+02
4.76531516141933e+02
6.46576763995054e+02
6.62633008569371e+02
4.47504186293029e+02
5.42938464187977e+02
4.30204073911832e+02
3.71797069452725e+02
3.68520781317583e+02
4.90718015161378e+02
5.07285288412659e+02
4.29630164194171e+02
5.89169249468072e+02
4.99790867098018e+02
4.73785113095126e+02
6.03932689218424e+02
6.02949636093830e+02
5.00829656650134e+02
5.94168486250582e+02
4.87985585880451e+02
4.97147603800602e+02
4.75565595438646e+02
4.67910443717314e+02
3.92392510619647e+02
3.59700271758350e+02
4.39506758356003e+02
4.20061151556818e+02
3.33524914388332e+02
3.84129373138447e+02
3.32774419077731e+02
5.07579610014247e+02
4.57337558465509e+02
5.46090978249059e+02
5.07060481246823e+02
3.89395502626170e+02
4.37784053952796e+02
3.78377092572325e+02
5.39003986905330e+02
5.00942024762566e+02
5.46276257486840e+02
5.02155697001619e+02
4.14281666871658e+02
3.77513728931306e+02
4.55408972065429e+02
5.34359236123970e+02
4.84370775044992e+02
3.59972178831096e+02
3.89131378256202e+02
3.19368293871630e+02
4.24450865984123e+02
3.94757464630364e+02
6.12209663701786e+02
5.47998652440784e+02
3.99913674901180e+02
4.22194474591323e+02
3.32719866695315e+02
4.08026298046190e+02
3.39156974623581e+02
4.75004534306185e+02
4.55714984965176e+02
6.53220247806887e+02
5.85296137567009e+02
4.58281034544614e+02
3.68948139464940e+02
3.56577783751578e+02
5.80386446494947e+02
4.22306117900877e+02
4.44577134308248e+02
3.47080620717673e+02
4.11543282006276e+02
3.18877758510601e+02
3.85985184942190e+02
4.88921151903713e+02
4.34639336733177e+02
4.60494039464984e+02
3.61761348831527e+02
4.27775951891208e+02
3.24030093063609e+02
3.62131734351622e+02
3.77076629104415e+02
5.01464098347545e+02
6.23113404864319e+02
4.03740163661686e+02
6.87550299549415e+02
6.22255950324790e+02
4.94655154470740e+02
4.04994597676655e+02
3.71474444228170e+02
3.69770479358282e+02
4.77662231352838e+02
3.79410981646085e+02
4.52860061184356e+02
3.43984065305823e+02
3.76536449230138e+02
3.55734148061874e+02
4.13907729839127e+02
4.62827939430431e+02
3.75186545687450e+02
4.53998519123222e+02
3.49375255381976e+02
3.85093360960642e+02
3.54243446007059e+02
3.85242956285563e+02
4.04397125081949e+02
4.35897862386826e+02
5.38271098593401e+02
5.33000882789587e+02
3.87644169203624e+02
6.49306873246222e+02
5.95497073129113e+02
4.84246139736090e+02
4.11845319383346e+02
3.97873550838992e+02
3.71751266585705e+02
3.91887300007285e+02
4.65203690086304e+02
3.62305404020073e+02
4.03199343431674e+02
3.67483742122811e+02
3.83537125719124e+02
3.73906773070661e+02
3.79512018919189e+02
4.05278205001120e+02
3.75427234805619e+02
4.23176362995387e+02
3.87563341522636e+02
3.99820281482711e+02
3.74921829089850e+02
3.58209405078043e+02
3.74031757940551e+02
3.84469667664855e+02
4.68055376602851e+02
6.35644184998763e+02
4.54411761449563e+02
4.01770027185482e+02
6.96705123292406e+02
6.44161172524381e+02
5.31412936131950e+02
4.63819325693135e+02
4.67176516153323e+02
4.49604390119979e+02
4.24586294022142e+02
3.89957658155549e+02
5.53549837972985e+02
5.10333872559548e+02
5.26254982969305e+02
4.85346580773838e+02
4.44848799238085e+02
4.42519082513252e+02
4.41318159554448e+02
4.79597170060299e+02
5.11359610306555e+02
5.26567582347097e+02
4.80166326959403e+02
4.26867964079849e+02
4.02419630080772e+02
3.73936187998255e+02
3.83458788732889e+02
3.85696342548037e+02
4.51367952712107e+02
5.94122919651894e+02
4.86598130139167e+02
4.52689807421698e+02
7.01179814666222e+02
5.82077950993506e+02
5.14843961725620e+02
5.31469617230016e+02
5.25495854408520e+02
4.95283574847578e+02
4.02303016615182e+02
3.62301284235042e+02
5.18234026768266e+02
4.69584210965858e+02
4.09968682156125e+02
3.72791962261816e+02
3.27935682271091e+02
3.15737717541096e+02
3.05015843917218e+02
3.60452633455488e+02
4.93102941491466e+02
4.28376025367947e+02
3.83688903120342e+02
3.28326350237647e+02
3.03784403970755e+02
2.83753373641998e+02
3.27400154560608e+02
3.82217707763286e+02
5.22185335218564e+02
6.25496836705441e+02
4.88032453423162e+02
7.20449831271856e+02
5.37953162058216e+02
5.31415072906762e+02
4.31184772636692e+02
5.77248563177675e+02
5.13429325016206e+02
5.36778943881730e+02
5.38526668484413e+02
5.10982517620882e+02
3.97640338580050e+02
3.03446762878922e+02
2.99382868713187e+02
4.20095036468152e+02
3.72232709669609e+02
3.11789288091374e+02
2.78269271082381e+02
2.48828060723252e+02
2.72370692218299e+02
2.93717757269549e+02
4.00808748841260e+02
5.05338035498870e+02
4.20953063206897e+02
3.68994795445673e+02
3.19629524657728e+02
3.28936412600238e+02
3.04360090813042e+02
3.48732086087966e+02
4.56494885028693e+02
5.45089557884800e+02
6.08124633428157e+02
5.52768168429704e+02
7.04852878873675e+02
6.00521329028575e+02
5.99763690832649e+02
3.69817788627747e+02
6.81917834401107e+02
7.25565967667622e+02
7.43994766430922e+02
7.23711272897275e+02
5.70069537922620e+02
4.18577356739445e+02
3.52289893472577e+02
3.38046497497575e+02
4.99221340299229e+02
4.43349760558117e+02
3.89323481811436e+02
4.02784006791916e+02
3.52721514968300e+02
3.37563826330873e+02
3.43277189706711e+02
3.77042660318961e+02
3.56042212126948e+02
3.22551555826587e+02
3.46614692144916e+02
3.14050986817315e+02
3.03549980214027e+02
3.00228284871144e+02
3.22658848484866e+02
3.84906849243543e+02
5.62644742293850e+02
5.80230673060640e+02
5.14345636549263e+02
7.88017794246870e+02
6.06830247574711e+02
6.43242802656386e+02
5.67068042897121e+02
3.57026438127392e+02
4.90261520028632e+02
5.18438171835642e+02
5.24742229091792e+02
4.35264000282064e+02
3.42743488481519e+02
3.18167951576794e+02
2.96366949285065e+02
3.04131585264745e+02
2.75261892364108e+02
3.03434991340731e+02
2.81527606812966e+02
2.75492833085361e+02
2.70467966510337e+02
2.78592715443245e+02
3.39555154333534e+02
4.40429558423713e+02
3.88880647819061e+02
3.58439993043563e+02
3.42120000021831e+02
3.19582518765323e+02
2.96091963215873e+02
3.27116604607237e+02
3.51661498448314e+02
4.46234121551816e+02
5.92270614412855e+02
5.83924514579022e+02
7.05408413274925e+02
6.20799474911552e+02
4.71372777868453e+02
5.75213100209902e+02
5.11849544872970e+02
5.64224252137350e+02
4.05347505357261e+02
3.26081648729318e+02
6.18036909467908e+02
6.30213325376312e+02
5.27194503055613e+02
4.18567981205134e+02
3.96922922057230e+02
3.70496907910815e+02
3.17036732048636e+02
3.42023896866555e+02
4.15107416181850e+02
3.93596964553221e+02
3.62694272066282e+02
3.22375707091478e+02
3.42395005942304e+02
3.32632930616798e+02
3.83791054979202e+02
4.18731831887175e+02
3.87969115061697e+02
3.56091501254737e+02
3.09993264867601e+02
3.22580325620629e+02
2.90259362315975e+02
2.85276387750862e+02
3.32207659404088e+02
4.02899501943896e+02
5.99950845730226e+02
6.45868590455434e+02
5.90544466153616e+02
5.52908106893278e+02
5.77461407052788e+02
3.86623690028092e+02
7.38435215413341e+02
5.67030395908999e+02
6.15668975982897e+02
5.82628661016013e+02
4.16438845327362e+02
3.39869509221284e+02
6.65574090025438e+02
5.60762260266530e+02
4.47546820299451e+02
4.29457120788447e+02
4.04697155339300e+02
3.33139443421613e+02
2.99464099399450e+02
2.90816903028409e+02
3.70585161789333e+02
3.18223081985990e+02
3.26387465066331e+02
2.75582068981834e+02
2.16250469996728e+02
2.30287490469499e+02
3.08873754193028e+02
3.26803617914591e+02
3.10787872129633e+02
3.23345993710644e+02
2.74403059984530e+02
2.02152471653235e+02
2.10014424727806e+02
3.03700640840878e+02
2.93282895592091e+02
3.51139399958765e+02
6.28698522225584e+02
5.57570662589867e+02
4.77378252666738e+02
5.77374589723992e+02
5.96694658815728e+02
4.04829798055208e+02
6.52887642011079e+02
5.78291661396473e+02
6.52388259023079e+02
4.91095963320972e+02
4.20918633535666e+02
3.15700839802220e+02
5.58582032103224e+02
4.51649444753429e+02
4.41744702449659e+02
4.26158633278587e+02
3.56920848698677e+02
3.17797647466663e+02
2.16353267889762e+02
3.11490653217723e+02
3.86432691070774e+02
3.29276182427096e+02
2.31238592010858e+02
2.32470070070988e+02
3.50876070069030e+02
3.45428500379342e+02
3.37549000772906e+02
3.69356670187271e+02
3.80662144450242e+02
2.58455468652059e+02
2.51281626672192e+02
3.87452926498260e+02
3.91953970148511e+02
3.57846085845396e+02
3.55172939009202e+02
4.40960059858310e+02
5.59639007654008e+02
6.09452268932456e+02
4.79356402286648e+02
6.97309419538214e+02
6.21528729823800e+02
5.46175638297905e+02
3.96334170859853e+02
7.63974611245116e+02
5.86627579568826e+02
6.46354618198576e+02
6.36128415376829e+02
4.77433192012914e+02
4.14872761838515e+02
2.62333215206490e+02
5.25620815135193e+02
5.22512632792342e+02
5.14797446931229e+02
4.41126364506260e+02
4.05704984361347e+02
2.49313835720677e+02
3.84340344616583e+02
3.41851130891399e+02
2.50598494792266e+02
2.36349835056697e+02
3.67325862832422e+02
3.78603541998184e+02
3.30848161912602e+02
2.98219302371477e+02
2.72429539038592e+02
3.18278256933605e+02
2.28303132824301e+02
3.58324075257424e+02
3.78603153146497e+02
3.33463025133901e+02
3.01647888584197e+02
2.59589070131637e+02
3.01186232427707e+02
3.69825828291137e+02
5.47180519142995e+02
6.37864602188708e+02
4.63865102826548e+02
6.07713884734364e+02
6.56579138403771e+02
5.00551162501803e+02
3.86437365058368e+02
6.68565024572996e+02
5.96656826737912e+02
6.92722932124681e+02
5.47556151765261e+02
5.02401886987577e+02
4.14811608960107e+02
3.39486894764534e+02
4.79496085651331e+02
4.81093760608621e+02
4.21311619897229e+02
4.00324656095200e+02
2.35711843173345e+02
3.70844558219666e+02
3.15364748510102e+02
2.86048211464765e+02
3.55866146037928e+02
3.82248297531392e+02
3.38303968576244e+02
3.06819492970939e+02
2.54586181815892e+02
2.90903612330920e+02
3.22957260333131e+02
3.23494098064805e+02
4.54702201713995e+02
4.03831409849514e+02
3.66606444758820e+02
2.95646509704671e+02
3.28095470223232e+02
3.38509103703021e+02
3.04466982041244e+02
2.97098421986423e+02
6.23710540058200e+02
5.25248488031960e+02
6.30279835948894e+02
6.33883526275781e+02
4.46175652551119e+02
5.96450511627022e+02
6.56636796312362e+02
5.06490223117410e+02
3.30396286460320e+02
7.22246733150170e+02
5.54433495769379e+02
6.18023766880648e+02
6.28175792082114e+02
4.92835491424242e+02
4.64618736872488e+02
3.12106337786087e+02
3.47246442831709e+02
5.26694752098550e+02
4.69529215519988e+02
4.58328455225933e+02
2.65556810379540e+02
4.19624386814994e+02
3.68371575707370e+02
3.06502044500542e+02
3.06785319035347e+02
3.64998009507548e+02
3.35263078757398e+02
2.70354965119624e+02
3.00362757722365e+02
3.08409862511360e+02
2.77674469585978e+02
2.56858460541953e+02
2.38555572158611e+02
4.53242687452020e+02
3.67485330651139e+02
4.10340897062961e+02
4.22370165316697e+02
3.82035774704714e+02
3.37100411361331e+02
2.81569717565433e+02
2.94203422639774e+02
6.26192614736396e+02
5.16273170777189e+02
6.17426954285015e+02
6.03388498591463e+02
4.59620219392146e+02
6.73837714554525e+02
6.07089735109747e+02
5.78631733672849e+02
4.87975541733959e+02
3.66844231714605e+02
6.60766787930996e+02
5.88527998910978e+02
6.93391521399361e+02
5.64802661754331e+02
5.40867062609894e+02
4.85706748253521e+02
3.83211535589549e+02
3.48082039485160e+02
5.22524532135832e+02
5.22967461746058e+02
3.05804379593100e+02
4.92080114823097e+02
4.53247288925008e+02
3.86001770565676e+02
3.98177885474567e+02
3.06736253874465e+02
3.47419462531028e+02
3.94962205507562e+02
4.16443737837186e+02
3.90875220872384e+02
3.59071323079754e+02
3.16975811624033e+02
3.23056141272697e+02
2.49861336602920e+02
2.34725234772342e+02
2.49020092242379e+02
2.39021446701529e+02
2.27816865229143e+02
2.16548773437487e+02
2.43039285325958e+02
2.34653636726987e+02
2.37614142337553e+02
6.29080688524710e+02
4.87869754694739e+02
5.78151350445873e+02
5.28638812720302e+02
3.62360942605647e+02
5.69026613888127e+02
6.22050921544608e+02
5.09761867319212e+02
4.65698133012700e+02
3.68022920595341e+02
5.13795505673952e+02
5.70162658000330e+02
5.86486112695082e+02
4.68751381847074e+02
4.62418224370827e+02
3.34436142838932e+02
3.97023744331765e+02
3.47257210465946e+02
3.24982497536482e+02
1.83136899675112e+02
2.82666737425899e+02
2.62924738031048e+02
2.22740434685297e+02
2.37437790931086e+02
2.14122309731710e+02
2.31110873675531e+02
2.37684003990530e+02
2.23687444541913e+02
2.09832947539515e+02
2.00139831415147e+02
2.22752701786719e+02
2.14853689813721e+02
2.53123181840810e+02
2.86325289094482e+02
2.41905204431200e+02
2.20585846970607e+02
2.05742586634213e+02
2.17139459402979e+02
1.88812512335078e+02
2.15313025955645e+02
2.28414960148849e+02
2.41455527752560e+02
6.06029899109089e+02
4.59757789356631e+02
6.17179660741163e+02
5.13974842781459e+02
3.86143471479022e+02
5.57435773714521e+02
6.13746612275318e+02
4.89144864921966e+02
3.63909348849265e+02
3.54827876093610e+02
5.13825129047937e+02
5.87872080857896e+02
4.67675963395202e+02
4.34241474017783e+02
3.90407509709383e+02
2.79871311960599e+02
2.64107044383392e+02
2.27873612834074e+02
2.59517616719322e+02
3.80881511379161e+02
3.49493628365693e+02
2.79652128400050e+02
2.73406723903939e+02
2.30260241356091e+02
2.14837323199953e+02
2.35848801745467e+02
2.67394216591973e+02
2.50978695922870e+02
2.65251208268938e+02
2.25011308778519e+02
2.56817400973938e+02
2.64621865808448e+02
2.69294935604128e+02
2.87435127151089e+02
2.01357209517656e+02
2.12875239619778e+02
1.77876024042566e+02
2.03247004066195e+02
2.05581448881040e+02
2.08284437381764e+02
2.33291968841287e+02
2.17216087177163e+02
5.81516508112404e+02
3.99167098600003e+02
6.22046905815779e+02
6.15494413794449e+02
4.79818731660184e+02
3.73061468324328e+02
6.65131597723404e+02
5.64257273477035e+02
5.26768348527771e+02
4.37719354510346e+02
3.18728397813603e+02
2.62969801902471e+02
6.65317608494811e+02
6.69926109464295e+02
5.17481943609736e+02
4.96801649447388e+02
3.51674838889840e+02
3.62961805286100e+02
2.76123350091254e+02
2.18561236266447e+02
3.80342543476389e+02
3.53508345286815e+02
2.83015496484814e+02
2.73212926702609e+02
2.29267830103030e+02
2.11566693290939e+02
2.20463723400409e+02
2.39957609147059e+02
2.68295073201480e+02
2.20681566838094e+02
2.50265986763900e+02
2.46380523212507e+02
2.45761370093056e+02
2.87221993774925e+02
2.50390873233421e+02
2.83538838791082e+02
2.25023089179496e+02
2.51935514919354e+02
2.40461706382720e+02
2.34605411010280e+02
2.87377389040696e+02
2.63208488294716e+02
2.81685681631015e+02
2.93680687994078e+02
6.35193549115089e+02
5.66579176301571e+02
4.03415511143399e+02
6.09470702608450e+02
5.76906123546320e+02
4.58543311985069e+02
2.93894659889285e+02
6.93858714198303e+02
7.22085027350029e+02
5.74095872707232e+02
5.17539622431579e+02
3.59681678936495e+02
2.60225573771838e+02
7.58163855423256e+02
6.09702305748991e+02
5.71376696566766e+02
5.25627532957862e+02
3.64550281248276e+02
3.43449710534620e+02
2.64287383967658e+02
2.25382663082670e+02
4.43613018767848e+02
3.54514625931279e+02
3.35870839294815e+02
2.75589662131862e+02
2.48404500583677e+02
2.39956606187995e+02
2.56983804409066e+02
2.66218353906697e+02
2.45123966335209e+02
2.23653428428152e+02
2.07260997832990e+02
2.58722683816307e+02
2.43615419912136e+02
2.42767676003307e+02
2.57558370827883e+02
2.93179671420994e+02
2.63326667719745e+02
2.34047302542286e+02
2.94633777862700e+02
2.81511725348593e+02
2.54817962421010e+02
2.31196321876674e+02
2.66265320489090e+02
2.59871133206244e+02
6.65158149364906e+02
5.62082988662541e+02
3.69138239679922e+02
7.25521511498015e+02
6.49419120952089e+02
4.65853807240781e+02
3.39228414206057e+02
7.31094671798339e+02
7.96075548843710e+02
6.25945676341589e+02
4.72547832097528e+02
4.00433643374553e+02
2.62587607636190e+02
8.78663336583469e+02
6.90801782029779e+02
6.79997558544305e+02
4.98449681761298e+02
5.13620047131155e+02
3.88087848107404e+02
2.89108272647282e+02
2.64528504798784e+02
4.67666120808885e+02
4.44075427508057e+02
3.64087879514992e+02
3.27534515409717e+02
2.99201373691765e+02
2.91120658987409e+02
2.87511664026624e+02
2.66395000355856e+02
2.76682388049544e+02
3.55629657274486e+02
3.50296943088246e+02
3.14125243863063e+02
2.65748118584654e+02
3.04856470590740e+02
2.82966772668057e+02
2.58483217230226e+02
3.05181462902703e+02
3.11125713855336e+02
2.87334517856123e+02
2.47008990391015e+02
2.98904100323814e+02
2.93498605430533e+02
2.83593834577193e+02
3.12250584112033e+02
7.31962631782024e+02
5.83037958606289e+02
3.77184468901487e+02
7.53655422522186e+02
6.26703872164064e+02
4.62885281792669e+02
3.16372755042806e+02
8.91234432176088e+02
7.64855817607515e+02
7.39130007765321e+02
6.41552031116849e+02
4.87201343010508e+02
4.00068344180421e+02
2.71559015497344e+02
7.03016397095530e+02
6.76510428969643e+02
6.45930821689337e+02
4.59744533677354e+02
4.56005506284630e+02
3.57910510088583e+02
2.90959411666027e+02
2.85390904313709e+02
3.34076167558188e+02
2.82214245683144e+02
2.64866199155143e+02
2.53196989776793e+02
2.58586131335071e+02
2.87020915880594e+02
2.76268084531218e+02
2.90586987502350e+02
2.83299115391668e+02
2.68338888264086e+02
2.34060114861447e+02
2.95138617785043e+02
3.03313672671818e+02
2.97396852757917e+02
3.18632544742894e+02
6.55078126103241e+02
2.61256163988948e+02
2.27160984574933e+02
2.92266457742361e+02
3.07496829272614e+02
3.02210665208533e+02
3.07429051611325e+02
3.60645932700223e+02
4.21294291853508e+02
6.92510550785995e+02
5.57349918246951e+02
3.53998553573966e+02
7.27862789376034e+02
7.23042080943828e+02
5.83384155727568e+02
4.50214916618787e+02
2.97816321155042e+02
6.60698931398328e+02
7.06492037831158e+02
5.90504712117238e+02
5.71734496568806e+02
4.24846179254945e+02
3.34550309246120e+02
2.68640154497651e+02
4.43874344502231e+02
4.51215498487233e+02
3.45335665043624e+02
3.70021184128569e+02
2.98754418046327e+02
2.43273812477313e+02
2.33929921726231e+02
2.68473744724710e+02
2.16205704494723e+02
2.06488917909788e+02
2.00218965830599e+02
2.05559127749141e+02
2.46874826212563e+02
2.48204973552547e+02
2.93013450331666e+02
3.43728791910615e+02
1.89361668039742e+02
2.47696094856355e+02
2.69129043048279e+02
2.77264749376021e+02
3.02757300076760e+02
3.61917512188074e+02
3.79808019451674e+02
4.09824042159715e+02
2.79113953212765e+02
2.92239958441117e+02
2.95811667819648e+02
3.26289714019280e+02
3.91943105986540e+02
4.24297815009308e+02
4.77867677995319e+02
6.17771928425275e+02
7.19738319630401e+02
5.38063657432918e+02
3.67914971451993e+02
7.17298674626737e+02
7.14031984626292e+02
6.21750814794876e+02
4.34700963864933e+02
2.99016289323835e+02
6.18408975447549e+02
6.90922584735736e+02
5.65796788519349e+02
4.57381429509778e+02
4.10271343771508e+02
2.91996784073461e+02
2.67851085545299e+02
5.92893449418838e+02
5.73348180206756e+02
4.04010927789298e+02
4.07105752102148e+02
3.17935782215890e+02
2.60528011756504e+02
2.65135727499494e+02
2.81013118520938e+02
3.59095404754425e+02
3.25147363760595e+02
2.87659453454206e+02
3.38009079988838e+02
2.70266059071421e+02
2.89957810105646e+02
3.41622344901052e+02
4.20803774427087e+02
2.94380975138749e+02
2.75420966373658e+02
2.84293342905231e+02
3.06794741916687e+02
2.99778976325043e+02
3.28162972364936e+02
4.01313826067237e+02
4.60923338085242e+02
2.62112992968466e+02
2.65611615934497e+02
2.74023221838830e+02
2.52615636480698e+02
2.75304037038221e+02
3.54111893013408e+02
3.74868336245401e+02
4.37808715119289e+02
8.17191681874903e+02
7.57540936071755e+02
5.75825564351617e+02
3.70669591652165e+02
7.51188549942202e+02
7.12794733556922e+02
5.66162514106086e+02
4.50594545271661e+02
2.86077563263941e+02
9.25679626445935e+02
7.96277183435999e+02
7.87970880662074e+02
7.03945468045613e+02
5.51103388464567e+02
4.67996132104525e+02
3.19827869826521e+02
2.82272086983755e+02
8.81811766943995e+02
6.80949046123061e+02
7.07480378663747e+02
5.61672051649450e+02
4.31611198559464e+02
3.49828993240998e+02
3.29462683137312e+02
3.19488392019279e+02
4.54046210071334e+02
3.90873000990337e+02
4.68866676250542e+02
3.35245151625562e+02
3.10836367192303e+02
2.99824181762280e+02
2.79371076320279e+02
3.80287850385804e+02
3.46472073575714e+02
3.41992586822620e+02
2.93470218049017e+02
3.03841436586229e+02
3.93368789065957e+02
4.13125260293985e+02
5.27896601507441e+02
3.37428372818099e+02
2.43904905466457e+02
2.10098658572339e+02
2.22810939876898e+02
3.03803365048906e+02
3.50308172878728e+02
5.35218047315519e+02
4.43350881183358e+02
3.55364067875452e+02
7.21813160789128e+02
6.70775166289815e+02
5.13077816244355e+02
3.21320048624549e+02
7.63873401812697e+02
6.75611914360665e+02
5.43406532049908e+02
4.11001259445953e+02
2.99500790909541e+02
8.35933542319498e+02
9.00774683054020e+02
7.71924393127979e+02
7.71812632304920e+02
5.77166948524461e+02
4.64666217434133e+02
3.43593877330971e+02
2.99854855035785e+02
7.56113617466288e+02
5.46036459307972e+02
5.73230391032405e+02
4.63270924681849e+02
3.90460696180103e+02
3.73591901257405e+02
2.83238264664724e+02
2.59756101177920e+02
2.45370291238208e+02
3.08736166064002e+02
2.27989884193602e+02
2.17814986923850e+02
2.14463308239504e+02
1.91116360025234e+02
3.01514622996040e+02
4.64885941148418e+02
1.48592994199902e+02
1.56856480966232e+02
2.18980007531463e+02
2.68898815846236e+02
4.61605141510848e+02
4.51205495084158e+02
3.82255694703501e+02
3.72162759089034e+02
1.14051093881312e+02
1.43491074973819e+02
1.72012240499989e+02
3.08103139057964e+02
3.24886389186853e+02
2.66331669456042e+02
2.84763301638213e+02
2.75242556658770e+02
6.72582822960699e+02
5.99045171777030e+02
4.59975105791999e+02
2.96416759284115e+02
7.35114328644931e+02
7.51569765382188e+02
6.47268798499867e+02
5.40104753309501e+02
3.95538733867965e+02
3.03844405510966e+02
6.04677608653846e+02
6.97441242800092e+02
5.98352445236322e+02
5.17020560857432e+02
4.91693543332399e+02
3.76778039600958e+02
3.33920718458087e+02
2.56305846469116e+02
3.26708494131612e+02
3.56537130155867e+02
3.03133765398694e+02
2.54441860425893e+02
2.26787342151490e+02
2.34711207946774e+02
1.93718724238770e+02
2.28573045951633e+02
2.27903692204844e+02
1.70274301460169e+02
1.61841950971067e+02
1.52490110504945e+02
1.01748915583533e+02
1.37104012566289e+02
2.81805733773683e+02
2.60054562111995e+02
8.68457943265495e+01
1.05355422357606e+02
1.96863017396807e+02
2.20515753035195e+02
1.86874747667527e+02
2.21122926637127e+02
2.30200706006503e+02
2.35647174232185e+02
1.68505325274759e+02
3.19605443216569e+02
3.66507070901283e+02
2.99406736551748e+02
3.48931001469294e+02
3.25479012597101e+02
3.60316058917433e+02
3.53575786607777e+02
6.67507775733022e+02
6.05118801610115e+02
4.50748851683942e+02
3.27011927514472e+02
5.58176665285774e+02
5.85605718658169e+02
5.55354167656705e+02
4.29794851449554e+02
3.39882520363936e+02
2.75659386024686e+02
3.71199178276044e+02
3.85620515051531e+02
3.67780243560466e+02
3.13650505623494e+02
2.98889916406024e+02
2.38551720890600e+02
2.25530194035438e+02
1.73720999726744e+02
2.22425719604003e+02
2.46599564101508e+02
2.13482932240691e+02
1.97227229841676e+02
2.09513054007469e+02
1.71664099484695e+02
1.27145311084954e+02
2.45708942844193e+02
1.86771001935479e+02
1.82059671806249e+02
1.75168108879557e+02
1.11525447200678e+02
1.40010488419618e+02
3.16878637910472e+02
3.09017803010335e+02
3.44424897515622e+02
2.44001028877146e+02
2.88186518156131e+02
2.40369564632560e+02
2.91257762600381e+02
2.81056910613158e+02
3.50738909371579e+02
4.56855481823446e+02
2.53694039098236e+02
1.30224063622509e+02
1.11671865131392e+02
1.41612396065810e+02
1.42825176628826e+02
1.97332704651290e+02
3.10237417067841e+02
1.88644411783436e+02
3.28826837883759e+02
5.16756727737966e+02
4.46688716044781e+02
3.72841946953603e+02
2.84215269215238e+02
3.20097112191437e+02
3.27645739409859e+02
2.92250397847311e+02
2.71061339150005e+02
2.07950225277581e+02
1.91265813079357e+02
2.54891359064211e+02
2.30024327397908e+02
2.46370885523238e+02
2.00928758003750e+02
1.84718332483972e+02
1.63203376736214e+02
1.64654251078918e+02
1.20878534810827e+02
1.78859536701082e+02
1.59299081106948e+02
1.41839703853845e+02
1.35863754984797e+02
1.54345952592257e+02
1.32287974919238e+02
9.92024892209034e+01
2.53711963041027e+02
5.90440165241566e+01
5.80910656501128e+01
3.65440427974444e+01
4.58486897479445e+01
1.11927913491499e+02
1.22142095260438e+02
1.73844037756037e+02
2.31766760061316e+02
9.44606095947437e+01
1.22553775310690e+02
1.26556232223610e+02
1.86237721532033e+02
3.27864485141659e+02
2.14854141298013e+02
4.62941057074306e+02
4.09062236504998e+02
9.70856352183945e+01
9.69097310769046e+01
1.46178587917813e+02
2.76798432595746e+02
1.91769165759910e+02
4.76595019304056e+02
4.64568885757777e+02
4.00670983459974e+02
3.16700581254082e+02
3.18106513370734e+02
2.80490239691044e+02
2.30755646556451e+02
1.92650698853164e+02
2.44319990894984e+02
2.31866790591416e+02
2.07602590318483e+02
1.85334591209970e+02
1.68693473313945e+02
1.21879416588807e+02
2.17426292369251e+02
1.91229695088580e+02
1.72430587828437e+02
1.70992176976816e+02
1.42547184091093e+02
1.43455370791911e+02
1.23728495117671e+02
1.64420234182842e+02
1.16740093516287e+02
9.70880520719141e+01
8.64833633239675e+01
8.75615474550889e+01
7.29592075137688e+01
5.21043748134081e+01
8.09715828386327e+01
1.44169442785804e+02
8.28749874028333e+01
4.43823634903140e+01
3.88600684237994e+01
8.45526180071976e+01
8.75929231074077e+01
1.16708125888640e+02
2.08004682863120e+02
4.68244582567867e+02
7.94379454461816e+01
1.13289098635579e+02
2.21926820583606e+02
1.59974010376400e+02
4.39483429416290e+02
4.83574934446336e+02
3.11985625997927e+02
5.47005041372996e+02
1.37305824016820e+02
2.57542467630022e+02
1.81746797184740e+02
5.19777081097032e+02
5.98666204648544e+02
3.18060825874377e+02
3.62265036627530e+02
3.36519376949435e+02
3.19217182596980e+02
3.11921652540424e+02
2.64247891282226e+02
2.00344016995277e+02
1.63654609252771e+02
3.41483504770429e+02
3.41809418605569e+02
2.99993250506165e+02
2.58006303772180e+02
2.02356734834598e+02
1.74409829731907e+02
1.08307374621408e+02
3.47173397722107e+02
3.21855689113142e+02
2.64038893698988e+02
2.37593101189536e+02
1.75371918739486e+02
1.53511690326580e+02
9.72181973821023e+01
1.05841082110665e+02
3.29185067048496e+02
2.62740545932603e+02
2.20856000706028e+02
2.28631242419589e+02
1.74355147814853e+02
7.03237167629564e+01
1.12556035799760e+02
1.72768189135201e+02
1.42726356816295e+02
9.51277457775865e+01
1.70910286973785e+02
1.44617530519495e+02
9.93447866866757e+01
1.62057904398838e+02
4.53161012462343e+02
3.02067327939671e+02
1.09864456430568e+02
7.73437408778654e+01
2.29312591163689e+02
2.80864329557934e+02
1.59369183706911e+02
2.09634936186732e+02
2.47376368081294e+02
2.77602161060998e+02
8.25458769891002e+01
2.50481204841990e+02
3.18797941881114e+02
1.86691870559249e+02
2.67149086365852e+02
3.51486393776421e+02
3.69127481810868e+02
4.39132531059260e+02
3.62048553149902e+02
3.31830703746480e+02
2.70348823007556e+02
1.94039990733035e+02
1.40985195147356e+02
3.82990745085377e+02
3.87349675661698e+02
3.61246791165925e+02
2.67620485059645e+02
2.04550975029369e+02
1.60802638257676e+02
9.40521328602272e+01
4.72065233741353e+02
4.87662501231659e+02
3.66697674749564e+02
3.11746839248052e+02
2.39618337294166e+02
2.19317341662435e+02
9.57704431833301e+01
1.04735950010163e+02
4.05700391507568e+02
3.51106040661379e+02
3.36558856296386e+02
2.75179704368116e+02
1.79641940952562e+02
1.22860812388479e+02
9.60845218306057e+01
3.05208849788705e+02
6.56923288876186e+01
1.15115492970040e+02
9.59919252591947e+01
5.22850313376583e+01
7.73495405249111e+01
2.35607327059320e+02
2.01620211334103e+02
3.38693964691669e+02
1.28284122391440e+02
1.69767295912857e+02
1.04060812225169e+02
1.61117587942379e+02
2.38643309658540e+02
2.96948601392188e+02
3.98467349845242e+02
-1.23634328229350e+03
3.18371241208492e+02
2.00914109554680e+02
3.28806922764336e+02
5.29348673061350e+02
7.26883596767135e+02
1.16258659670397e+03
4.11412439332524e+02
-9.65747291422447e+02
4.06969164291572e+02
3.69379303081133e+02
2.72948662103921e+02
1.97991858921673e+02
9.69621141717511e+01
4.92329885455567e+02
4.86996753855759e+02
4.24614622244478e+02
3.63132372708311e+02
2.48912433610917e+02
2.09017361276996e+02
1.00770456892488e+02
5.68143547814742e+02
5.05318706260777e+02
4.71677865601356e+02
3.64259636835802e+02
3.20003919213599e+02
2.52469387447949e+02
1.18344091089209e+02
1.10024063673525e+02
2.83883100545478e+02
2.44988743284034e+02
2.62713835107299e+02
2.08840127046643e+02
8.03759302807148e+01
1.05050553177309e+02
6.66354711817070e+01
2.14562917070758e+02
1.18990409167414e+02
1.00436208424717e+02
4.94031952747366e+01
6.78714721558540e+01
2.20201360656498e+02
2.23186670703703e+02
5.55674788237469e+02
6.04089985666167e+02
9.93835527258537e+01
1.70479995859247e+02
2.91908399316415e+02
4.40101936683320e+02
8.09750594624037e+02
4.31982702244583e+02
2.75355295153237e+02
1.57659333077402e+01
8.55763187634403e+01
1.52850337490034e+02
2.46184050958769e+02
4.93282899015347e+02
3.03999042260400e+02
3.43454827291048e+02
3.11641900823424e+02
4.54815866080994e+02
4.47999604750317e+02
3.85571339623005e+02
3.06686975776794e+02
2.21475840521335e+02
1.07918221525792e+02
5.31251996575459e+02
4.93299696820380e+02
4.29437119566073e+02
3.57436696126158e+02
2.82681116392562e+02
1.85852580294673e+02
8.90129901156131e+01
3.68675976690454e+02
3.12396262545954e+02
2.91491452523152e+02
2.23936531539727e+02
2.04868012599090e+02
1.38009642982967e+02
8.19143385947248e+01
1.34938732846462e+02
1.75783295674966e+02
1.73552173071758e+02
1.47939879230629e+02
1.01317734714423e+02
6.69111348937396e+01
4.72409304926704e+01
1.16780467376413e+02
3.70096659257530e+02
1.91838506189568e+01
9.52697292286341e+00
1.44531656008421e+01
5.17234135207357e+01
5.94158273908548e+01
1.83083738940086e+02
3.38825387806973e+02
3.12279289442489e+02
1.01852551976362e+02
1.71994659906604e+02
3.63833306381305e+02
2.32454366184635e+02
2.85147903177220e+02
2.96284801490678e+02
5.38319306681547e+02
4.06798288767743e+02
7.99908785106318e+01
1.77057265943445e+02
1.12011469903297e+02
1.48059380945628e+02
1.71896832051024e+02
3.73537777518147e+02
3.68760002844435e+02
3.25904841876465e+02
4.60752265047056e+02
4.45608206396549e+02
3.86889742480323e+02
3.00606966785729e+02
2.28965866443841e+02
1.06343148777359e+02
3.32734752691620e+02
3.33168903641088e+02
2.98355517984073e+02
2.62309365254016e+02
2.08216759163942e+02
1.75487934531874e+02
9.08689361947356e+01
5.80574477914016e+01
2.18623070964862e+02
1.70486337696049e+02
1.52376363848755e+02
1.24189093465890e+02
1.23480609222575e+02
5.81488388854934e+01
4.26771972384110e+01
1.22787197153496e+02
2.72362837000887e+01
3.03255290041128e+01
2.52785904641105e+01
9.82880131949195e+00
1.39100571786194e+01
8.95801962507180e+00
4.19296735971967e+01
2.41137637357043e+02
2.71204577529164e+00
4.45194039984852e+00
1.66745360919784e+01
2.05070167642793e+01
7.14259594653859e+01
1.52321856503125e+02
1.75405253336574e+02
3.92103209115398e+02
2.21463214320912e+02
1.39350494986150e+02
1.79360685308074e+02
2.02230990494151e+02
4.52116509354638e+02
4.33327245508981e+02
4.47470850087172e+02
4.86282427883423e+02
