4.65775473385750e+02
6.00545007950146e+02
5.41619580826562e+02
5.65625367597862e+02
5.00676583919706e+02
5.05934849750847e+02
4.80120787272084e+02
4.51505395169061e+02
3.99646857389786e+02
4.15976244213175e+02
5.66306174618504e+02
5.18997161656132e+02
4.53301750607255e+02
4.64227981655233e+02
6.49788848584284e+02
6.57028317028983e+02
4.45644546292810e+02
5.45919479498884e+02
4.41861834078034e+02
3.78901071343547e+02
3.72918509110141e+02
5.11698094503254e+02
5.20224009606275e+02
4.23783428143206e+02
5.68683418115380e+02
4.80036003949044e+02
4.52719858926238e+02
5.92699711962406e+02
5.81533977114483e+02
4.69463240948512e+02
5.62151893981220e+02
4.78031762812042e+02
4.90944007130339e+02
4.55055119771422e+02
4.76334479736497e+02
3.97449053832179e+02
3.62821679702149e+02
4.56050596641744e+02
4.28260433117977e+02
3.31553429051007e+02
3.89716039442407e+02
3.01748718153495e+02
4.96029654880121e+02
4.45220573140971e+02
5.46458715174461e+02
4.98331389492501e+02
3.73634566833096e+02
4.29026563292895e+02
3.40575753462831e+02
5.29122518570326e+02
4.94356120474724e+02
5.37450404898038e+02
4.99319116864070e+02
4.03210081353970e+02
3.51761041536431e+02
4.49291431642864e+02
5.41644063942829e+02
4.82466511469960e+02
3.51421823683203e+02
3.88891833677181e+02
2.98871342714914e+02
4.31611566337332e+02
3.73165151540130e+02
6.24197304488726e+02
5.48997933678007e+02
3.93191342328551e+02
4.25405352826256e+02
3.16869685755952e+02
4.20630345130864e+02
3.30613174977755e+02
4.90341034926937e+02
4.49022249492632e+02
6.51095995993580e+02
5.89954628236234e+02
4.53997811080376e+02
3.59641098504233e+02
3.54902659628753e+02
5.81422036998112e+02
4.15325198258558e+02
4.48108590707222e+02
3.31808905104001e+02
4.24434802239870e+02
3.12134923027972e+02
3.95668593805960e+02
5.13866654282287e+02
4.27836181613219e+02
4.64593486070949e+02
3.46473972086865e+02
4.41357832970321e+02
3.17340810452807e+02
3.70110558883226e+02
3.90294717399371e+02
5.34804651820750e+02
6.26655904553798e+02
3.96452373924983e+02
6.89274704424004e+02
6.30453816036656e+02
4.92399100598884e+02
3.98017021234085e+02
3.73570113904142e+02
3.81402873214767e+02
4.85746273413095e+02
3.66524684221357e+02
4.70697115431326e+02
3.39482610990056e+02
3.86856529784635e+02
3.67640980768620e+02
4.35707103495734e+02
5.04147896349007e+02
3.61865441825642e+02
4.70624747345235e+02
3.44009812283556e+02
3.93941740816513e+02
3.62497445152475e+02
3.96862002592257e+02
4.21020526891346e+02
4.59906788280235e+02
5.38335681416133e+02
5.34810053462397e+02
3.87529909279104e+02
6.52612670104747e+02
6.04660961421317e+02
4.83110227550061e+02
4.06221621210363e+02
4.01524740249956e+02
3.80004904991790e+02
4.05290021194066e+02
4.81802453330918e+02
3.56754353782301e+02
4.12028143886025e+02
3.74855222273397e+02
3.92072908607345e+02
3.84129262607572e+02
3.91001946144417e+02
4.19839013171002e+02
3.73269835285874e+02
4.36476047013793e+02
3.98302918944435e+02
4.10570702456221e+02
3.85418002052589e+02
3.67433555304511e+02
3.81058612563085e+02
3.90317763028025e+02
4.64589363520302e+02
6.41276181541086e+02
4.49111637105796e+02
4.08081780735248e+02
6.96526135526258e+02
6.50390392646290e+02
5.27074590998258e+02
4.55105390905611e+02
4.68956103500712e+02
4.55784990480542e+02
4.29860884122712e+02
3.93403911746219e+02
5.51745892125254e+02
5.06460473136230e+02
5.21161197826291e+02
4.80718762462400e+02
4.39714250215185e+02
4.33784996360805e+02
4.30849574704395e+02
4.61629502711933e+02
5.07540160179374e+02
5.21635099677461e+02
4.76030568903160e+02
4.22665334116066e+02
3.95806227441527e+02
3.67937181237213e+02
3.75422178851361e+02
3.60088167083678e+02
4.49269495975250e+02
5.90250916700717e+02
4.82021046101297e+02
4.56343251790002e+02
6.97396506449017e+02
5.68844814048325e+02
4.98246592019029e+02
5.26368441705392e+02
5.25381855340337e+02
4.93514600013247e+02
3.98883581453624e+02
3.57310490938564e+02
5.20165711890998e+02
4.71939158945353e+02
4.11777680991253e+02
3.72378321414558e+02
3.28747219873656e+02
3.16564224400490e+02
2.97711606719202e+02
3.69593893997701e+02
4.98153778076844e+02
4.32398805528082e+02
3.84909632740174e+02
3.30407513267191e+02
3.05761599250896e+02
2.79310494815076e+02
3.36600793433524e+02
4.14353864976566e+02
5.17755740896105e+02
6.22493833552802e+02
4.89080328929695e+02
7.18477459472809e+02
5.26237168148516e+02
5.33098405096430e+02
4.30684285564231e+02
5.73642175437025e+02
5.05730700098702e+02
5.41333189708997e+02
5.48235191306523e+02
5.18318746781323e+02
4.01617714201986e+02
3.06497218334743e+02
3.05206713174345e+02
4.28483886674942e+02
3.77191558564868e+02
3.16899623461078e+02
2.82905965002691e+02
2.48176357809448e+02
2.83961333869214e+02
3.17583503314851e+02
4.55989257243382e+02
5.05538434621273e+02
4.21492627161932e+02
3.68987671435798e+02
3.13462867330256e+02
3.35450518950585e+02
3.17217468218595e+02
3.72518911968262e+02
5.03180483924597e+02
5.42300999091576e+02
6.00581525126419e+02
5.56162501345907e+02
7.07360393688992e+02
6.01442064219822e+02
6.09862021800072e+02
3.73101653550483e+02
6.74780092604565e+02
7.34813953669118e+02
7.60040262631928e+02
7.35142629162072e+02
5.75526719243225e+02
4.20852093371354e+02
3.55445071490487e+02
3.57451755886434e+02
5.05436321687940e+02
4.48136909863140e+02
3.86122798434395e+02
4.14214758451374e+02
3.67616087906835e+02
3.54790599737557e+02
3.65330311672387e+02
4.11064809706027e+02
3.63684008794234e+02
3.23128339331668e+02
3.59711980351618e+02
3.29177523827025e+02
3.18342418197688e+02
3.14936808946021e+02
3.38366600419185e+02
4.03491053159162e+02
5.64653620253391e+02
5.82967303232606e+02
5.22932118139159e+02
8.03048105211512e+02
6.06767145801658e+02
6.59068495607691e+02
5.77118163438525e+02
3.61022067605083e+02
5.06634251191189e+02
5.39826122861330e+02
5.42870526464454e+02
4.46840726660732e+02
3.49633895534667e+02
3.24454198386138e+02
3.08919303583343e+02
3.16006708467189e+02
2.73441290670915e+02
3.11773406773223e+02
2.91151064139686e+02
2.83401956137409e+02
2.76130962436744e+02
2.81158561139099e+02
3.38408033436671e+02
4.22718861225532e+02
3.91170141176602e+02
3.63061802799077e+02
3.44702610142096e+02
3.19972327752746e+02
2.93176107092347e+02
3.20674557204974e+02
3.34060267466300e+02
3.91177042976599e+02
5.90503767844890e+02
5.92135283028574e+02
7.11698630557095e+02
6.29899746551042e+02
4.75957289770210e+02
5.82085710759308e+02
5.16391236465238e+02
5.76546316421650e+02
4.08700432452158e+02
3.33265497186890e+02
6.22603344101614e+02
6.30335898179634e+02
5.23208695874340e+02
4.12733089179874e+02
3.91417421513053e+02
3.72024588391966e+02
3.13725660840120e+02
3.27207008898996e+02
4.15177318491803e+02
3.91484680022888e+02
3.58598244563589e+02
3.15152903343589e+02
3.32373198191696e+02
3.14013383056771e+02
3.39849300863426e+02
3.02541445361528e+02
3.81509432812241e+02
3.48235166368571e+02
2.99978125688848e+02
3.10651112803402e+02
2.72989546219850e+02
2.53810453524808e+02
2.59795851260173e+02
2.71524622903167e+02
6.05166168729348e+02
6.44641410854767e+02
5.97494458038537e+02
5.50601890953804e+02
5.84940017453550e+02
3.87007228966523e+02
7.34190911687082e+02
5.53296341318483e+02
6.15017051635631e+02
5.77230118162259e+02
4.08983138192913e+02
3.37059925960516e+02
6.57416409730261e+02
5.49850500442231e+02
4.36375866885872e+02
4.19343723053709e+02
4.02541478240882e+02
3.26906269297876e+02
2.87440820663398e+02
2.39765911690366e+02
3.70306167847494e+02
3.15051237321507e+02
3.22552082632911e+02
2.67485662545767e+02
2.01670411329586e+02
1.94783980646078e+02
2.68082472667307e+02
2.25405824024038e+02
3.08146205291365e+02
3.20278985767252e+02
2.67170251667062e+02
1.90183478668383e+02
1.82041756151175e+02
2.78357965793223e+02
2.61155626782166e+02
3.02784541755818e+02
6.34965358849385e+02
5.58046164899619e+02
4.79802865243903e+02
5.70164494125373e+02
5.94496223390997e+02
4.02462255594724e+02
6.46011626227487e+02
5.70587051824960e+02
6.51597807184005e+02
4.83836186961537e+02
4.18873610441865e+02
3.07694836756757e+02
5.58314311531053e+02
4.49009673736337e+02
4.40103543129219e+02
4.32572440106298e+02
3.57602825303554e+02
3.13635724886694e+02
1.94834839368113e+02
2.84555290123831e+02
3.87869409433083e+02
3.24698253432644e+02
2.20541431985220e+02
2.05916224632738e+02
3.31052073780933e+02
3.26391006168036e+02
3.18644613100849e+02
3.20170757816015e+02
3.60371635057740e+02
2.37386721515390e+02
2.16003810020386e+02
3.55234685779588e+02
3.64007254252683e+02
3.35364332905742e+02
3.20119473264022e+02
3.65819508935041e+02
5.61957932357095e+02
6.04643628624072e+02
4.72689904236894e+02
6.87576981824630e+02
6.15973725441043e+02
5.38142259744663e+02
3.92447016406845e+02
7.59706110923536e+02
5.72976203205160e+02
6.46615239526875e+02
6.31453888288798e+02
4.70754589854871e+02
4.14248332101174e+02
2.44444210354254e+02
5.11295369057790e+02
5.09660390352888e+02
5.11573929134497e+02
4.32764410884737e+02
3.92845819369623e+02
2.24165437563564e+02
3.61595293264446e+02
3.18101658585234e+02
2.39180114679316e+02
2.12608981327289e+02
3.51998364174752e+02
3.69740236807920e+02
3.28512036202784e+02
2.90785410722424e+02
2.57778444945891e+02
2.69067714812604e+02
2.05892614770766e+02
3.43451019753462e+02
3.70433413657008e+02
3.32197243828163e+02
2.96175789030763e+02
2.50065711092162e+02
2.78789789343116e+02
3.73495111917990e+02
5.42060507444542e+02
6.32830472807541e+02
4.59402506576586e+02
5.96852738634812e+02
6.55529223715280e+02
4.93990722979528e+02
3.82475332262328e+02
6.56425767226705e+02
5.84562900052493e+02
6.87239141482469e+02
5.36427645508433e+02
4.97879040121006e+02
4.05956829319898e+02
3.19323972315878e+02
4.73641189734921e+02
4.84298467983116e+02
4.18963056219381e+02
3.93622561182586e+02
2.18245045931865e+02
3.60450067306325e+02
3.12173878544061e+02
2.69744939425952e+02
3.42008752691942e+02
3.75393188462246e+02
3.38662810577814e+02
3.03414414618737e+02
2.48709122930413e+02
2.77550119058075e+02
3.32082702051927e+02
3.31723610404567e+02
4.44479753306982e+02
4.02490380227325e+02
3.61184908980249e+02
2.88658574021967e+02
3.15197309757291e+02
3.48432704943598e+02
3.11528341947016e+02
3.28115807033823e+02
6.15024595439214e+02
5.18759330788050e+02
6.20463529974614e+02
6.31666899572219e+02
4.44232304031119e+02
5.85672767047946e+02
6.51217244972358e+02
5.02161645849366e+02
3.15374158467755e+02
7.19383206165927e+02
5.42802241035279e+02
6.19762847429831e+02
6.25199596426540e+02
4.87801825630118e+02
4.66019521376075e+02
2.99213099868779e+02
3.43368505908984e+02
5.34274088856708e+02
4.70387690552800e+02
4.54258280917558e+02
2.48893217783613e+02
4.13257728675856e+02
3.70681521768610e+02
3.00882471298709e+02
3.18050649018935e+02
3.80026967392198e+02
3.45146225993192e+02
2.76202966617154e+02
3.02757890791105e+02
3.31926208669076e+02
2.95529260647486e+02
2.85599533142958e+02
2.90771536074667e+02
4.54333996931159e+02
3.65156411118592e+02
4.01516368327768e+02
4.38120719495558e+02
3.88284881637615e+02
3.49570242474470e+02
2.99347188606426e+02
3.58077088835244e+02
6.23693413404700e+02
5.14857587523110e+02
6.09695180850850e+02
5.98310405240675e+02
4.54770260463143e+02
6.70321547793427e+02
6.07366889104701e+02
5.76270534736480e+02
4.89580266398151e+02
3.56737900713797e+02
6.60404538226957e+02
5.87149963709485e+02
7.00650409513481e+02
5.63791860041864e+02
5.46400228363189e+02
4.85374193188749e+02
3.73810320468125e+02
3.45679249427649e+02
5.28298911902155e+02
5.23138097906628e+02
2.89504391690383e+02
4.89218226985708e+02
4.60161606974041e+02
3.82485899822195e+02
4.10045525387163e+02
3.23212935504944e+02
3.51231869036115e+02
3.93185943486659e+02
4.38694332409844e+02
4.02280598788093e+02
3.74601305893964e+02
3.34370847200864e+02
3.56691217671698e+02
2.90314509629864e+02
2.38186091509828e+02
2.67379225524990e+02
2.50782171219568e+02
2.42185964998321e+02
2.31313732925234e+02
2.67899912342986e+02
2.57861674847807e+02
2.72192760743850e+02
6.26334104306818e+02
4.85486968221952e+02
5.78708874648331e+02
5.27487975161928e+02
3.55743708672514e+02
5.66807743583479e+02
6.29931176836033e+02
5.10676577279056e+02
4.68988780399027e+02
3.66926821673188e+02
5.11945081813524e+02
5.82024843803416e+02
5.94241295988090e+02
4.72398593231917e+02
4.72206295610162e+02
3.27955521354446e+02
4.01942483902693e+02
3.55321181610209e+02
3.29889923677093e+02
1.77262015538052e+02
2.87045489876686e+02
2.72722312487287e+02
2.26107867169954e+02
2.50023661828722e+02
2.26818161670820e+02
2.51824972022144e+02
2.51508685529739e+02
2.31022642686173e+02
2.19278626491877e+02
2.09670705985545e+02
2.39054583427141e+02
2.27599340496849e+02
2.71908411528817e+02
3.11511294491504e+02
2.47154774266611e+02
2.27618826599294e+02
2.12612182786777e+02
2.28522648863645e+02
1.94612953381510e+02
2.24317019194160e+02
2.37812520354711e+02
2.59871352772773e+02
6.07295555463950e+02
4.59647417793876e+02
6.22100608532745e+02
5.18027444051350e+02
3.80984984465681e+02
5.58486101567392e+02
6.21566464304926e+02
4.95600447520100e+02
3.59742890562318e+02
3.55908859960550e+02
5.15659201960028e+02
5.97630617367055e+02
4.69991195236171e+02
4.41908238301238e+02
3.93405860492354e+02
2.76915411723092e+02
2.67463577853109e+02
2.38038844403942e+02
2.46370258117579e+02
3.77441863494486e+02
3.53374664765660e+02
2.76739371971665e+02
2.78959862267730e+02
2.34738317431292e+02
2.20246293706477e+02
2.42459688751500e+02
2.68006214901550e+02
2.52143875219494e+02
2.70529744566103e+02
2.23781171941797e+02
2.58189696467966e+02
2.64458112809631e+02
2.73984917216051e+02
2.87801385785182e+02
2.03607093089555e+02
2.18395101955653e+02
1.77559364513581e+02
2.05402712469288e+02
2.06468708892836e+02
2.13198323169984e+02
2.35051254286692e+02
2.16514551340746e+02
5.83808558569732e+02
3.95211627456393e+02
6.19483861558291e+02
6.20965745949717e+02
4.84244588757453e+02
3.72985890479274e+02
6.64135222257380e+02
5.66881995873106e+02
5.27371156801779e+02
4.41847156224711e+02
3.14714173644503e+02
2.68603236072618e+02
6.68099921325711e+02
6.67420265143505e+02
5.12919599413172e+02
4.98735491922156e+02
3.40995232287989e+02
3.62207230657288e+02
2.77376564575370e+02
2.22536530241224e+02
3.72561815452699e+02
3.53289481991027e+02
2.77031042195183e+02
2.75459327582235e+02
2.30586396363844e+02
2.12763485807835e+02
2.20858501565718e+02
2.41787570156341e+02
2.72313966241316e+02
2.17558686018972e+02
2.50129250896655e+02
2.44379559460595e+02
2.47960384367081e+02
2.85823624260919e+02
2.47292958742340e+02
2.95135317782367e+02
2.24471209696280e+02
2.55192699846112e+02
2.41967985370655e+02
2.40509532172930e+02
2.91186592177534e+02
2.65445155893581e+02
2.96732973101205e+02
3.28225627577844e+02
6.34109251766282e+02
5.68384837795308e+02
4.00584729393083e+02
6.06983496905577e+02
5.77859993912929e+02
4.59942217740710e+02
2.93266877332669e+02
6.84164981877816e+02
7.23441616204526e+02
5.69118740791592e+02
5.15978793373839e+02
3.55666692172834e+02
2.62788700174120e+02
7.57277349205003e+02
6.01708243492470e+02
5.70467142881673e+02
5.19317931211532e+02
3.53359883249473e+02
3.40663153103476e+02
2.67060764412571e+02
2.26785389645012e+02
4.46521608878031e+02
3.50069467686836e+02
3.41478934441499e+02
2.79722835330444e+02
2.52110831256873e+02
2.42885826051177e+02
2.62303000741451e+02
2.77778018332430e+02
2.50233114919399e+02
2.26766217931480e+02
2.14308932195155e+02
2.64940024904464e+02
2.48602701847682e+02
2.58018884928443e+02
2.84172297653595e+02
3.49569136316379e+02
2.63518739270213e+02
2.38002591776438e+02
2.96911083802106e+02
2.82598735365224e+02
2.64716610766609e+02
2.47575784859010e+02
2.99032077699954e+02
3.28844803504696e+02
6.65998266988583e+02
5.64289419087830e+02
3.68422759997859e+02
7.23110565396430e+02
6.45735580184134e+02
4.59571504884929e+02
3.40268638990165e+02
7.22597154267184e+02
7.94836434548363e+02
6.24687509250155e+02
4.62166656008098e+02
3.97418282623818e+02
2.65588520313223e+02
8.77079214245832e+02
6.86129102934171e+02
6.83880182947524e+02
4.85067972020732e+02
5.13826043734451e+02
3.90700145833363e+02
2.93497394708575e+02
2.68658436762230e+02
4.64242762657841e+02
4.53135323102010e+02
3.70253686387230e+02
3.32281979846130e+02
3.01513359866820e+02
2.94555024810321e+02
2.94367569198539e+02
2.92232731655495e+02
2.81887041046754e+02
3.59068339178276e+02
3.52066571273966e+02
3.24515187762443e+02
2.78931047188335e+02
3.29496106165972e+02
3.19493791216338e+02
3.29150774410516e+02
3.26195940175066e+02
3.30737900813119e+02
3.12832597939680e+02
2.70774604849332e+02
3.34470845570733e+02
3.33422815665951e+02
3.29215716905116e+02
3.91809237891419e+02
7.34847671471642e+02
5.85644391959177e+02
3.74813152033492e+02
7.58204676500859e+02
6.29872224401571e+02
4.57529380924190e+02
3.20494918657563e+02
8.96043310712219e+02
7.73240874657470e+02
7.43927158245836e+02
6.50074357109784e+02
4.82470526320562e+02
4.06852461277970e+02
2.76851521995325e+02
7.11952526281386e+02
6.92909440035603e+02
6.54587656075328e+02
4.56950270730385e+02
4.63977809394148e+02
3.69939850280558e+02
2.97798707542983e+02
2.93691027899196e+02
3.56297649127352e+02
2.99569824980759e+02
2.79964897271877e+02
2.65091570572897e+02
2.70777006347118e+02
3.02027379818414e+02
2.99012950925114e+02
3.24400862595339e+02
2.84322003813715e+02
2.75234920009076e+02
2.40561737978025e+02
3.07695381187498e+02
3.17250139164768e+02
3.09590008821165e+02
3.33003527672139e+02
7.06418036733866e+02
2.63734132976355e+02
2.29577429459328e+02
2.99532590381918e+02
3.15755354914577e+02
3.08425943587131e+02
3.13899451568328e+02
3.69563749198990e+02
4.05884836650893e+02
6.98233720485581e+02
5.60585542176412e+02
3.56002195267270e+02
7.31529282782424e+02
7.35079102047920e+02
5.92028212911223e+02
4.51958570474431e+02
3.04422554575671e+02
6.69264204534551e+02
7.26724241031359e+02
6.00624529285172e+02
5.84424136511445e+02
4.30044321074276e+02
3.44301065127989e+02
2.74566628945537e+02
4.60265632327385e+02
4.73544085584166e+02
3.50580217022436e+02
3.85574128419400e+02
3.12473223592663e+02
2.55107279128386e+02
2.42048349746029e+02
2.83930805132430e+02
2.24370788666991e+02
2.12749108752169e+02
2.03538573103577e+02
2.07957387289143e+02
2.50144164419127e+02
2.55388505133678e+02
3.01552143161531e+02
3.52993146899042e+02
1.96454165693063e+02
2.59702828679986e+02
2.81731605074002e+02
2.87670830103771e+02
3.13461013626535e+02
3.74448929722190e+02
3.71188944340636e+02
3.84501352504732e+02
2.80546496989918e+02
2.92296054058243e+02
2.92476549999492e+02
3.21251443023383e+02
3.84276998051314e+02
3.91946307171207e+02
4.32618848547974e+02
5.47192490137707e+02
7.26913312013000e+02
5.37993907307712e+02
3.73914161475597e+02
7.24124001605119e+02
7.24180885681748e+02
6.30307058913575e+02
4.36886317587153e+02
3.05517139536644e+02
6.26800826467206e+02
7.07417673073114e+02
5.78817569932135e+02
4.59055845393350e+02
4.17856589541024e+02
3.01871124411454e+02
2.74417650645483e+02
6.01654629808042e+02
5.75500105172060e+02
3.97887945453109e+02
4.10300139135604e+02
3.24632174537927e+02
2.62049568014804e+02
2.65127578123186e+02
2.86125558360319e+02
3.58653303145421e+02
3.20856928001655e+02
2.82492477042293e+02
3.33345326382428e+02
2.69330918283626e+02
2.87291503845920e+02
3.35211027078917e+02
3.84290299756735e+02
2.92040177884340e+02
2.70751006531423e+02
2.79149174658008e+02
3.00223156911622e+02
2.78634745694687e+02
3.02671221808027e+02
3.72587620801739e+02
3.40964450031607e+02
2.53388115776310e+02
2.56790171976586e+02
2.63923218434952e+02
2.32054097478802e+02
2.52419165795632e+02
3.28865762694057e+02
3.01559470977993e+02
3.35755786951548e+02
8.18950283338193e+02
7.62073113163932e+02
5.74282485014150e+02
3.77208001056487e+02
7.57137050885974e+02
7.16802698670456e+02
5.65804630772164e+02
4.57125790189382e+02
2.90689216037465e+02
9.21869530215228e+02
7.97245723745832e+02
7.85295660262282e+02
7.06005431614902e+02
5.40552765026556e+02
4.70770586088990e+02
3.20467704606950e+02
2.83626175026013e+02
8.79522627409185e+02
6.58107582515937e+02
7.01551007473376e+02
5.59252861569465e+02
4.30700049020519e+02
3.43679448597497e+02
3.27070832252272e+02
3.15219248228466e+02
4.45869972484978e+02
3.82728691959403e+02
4.62324426558569e+02
3.35458511445128e+02
3.10310404630781e+02
2.97325680361909e+02
2.63228137592648e+02
3.29264283939913e+02
3.55362275243720e+02
3.49484791507829e+02
2.86024800569173e+02
2.98730221282734e+02
3.93071022527426e+02
3.67560970653098e+02
5.07371762647655e+02
3.31432408107236e+02
2.42345905006545e+02
1.99448154920205e+02
2.12608478638800e+02
2.94640108567687e+02
3.02856333135898e+02
5.02452531653383e+02
4.33546107046103e+02
3.67773797621900e+02
7.27367351299843e+02
6.76896545503653e+02
5.13748480345922e+02
3.26503986457532e+02
7.65466021060584e+02
6.76087044515275e+02
5.35459949982983e+02
4.14204686476330e+02
2.98638705245357e+02
8.22748289018280e+02
9.00274068796716e+02
7.62941884628368e+02
7.66804887739561e+02
5.68082202074587e+02
4.64719279122693e+02
3.39719625106269e+02
2.98577208300202e+02
7.45828207803951e+02
5.28800478520239e+02
5.68608790027936e+02
4.65674835663927e+02
3.87298227409588e+02
3.69370719399449e+02
2.84451409393433e+02
2.50492617083157e+02
2.44246309134682e+02
3.09474113196295e+02
2.32009774223353e+02
2.21202590710012e+02
2.16238582164184e+02
1.84238361946569e+02
2.74321386897779e+02
4.54258781790251e+02
1.46486830943746e+02
1.54949850923029e+02
2.20066609198486e+02
2.41292599744996e+02
4.50297334271410e+02
4.60067724093632e+02
4.05752140067816e+02
3.74641718409407e+02
1.14465896138927e+02
1.46542716892979e+02
1.57589703278130e+02
3.05698813698532e+02
3.37505250165919e+02
2.84430827980454e+02
2.85990397756670e+02
2.83604672009116e+02
6.73443594395329e+02
5.99832392424173e+02
4.56182343036482e+02
2.97082470935703e+02
7.25477626563783e+02
7.50238479467349e+02
6.44800564601109e+02
5.32493863300434e+02
3.96012211147809e+02
3.01985690652692e+02
5.97081521272358e+02
6.95521824551056e+02
5.96056730839651e+02
5.05607956650346e+02
4.87731455743049e+02
3.78671323919563e+02
3.30924813879681e+02
2.56921557254832e+02
3.20302340806479e+02
3.58777043664731e+02
3.06375273198724e+02
2.57877076745082e+02
2.26657820965855e+02
2.37734714832200e+02
1.96302158149445e+02
2.11195636692234e+02
2.30279853024228e+02
1.74762667316950e+02
1.65682630886894e+02
1.54702454096249e+02
9.95165473703466e+01
1.28107724040001e+02
2.82585157940843e+02
2.60834220887705e+02
8.20021228181786e+01
8.93587987120885e+01
1.80900545274924e+02
2.12119741233709e+02
1.83598948771568e+02
2.02829841929927e+02
2.15147383164795e+02
2.13183806516439e+02
1.48233866670131e+02
3.06359337869824e+02
3.68733651722091e+02
3.09269403998480e+02
3.39684906918355e+02
3.23403760867268e+02
3.51692792574755e+02
3.12104812777667e+02
6.64747806167323e+02
6.01219950971953e+02
4.47707618181815e+02
3.24557463772230e+02
5.52683971751270e+02
5.82499424348912e+02
5.52101754096640e+02
4.23797095564147e+02
3.40030449859959e+02
2.75942283057234e+02
3.73010814531863e+02
3.85857882414019e+02
3.70348468670067e+02
3.09084723102578e+02
3.02087855035587e+02
2.40202821822050e+02
2.27328929596418e+02
1.72237764733386e+02
2.18564502706951e+02
2.48081514679607e+02
2.17650003512050e+02
1.98296902134059e+02
2.10059464923511e+02
1.74790903237587e+02
1.25716888135223e+02
2.42818170971080e+02
1.88390521772189e+02
1.82899330213470e+02
1.74200019755417e+02
1.05951604777056e+02
1.28265531685592e+02
3.14144181951689e+02
3.07540195998795e+02
3.38286205285211e+02
2.35774319981543e+02
2.92452998180687e+02
2.49896553172697e+02
2.85097806572297e+02
2.80490311527627e+02
3.44570324886735e+02
4.31209487589243e+02
2.23563778858692e+02
1.26791342094325e+02
1.10647761294130e+02
1.30889286475195e+02
1.34700179117132e+02
1.82860641333431e+02
2.77586008203369e+02
1.64305245014430e+02
2.60649883983772e+02
5.14716865518558e+02
4.40773943298039e+02
3.73006821583750e+02
2.83447364645032e+02
3.21363475075729e+02
3.28063726379847e+02
2.90760073829733e+02
2.73172087384129e+02
2.08703971064767e+02
1.93265880779673e+02
2.58302209375065e+02
2.30454886301902e+02
2.48109212360503e+02
2.00503652394562e+02
1.87162715812186e+02
1.63516431783536e+02
1.66720612850110e+02
1.15074509033176e+02
1.79368275376579e+02
1.60111982768459e+02
1.42554389514453e+02
1.34316213466356e+02
1.54396106915666e+02
1.31718366440894e+02
9.14319271282195e+01
2.50886299089220e+02
5.84778924519139e+01
5.64497012546840e+01
3.39179790110001e+01
4.06967566533844e+01
1.07948721789591e+02
1.16441624425759e+02
1.62661183473645e+02
2.06032265622166e+02
9.54318244304341e+01
1.15154689463926e+02
1.20987770376020e+02
1.74964650114320e+02
2.98939362065756e+02
1.93907842734406e+02
4.09756315073725e+02
2.83232808313941e+02
9.20697359571803e+01
9.30625764433651e+01
1.37011327399944e+02
2.51360047759563e+02
1.73597990515909e+02
4.26391103843421e+02
3.90838666102427e+02
1.71695087984558e+02
3.18274251036969e+02
3.20496966112983e+02
2.80030445686080e+02
2.33934624079386e+02
1.94549834872756e+02
2.48408894055791e+02
2.35191494469544e+02
2.07262608687448e+02
1.88787987994322e+02
1.69636569875970e+02
1.21932791999583e+02
2.22210359119887e+02
1.94853669113203e+02
1.72285516659937e+02
1.72781622392277e+02
1.45213865509567e+02
1.43307391946635e+02
1.24268054025257e+02
1.60052188055064e+02
1.20750813646957e+02
1.01286677889750e+02
8.83133732942867e+01
8.85670150269072e+01
7.44250710655732e+01
5.10325354662059e+01
7.79571820110267e+01
1.35743639400731e+02
8.49995539350299e+01
4.37936462837388e+01
3.68878599633273e+01
8.45546503494355e+01
8.56672984008977e+01
1.09741980836957e+02
1.87937006820519e+02
4.03097586350155e+02
7.56600569836703e+01
1.04949470639760e+02
2.00464025158677e+02
1.42771907519959e+02
3.93175334202880e+02
4.15177728775162e+02
1.95748018908766e+02
5.50495794035735e+01
1.30927947155475e+02
2.40530548265836e+02
1.70331198302058e+02
4.86031131196458e+02
5.48067043234597e+02
2.64063091659020e+02
2.67439727334556e+02
1.84760379846768e+02
3.19646123019879e+02
3.12581981982235e+02
2.62663991396750e+02
2.01336861463158e+02
1.64534883197793e+02
3.38225120850359e+02
3.42119121448244e+02
2.99478094069595e+02
2.54951240224082e+02
2.02791974823403e+02
1.73408238594303e+02
1.03483905010645e+02
3.45179243858050e+02
3.21782007192919e+02
2.58547180474066e+02
2.38202635874038e+02
1.74681107705672e+02
1.52415812082281e+02
9.51030290446766e+01
1.02173048283659e+02
3.28857354957360e+02
2.62824785096894e+02
2.17539089984391e+02
2.27896085418815e+02
1.73209941172070e+02
6.63935212955864e+01
1.10877463486672e+02
1.58797778231206e+02
1.33483750653317e+02
8.87304168449940e+01
1.67985687435603e+02
1.42561370040775e+02
9.64290513552174e+01
1.52674696861560e+02
4.18971675818974e+02
2.33053977727221e+02
1.05388992258709e+02
7.48694900628939e+01
2.16963964529671e+02
2.60335764117799e+02
1.36522153472356e+02
1.66075599808653e+02
1.93817039980149e+02
1.18131075050453e+02
8.56416887456832e+01
2.37604750928044e+02
2.94390673529178e+02
1.61900521881752e+02
2.15000972154644e+02
2.98580692149333e+02
3.10016065253388e+02
3.30275124702097e+02
3.60513682038927e+02
3.30262893892552e+02
2.66645813511604e+02
1.93311853555476e+02
1.39096797483350e+02
3.79438558101975e+02
3.85159394020115e+02
3.58739541765792e+02
2.63784285016877e+02
2.04163370614323e+02
1.59703618663498e+02
9.10164121950617e+01
4.65928262226613e+02
4.83538370171566e+02
3.60724251993428e+02
3.11398095854391e+02
2.36696748074161e+02
2.18467306895869e+02
9.21792911858874e+01
1.01326648311714e+02
4.03178821506462e+02
3.43882385190904e+02
3.28360935818905e+02
2.72158861796182e+02
1.72998573660370e+02
1.19690071715629e+02
9.40109090083748e+01
2.83399186776923e+02
6.21585277404187e+01
1.14605118548074e+02
9.54040326798395e+01
5.07838744786368e+01
7.26567873802946e+01
2.20256394325191e+02
1.62468007176313e+02
2.91198120015633e+02
1.20065364635147e+02
1.60551703833857e+02
7.72321143245175e+01
1.22520541391091e+02
2.10722215098422e+02
2.75336592090975e+02
4.30652239831921e+02
8.38144708613278e+02
2.86449123745454e+02
1.62835491112427e+02
2.58452596145594e+02
4.59747358740530e+02
6.69681932633210e+02
1.16331705720753e+03
5.74257853106917e+02
1.48641180539610e+03
4.05810708868059e+02
3.67251139009102e+02
2.71212632429380e+02
1.96471524199644e+02
9.41473300615360e+01
4.89532007010109e+02
4.82772388104242e+02
4.18683257730697e+02
3.62328050063198e+02
2.47114648756535e+02
2.08014176357805e+02
9.86453174386846e+01
5.60939535706948e+02
4.90415300855579e+02
4.64113760723756e+02
3.62511907273982e+02
3.13424255516986e+02
2.49556116192329e+02
1.14504675567766e+02
1.04825526674572e+02
2.84156580005120e+02
2.41370149675099e+02
2.62129303016705e+02
2.07471552373768e+02
7.55171800428863e+01
1.04385782096716e+02
6.28386624644529e+01
1.84291398658871e+02
1.18266170801163e+02
9.95224122726189e+01
4.64637346659075e+01
6.32744250809780e+01
2.11604919774828e+02
1.88895747013789e+02
5.33559455531635e+02
7.31807910336834e+02
1.03135088203017e+02
1.69269011476275e+02
3.16723498154855e+02
5.01138745069995e+02
9.88678883703781e+02
5.72915783983501e+02
7.98072250369782e+02
6.11902026161527e+02
8.50699520538744e+01
1.74126653422861e+02
2.97824179368080e+02
6.50276797768582e+02
4.16488890054631e+02
5.57629728650627e+02
4.87234142369939e+02
9.37953582341421e+02
4.48263956127427e+02
3.82440844868412e+02
3.07900684859208e+02
2.20939325532773e+02
1.06076458438623e+02
5.28252076086869e+02
4.89508776531466e+02
4.20157596938828e+02
3.57047713819373e+02
2.79013984186242e+02
1.82868499249420e+02
8.70197092432890e+01
3.72262937631742e+02
3.08907708670376e+02
2.95279518228007e+02
2.25396167119691e+02
2.05756639212116e+02
1.36637047386756e+02
8.12411464487232e+01
1.27855949920986e+02
1.79853209400890e+02
1.76880532998853e+02
1.52366549166249e+02
1.00502616546422e+02
6.62465727174292e+01
4.60150236954894e+01
1.13361654698512e+02
3.56943751456502e+02
2.14213480228527e+01
8.85033779714346e+00
1.37003860595838e+01
5.80746013525750e+01
5.82267691769209e+01
2.12081646378844e+02
4.42934404631057e+02
4.67035470332643e+02
1.07773974263260e+02
1.89514374653519e+02
4.30409055188849e+02
2.91066855727437e+02
3.87499509495956e+02
3.64697605454281e+02
6.90809964612849e+02
6.74170878026010e+02
8.67496544755839e+01
2.05389043594897e+02
1.41142154950981e+02
1.95379692759207e+02
2.01652103719502e+02
4.38317151908674e+02
4.40107832509753e+02
3.61073974383002e+02
4.55521567521576e+02
4.41776421061243e+02
3.80545396517380e+02
3.00040998452214e+02
2.26875633960982e+02
1.04321560330260e+02
3.32688061542701e+02
3.36671229332323e+02
3.00648915307576e+02
2.61694705212649e+02
2.10611524517169e+02
1.76009051444170e+02
8.90232127537347e+01
5.58032331811813e+01
2.25477653470546e+02
1.73957653791594e+02
1.57608255075951e+02
1.26569338435754e+02
1.26919314988243e+02
5.66561481392301e+01
4.21074413684191e+01
1.10863642678149e+02
3.15675417294246e+01
3.57067885000144e+01
2.92517438913423e+01
1.01372140397735e+01
1.56659982314329e+01
8.40836606520549e+00
4.21785084945616e+01
3.00864714090241e+02
2.70305600498339e+00
3.97137478589679e+00
1.61527342185446e+01
1.76862141728506e+01
7.03066431618920e+01
1.67760962637821e+02
1.97097375041655e+02
4.38299482014967e+02
2.12536662792851e+02
1.41508384512987e+02
1.89540777015211e+02
1.95912618997648e+02
4.48013170436359e+02
4.29291275971017e+02
4.19781648396648e+02
4.22375146817240e+02
