1.00700053799196e+03
7.86482281317137e+02
5.87862697798241e+02
7.37599335395666e+02
6.87804793077045e+02
6.00125208906936e+02
7.09667981728870e+02
7.09841398010333e+02
7.40050872387303e+02
7.96036463408618e+02
8.07596849501113e+02
7.89826136640181e+02
8.69082637041804e+02
1.00095037163713e+03
1.06277926080919e+03
9.49944582259265e+02
8.36621110329171e+02
1.05979841412511e+03
7.62687807366577e+02
8.65344867655603e+02
1.03188383683270e+03
1.12121940996021e+03
1.03948206538369e+03
8.08807609991283e+02
6.69176886528140e+02
7.78865823438211e+02
9.58108712464179e+02
1.07586980708593e+03
1.05586400894763e+03
8.96249372022208e+02
7.53471296058366e+02
6.44015175732350e+02
9.21522972212106e+02
8.75963162996946e+02
4.58307572771196e+02
5.41303464701394e+02
6.76067719473388e+02
7.70757972718180e+02
7.81879600772077e+02
7.04533496433801e+02
6.72196817055865e+02
6.71454145922879e+02
5.82180629260602e+02
7.39014402222163e+02
8.59943109292498e+02
9.06686060391669e+02
8.71760150039437e+02
9.28913982276572e+02
1.08179012642503e+03
8.18211723870946e+02
7.57362805407729e+02
4.20422726467920e+02
6.38732093598460e+02
7.22725234357536e+02
9.19466443826337e+02
3.46730749404267e+02
4.10668501143622e+02
4.47563225821134e+02
4.53245698807631e+02
5.26841983272968e+02
6.92612055690085e+02
6.61782473398140e+02
7.30372948883609e+02
2.83905003525012e+02
3.12179304641696e+02
3.23351777649272e+02
3.93489430798886e+02
5.50123580149375e+02
5.88758542917927e+02
7.41301249292318e+02
1.16870467636056e+03
5.73843102652310e+02
1.51622143945538e+02
2.16757363214447e+02
2.57033831296110e+02
4.00949667919238e+02
5.93016842985115e+02
1.62084126024569e+02
1.62632409178557e+02
1.95335781359780e+02
2.69835804131225e+02
2.95359590208173e+02
3.72557571486658e+02
6.10602338395581e+02
8.86664937789064e+02
1.21440520474302e+02
1.41355973184216e+02
1.87567542616534e+02
2.02070425342128e+02
2.43775844527920e+02
3.88807310610092e+02
5.49348850177500e+02
8.56224340456935e+02
1.65685704972923e+02
2.95379528418774e+02
1.00654895802752e+02
1.13899579345509e+02
1.13221859777062e+02
1.51803832927049e+02
2.02981313421998e+02
4.46025287136661e+02
1.09953097095817e+02
1.40717039007876e+02
1.48421563609153e+02
1.69983512077929e+02
2.59563025220873e+02
3.40942276886160e+02
5.44655068559827e+02
7.60647422053510e+02
1.14133712096304e+02
1.18580787088979e+02
1.30342491567307e+02
1.91283576156518e+02
2.29481213655473e+02
3.63906180099728e+02
5.44369438047897e+02
5.42860965786887e+02
1.72321456191155e+02
1.00141991844792e+02
1.60473563174505e+02
8.26645242575207e+01
8.58978396201405e+01
7.90031364200671e+01
9.64582908806043e+01
1.15226727882693e+02
1.93930843448662e+02
4.46232287645272e+02
9.68352959497410e+01
1.03424014653038e+02
1.48014025265888e+02
1.63815173810297e+02
2.50982516936807e+02
3.82026010564325e+02
4.17956914120789e+02
3.06507599430915e+02
1.06340071931822e+02
1.49972186819722e+02
1.58562547857741e+02
2.38759130328804e+02
3.66159233940315e+02
4.23298988129697e+02
3.46172832747230e+02
2.35874870266810e+02
1.10422999126910e+02
8.57302663737068e+01
8.83387001959718e+01
1.63619787505784e+02
8.70992446097778e+01
8.70299096374180e+01
7.76783315085418e+01
9.21530044990094e+01
1.05516324880045e+02
1.54956642074309e+02
3.15565949042740e+02
3.79835531085715e+02
1.52331768572757e+02
1.56156232605881e+02
2.33297898678261e+02
3.61939559154699e+02
4.39161929536828e+02
3.88223540486311e+02
3.05859798020287e+02
2.08830208003593e+02
1.51603876860044e+02
2.23311419991549e+02
3.47305051102891e+02
4.36123112146053e+02
4.07134244589863e+02
3.48117706680203e+02
2.76710361976246e+02
2.37292108472751e+02
9.95804116765024e+01
8.24653719722724e+01
1.00466786814183e+02
2.56195595194545e+02
9.13920966695213e+01
8.03161625188300e+01
9.39595064908956e+01
1.05151464760624e+02
1.44653113034823e+02
2.77996120111421e+02
4.01917918343041e+02
2.98941818586654e+02
1.90929539561916e+02
2.95789284595567e+02
3.80321259984622e+02
3.69367359211883e+02
3.34021826259670e+02
2.88898358712919e+02
2.89885263187752e+02
2.52717865856039e+02
2.93547653998290e+02
3.82353806939667e+02
3.80751657606900e+02
3.56952728844284e+02
3.24661446286124e+02
3.49472805271338e+02
3.40534215123426e+02
2.78805155208423e+02
8.66059943174726e+01
8.16879010214671e+01
1.24906584929630e+02
8.69498152021738e+01
8.30822932007641e+01
1.22472957998980e+02
3.36391676655089e+02
6.91507834686883e+01
8.03591292636575e+01
8.85616482679390e+01
1.15976603358311e+02
2.04978492349875e+02
3.18551796454923e+02
2.89262541313956e+02
3.12036586370126e+02
2.22688845741842e+02
2.26474885882019e+02
2.17463038487487e+02
2.04520048693583e+02
2.31497373362687e+02
2.44122513968067e+02
2.29491357200489e+02
1.63524947412356e+02
1.73383958375930e+02
1.66960529632734e+02
1.58241156244824e+02
1.82292716042959e+02
1.98904562210334e+02
1.98750574571897e+02
1.53817779202328e+02
1.26633657224663e+02
8.91493125301854e+01
7.95911480461306e+01
1.77294550119755e+02
6.87299101791133e+01
7.90615472239561e+01
1.47101253949601e+02
2.60097028394058e+02
6.78160154028001e+01
7.18940027951318e+01
8.57603978031599e+01
1.22686506726124e+02
1.80737856190766e+02
1.69142591258448e+02
2.03253850036885e+02
1.80053779796329e+02
1.85558398167882e+02
1.76403161689928e+02
2.05498852768629e+02
2.29599215067019e+02
2.39875168860211e+02
1.96751598504515e+02
1.72235387180912e+02
1.10626513207829e+02
1.58786763861969e+02
1.83779927391133e+02
2.06393928075444e+02
2.20071479118837e+02
1.85762196932852e+02
1.67134809301267e+02
1.03211499250805e+02
1.15876523454890e+02
1.04575394982599e+02
8.16705064840916e+01
2.00071769500706e+02
8.58721313396846e+01
7.85054161480798e+01
9.56835284263910e+01
1.63863924092323e+02
1.95561872308503e+02
1.09775435039668e+02
1.22810907126040e+02
1.48511257669924e+02
1.96123734006597e+02
1.75448570649121e+02
2.10828203834891e+02
2.14116985145087e+02
1.32896063197057e+02
2.13916758009143e+02
2.41116175675357e+02
2.61720435499402e+02
2.27307412229416e+02
2.12240142192853e+02
1.32864760925174e+02
1.43253958710592e+02
1.40627744428853e+02
1.97577724465104e+02
2.17956147687686e+02
1.94763688667298e+02
1.89303193223210e+02
1.23271645795612e+02
1.37276556484078e+02
1.47608499331332e+02
1.45578090779547e+02
8.82936330189574e+01
1.26185470234784e+02
8.25827308727215e+01
9.62832247022030e+01
1.63060367052320e+02
9.26842686747407e+01
1.04488544097323e+02
1.31479449788477e+02
1.68069322364012e+02
2.00272913121122e+02
1.15447047984129e+02
1.29120254829744e+02
1.59113539047398e+02
1.36528737819423e+02
1.60756112286687e+02
1.76439542107416e+02
1.31279458969603e+02
1.34785341884764e+02
1.43464970199708e+02
1.30339481877021e+02
1.30116358913627e+02
8.72922366902010e+01
1.00475492232972e+02
1.17085762342457e+02
1.24906567241174e+02
1.29789555280664e+02
7.81381176918420e+01
7.83294745691850e+01
5.26556831747402e+01
6.05256395653054e+01
7.28610152966574e+01
7.85483637973685e+01
8.30229649812063e+01
5.96032928672084e+01
9.12946964716193e+01
8.08796994852129e+01
1.33164905516374e+02
8.81621253845894e+01
1.16170750048353e+02
1.65523248409951e+02
8.35599590213586e+01
7.92635168199156e+01
9.72453752162677e+01
1.24127475479231e+02
1.25794625040215e+02
1.23641221672811e+02
8.36721195960749e+01
9.48132493999917e+01
7.48374124946281e+01
7.89312072392126e+01
8.37515993221699e+01
6.47712837160299e+01
7.04665069517704e+01
8.55589690149686e+01
8.34657525938013e+01
5.62115012213922e+01
6.47075547503721e+01
8.01667313490544e+01
8.86353387813455e+01
9.77612653901953e+01
7.15518976974690e+01
4.59132155994806e+01
6.13103846548623e+01
7.06451937825036e+01
8.95129646288128e+01
1.01318187902948e+02
1.16423066195067e+02
8.88587950278139e+01
5.86162894034778e+01
3.99839501614621e+01
1.02108680943316e+02
9.11498123012437e+01
1.38039373079612e+02
8.48055241371176e+01
1.17580980791714e+02
1.30958346150199e+02
6.87671795838891e+01
8.00572346403032e+01
9.38048025346258e+01
9.15780605867129e+01
8.70144574089527e+01
7.22267005731107e+01
1.24217578891279e+02
9.48209346756363e+01
9.44106500065974e+01
9.67751336247536e+01
7.51954976036447e+01
8.31423317873020e+01
1.13925349776918e+02
7.00663050321348e+01
7.27845949277477e+01
9.33642356698220e+01
1.06989892307002e+02
1.26214234895054e+02
9.90897485510666e+01
6.67645470324472e+01
4.56531780945021e+01
3.90246219984412e+01
9.96389339078024e+01
1.15351937726456e+02
1.39186761413276e+02
1.12395134237813e+02
7.81643562336084e+01
5.53536776010259e+01
5.00880210743043e+01
4.16628286093669e+01
1.27047918697751e+02
9.46664686954030e+01
1.20694644715722e+02
7.64179069841743e+01
9.35412217683500e+01
9.99503394956854e+01
7.93353943861839e+01
9.17038356827498e+01
8.93966477796672e+01
1.12706904247420e+02
1.27939209801516e+02
9.94790504198436e+01
8.51543193834307e+01
1.07146050308523e+02
1.10059442274612e+02
1.04772295994099e+02
1.03342795139543e+02
7.89942121779806e+01
8.56916680068418e+01
1.24341989401697e+02
8.82789243663918e+01
5.15812575663189e+01
1.02704191890906e+02
1.25804560027018e+02
1.03661441513184e+02
7.37127237892001e+01
5.34994546705441e+01
5.05060077469917e+01
4.31899834299315e+01
3.81363965712766e+01
1.08491107280001e+02
9.06510787279964e+01
6.54785895619946e+01
4.84209726426901e+01
4.74032802809539e+01
4.23202682547364e+01
3.84540344845213e+01
3.20393089229049e+01
1.15707501978922e+02
1.02095729836540e+02
9.43509362512739e+01
9.24870103458859e+01
1.20645583971929e+02
1.08612109983468e+02
8.36259282363953e+01
9.34143887391581e+01
1.13327448256640e+02
1.35008635966528e+02
1.26446410271360e+02
1.02537426012213e+02
7.99819312715629e+01
9.61535292032406e+01
1.03745249850187e+02
9.83214827826641e+01
7.28833998706833e+01
7.53291626918620e+01
1.10514509210186e+02
8.38558875046754e+01
5.35883730509480e+01
4.46542477416032e+01
1.14982520859990e+02
8.40494735274178e+01
6.31638634046787e+01
6.36670573481599e+01
5.89626249122470e+01
5.54535350866152e+01
4.80165105843982e+01
3.56036927627979e+01
8.32246695553626e+01
6.33814052485446e+01
6.54585266338191e+01
6.26047796019515e+01
6.09183818179168e+01
5.51896507814250e+01
4.27166578921552e+01
3.32205276809192e+01
9.21242776379680e+01
1.04783315097917e+02
9.94791119265467e+01
1.35263329352801e+02
9.27958477280373e+01
1.15035568173343e+02
1.52876591819069e+02
1.11044391251519e+02
1.04007948024665e+02
1.14636036318608e+02
1.14112768128558e+02
1.48402224214326e+02
1.68481852977611e+02
1.21957471800697e+02
9.24348658389510e+01
1.05820148376718e+02
6.89352705008381e+01
1.26813440876719e+02
9.24178630507120e+01
9.22933777025140e+01
1.36057886402877e+02
1.07582260940303e+02
7.33479695840027e+01
7.07579858204155e+01
5.34502418265668e+01
8.34862167918008e+01
8.78842065096879e+01
8.61883132645721e+01
8.62144424462886e+01
8.09247582403861e+01
6.46093308241634e+01
5.07687140743263e+01
5.05040243495690e+01
9.71645966159821e+01
9.74644547645717e+01
1.00042032695628e+02
9.72062873938764e+01
8.05300564418409e+01
6.49645808164471e+01
6.67727133644808e+01
5.76273208328534e+01
1.21043219630296e+02
1.18264100229844e+02
1.23098800892721e+02
1.53443435239565e+02
9.37450350971681e+01
1.19988635188843e+02
1.56894837042703e+02
1.67539040484656e+02
1.05851281176247e+02
1.02107543138973e+02
1.33107196746269e+02
1.66350951167073e+02
2.02090422381241e+02
1.89297398407560e+02
1.40575418680944e+02
9.63290165124185e+01
1.20951424151360e+02
7.61453702735684e+01
1.04497304437033e+02
9.96132093136903e+01
1.44701485675119e+02
1.16371785668135e+02
8.23857563696739e+01
8.77135860605860e+01
7.86366652725803e+01
6.18785734019090e+01
7.01537838732326e+01
7.30039247958186e+01
7.24226658821749e+01
6.15048259201833e+01
5.04467469918270e+01
5.25005716634353e+01
4.35028873673093e+01
6.37057863633879e+01
6.65613780004820e+01
6.68235843742941e+01
5.76313078458135e+01
4.79001260404091e+01
5.05411183147586e+01
4.03311348537969e+01
4.89479662797990e+01
9.21211766694531e+01
1.50162492577627e+02
1.13105269855135e+02
1.54623550278692e+02
1.59878353639085e+02
1.07031518208008e+02
1.44895550667987e+02
2.00600994438169e+02
1.74706284894880e+02
1.04184877660974e+02
9.32370160940991e+01
1.53423240260147e+02
2.05278893550650e+02
2.37184599936667e+02
1.68828212859452e+02
1.19044029294718e+02
1.16498921864135e+02
8.57986539907411e+01
7.59848175856965e+01
8.41043317780780e+01
1.14537013516673e+02
8.85914601664322e+01
6.08189354446034e+01
6.65521310757761e+01
6.33774892840639e+01
5.22625055833558e+01
4.82090318458089e+01
7.12829612998544e+01
6.28100594605754e+01
5.36183384172153e+01
5.87429423510391e+01
4.81860777914746e+01
5.45454455404967e+01
8.31313067731464e+01
1.38579826685104e+02
5.80168719446912e+01
5.05012752106896e+01
5.69773604055816e+01
4.80960927207138e+01
5.35670429469004e+01
6.54682012629248e+01
9.18307765939132e+01
1.39051138784948e+02
1.85835936612116e+02
1.05484859041670e+02
1.95973635230642e+02
1.62608169452439e+02
1.07653336349673e+02
1.66442715410276e+02
2.32481716404441e+02
1.58477104550173e+02
1.09567844447706e+02
7.95760321292007e+01
1.80528862894288e+02
2.24270982838697e+02
2.12404776093306e+02
1.49863473918301e+02
8.92828343576209e+01
9.63859572904526e+01
6.28397108077072e+01
5.65120000204418e+01
1.09743975815993e+02
8.32672379714145e+01
5.60894092973409e+01
6.28309282592489e+01
6.29398088952922e+01
5.68150232955644e+01
5.46451019480383e+01
8.27549047054666e+01
5.56434593350443e+01
6.42993232344890e+01
5.57797158170749e+01
6.31451254239243e+01
7.12550624715815e+01
8.27026999931799e+01
1.22934581908448e+02
1.55673308980170e+02
6.77539103217443e+01
5.96179394258628e+01
6.80855389066834e+01
7.35503639506045e+01
7.26905155450045e+01
8.92771713726802e+01
1.00480858540995e+02
1.49851378428519e+02
2.07295333641475e+02
1.18814518283339e+02
1.54738304813257e+02
2.30376695799758e+02
1.40240227491782e+02
8.90498917461046e+01
1.46847490341480e+02
2.02217824091894e+02
2.25805004276004e+02
1.32044020706139e+02
9.42650646799739e+01
6.26907723876499e+01
2.18871814135561e+02
2.58042513273056e+02
1.84257146269798e+02
1.24745731878731e+02
1.01382198787074e+02
6.76153908657695e+01
6.26934452157769e+01
5.65039001082602e+01
8.57111240352414e+01
5.56032442076928e+01
6.19523852165367e+01
6.25549317385798e+01
5.84367910857743e+01
6.00614018150989e+01
6.74479830580396e+01
8.76575120633521e+01
4.89708572965549e+01
5.64951776809233e+01
6.05178139657530e+01
5.65759965696287e+01
6.39785226373076e+01
6.57865420572849e+01
8.76341631817725e+01
2.08905354236048e+02
7.24729005333684e+01
7.72231395288899e+01
6.98905212571632e+01
7.58975541087216e+01
7.39937372161465e+01
8.21549771267718e+01
1.81228096865563e+02
4.77262211029271e+02
1.71445181571335e+02
2.14226038643797e+02
1.09919568087589e+02
1.76035549304153e+02
2.39974952958911e+02
1.21565169300264e+02
7.36943964868108e+01
1.68853648530377e+02
2.46506044787882e+02
2.21339322212332e+02
1.16453342102565e+02
8.03612006593857e+01
6.08684589729455e+01
2.77638784943193e+02
2.69183689520278e+02
1.89850249653652e+02
1.08185424727223e+02
1.05030676298714e+02
6.19039439553702e+01
6.19503474746019e+01
6.70597938206297e+01
6.20331454588169e+01
6.80474472761354e+01
6.78043639809359e+01
6.34171593032474e+01
6.72242025625556e+01
7.25544090781091e+01
7.52809146186047e+01
1.48673274792964e+02
7.62344246513016e+01
6.94847851325001e+01
7.64780558008818e+01
7.61911278299107e+01
8.20697370901175e+01
1.68999354359249e+02
4.89916016443391e+02
6.05189948930095e+02
6.15035338207675e+01
6.68444533802677e+01
6.61206770769878e+01
6.67902776860694e+01
1.21260131370925e+02
3.35618953154025e+02
4.64585604830093e+02
5.54392886119438e+02
1.91777430102974e+02
1.98227250234887e+02
8.30503730897761e+01
2.03325507394856e+02
2.28208429395525e+02
1.16502680148787e+02
6.46898014201320e+01
1.91718372973416e+02
2.81663281227373e+02
1.95625783272378e+02
1.12574472989013e+02
6.68299204708395e+01
6.07512446110265e+01
3.03648267463021e+02
2.20827799637825e+02
1.50361496003776e+02
1.14800848267146e+02
7.20435249919137e+01
6.26494169355334e+01
6.13161298738020e+01
7.04721907990342e+01
5.41595314779520e+01
5.38077285633912e+01
5.04851727151112e+01
5.46762901935077e+01
5.90384520215949e+01
6.05090661040632e+01
9.00569178457012e+01
3.87860041073367e+02
5.13474746734844e+01
5.04321291122149e+01
4.89406874487318e+01
8.22172782427022e+01
2.18382211082768e+02
3.21431907442615e+02
4.37415095343328e+02
2.13624647774684e+02
7.17294805587781e+01
6.65323819047809e+01
1.01525317464937e+02
2.51223427012103e+02
3.77566813336661e+02
5.49601250385101e+02
3.12203849997886e+02
1.40478616408719e+02
2.24964984436596e+02
1.78241149735609e+02
7.58007647676690e+01
2.52873094850792e+02
2.21442894812248e+02
1.06779956028935e+02
6.07316494160359e+01
1.72618801237958e+02
2.47903792592590e+02
2.90762391960580e+02
1.73697744846596e+02
1.08587767665540e+02
6.27459604999803e+01
6.55411763407336e+01
2.77278436428548e+02
1.97665751473196e+02
1.12285026483762e+02
1.05794544904404e+02
5.83376827674690e+01
5.68383465954447e+01
6.12721234998388e+01
7.96901429098388e+01
6.94845361643234e+01
6.36870550995988e+01
6.80452254032022e+01
6.98970752307720e+01
6.59234367018741e+01
7.74858511115117e+01
2.92344163482003e+02
3.52207207682709e+02
4.86749534572582e+01
6.98939670677775e+01
1.64270700885314e+02
2.52180879390673e+02
3.90121615299408e+02
2.48431317688227e+02
1.38304857057720e+02
8.42947181635200e+01
7.13333431115693e+01
1.70076909023710e+02
2.67990013433812e+02
4.29807877286345e+02
2.89888815749323e+02
1.73217804561491e+02
1.15376332320094e+02
8.66838670909207e+01
2.90072323700410e+02
1.63712814776707e+02
7.40918034947967e+01
2.03281903840753e+02
3.24340842385544e+02
2.04576584621545e+02
9.63408299615599e+01
6.39501163349736e+01
2.09471518110279e+02
3.16846183149379e+02
2.94374129440003e+02
1.53399357536805e+02
9.49283022375214e+01
6.15871019033704e+01
6.24276443354103e+01
3.28649851341945e+02
2.21599705327278e+02
1.60394973093206e+02
9.61010814465443e+01
7.58129929626818e+01
6.86323234359040e+01
6.64362705884079e+01
2.11928003700559e+02
7.13928128215994e+01
7.34364923351332e+01
7.08976963970883e+01
6.14817289362608e+01
6.35459760871558e+01
2.20540196353834e+02
3.36050629952425e+02
1.43007454823081e+02
1.57116961276195e+02
2.45560368489027e+02
4.07180775231224e+02
2.94166339852925e+02
1.94871831950692e+02
1.49196612648041e+02
1.51079943616589e+02
7.93004760652524e+01
1.64354688952295e+02
2.78437909302719e+02
2.12327519865989e+02
1.52121119084825e+02
1.28957495240295e+02
1.54579484146313e+02
1.05954600837933e+02
2.13763630429994e+02
3.23921210597501e+02
1.62717759380651e+02
6.82539931951922e+01
2.38158090379585e+02
3.47543022289602e+02
1.79269278983866e+02
8.81749353626938e+01
6.29572662030558e+01
2.88591921400185e+02
4.35926374165504e+02
3.07759216003277e+02
1.67798066727341e+02
8.93400380674340e+01
6.99162206911879e+01
6.69206391682675e+01
3.24082113853960e+02
1.78983809915783e+02
1.61041189387862e+02
8.17249948040876e+01
7.30763666018696e+01
6.99507572782519e+01
5.81167627166883e+01
2.64475301201957e+02
6.91633847377355e+01
6.67423779778341e+01
5.61062396324886e+01
4.94394710468784e+01
1.26074862728944e+02
2.14461120880412e+02
1.30172209374397e+02
1.23632304469889e+02
2.09613563146312e+02
1.66019241613119e+02
1.25370711747799e+02
1.13371800344153e+02
1.50366819935531e+02
1.17169057569973e+02
2.73442515296625e+02
1.90383733559087e+02
9.32420262093862e+01
7.22097686297993e+01
6.74275984263155e+01
9.43965402745028e+01
7.87819882527257e+01
1.98268513235949e+02
1.61315724113137e+02
9.15443494804148e+01
2.31520059293354e+02
3.20963244599467e+02
1.40745786743561e+02
6.26284281061254e+01
3.06094436997690e+02
3.65161218178048e+02
1.80144737402122e+02
8.16503361162038e+01
6.39322154059495e+01
2.41189090098731e+02
3.53510136146704e+02
4.24863223317388e+02
2.54358531963907e+02
1.48749193419308e+02
7.53958612923857e+01
6.62492405224717e+01
1.10836919336608e+02
2.09545987880245e+02
1.51150471438315e+02
9.10702637694418e+01
7.06973377216885e+01
6.29599110818515e+01
5.57754236372331e+01
7.89312691508505e+01
1.27247918244602e+02
5.58286590393713e+01
4.59000436755654e+01
3.55735063131137e+01
5.42344859052704e+01
8.50575289523544e+01
5.84960037654168e+01
7.37642870260945e+01
1.55811908455619e+02
4.39681705365545e+01
4.12925763097926e+01
5.90052451569764e+01
5.06767189617423e+01
1.32067437106296e+02
1.12795639989222e+02
7.18785950252384e+01
6.48444443611048e+01
5.02499079301995e+01
7.19112333046048e+01
6.20138796111405e+01
1.60623775290151e+02
1.38231061402196e+02
9.00981620596607e+01
7.83176112179600e+01
6.74760085730296e+01
2.96666654676198e+02
3.38977672866398e+02
1.26471884800627e+02
6.95799730428454e+01
3.75797133000946e+02
3.44927682164249e+02
1.57322111010378e+02
7.32457136244497e+01
5.75644272499045e+01
2.37076272597142e+02
3.68796751621702e+02
3.53259154822986e+02
1.86844613807648e+02
1.14889841559378e+02
7.01053395373855e+01
6.03961155246654e+01
1.18692518158613e+02
1.51522044597812e+02
1.39469315205218e+02
7.23336450438361e+01
6.65295534563769e+01
6.53371017067761e+01
4.50293881206128e+01
6.95166784581887e+01
6.39894689669824e+01
6.19229959995012e+01
4.65307021018510e+01
5.10303108459912e+01
6.61262429611656e+01
4.46381721912306e+01
5.81560490170536e+01
1.30824597295675e+02
7.66805635272071e+01
4.92567484054845e+01
4.33048160520067e+01
1.13247968186319e+02
1.00665822144080e+02
6.90694758900299e+01
6.31139002279775e+01
4.97076336718702e+01
3.38281659529212e+01
7.09398512173612e+01
1.83913299050080e+02
1.66654484270144e+02
1.17628652896241e+02
1.09766117849431e+02
8.93477036378680e+01
6.42400285886290e+01
8.38144647609883e+01
3.74771602177978e+02
3.24639342353704e+02
1.21314403358198e+02
6.92550954851254e+01
2.62261917772356e+02
4.38640546392076e+02
2.90660794304680e+02
1.34117942632237e+02
7.79985313823860e+01
7.08702768631985e+01
3.00658299745106e+02
4.67413185357664e+02
3.40329246463173e+02
1.88712917379902e+02
1.02442923241829e+02
7.99174987725688e+01
5.83726445080854e+01
6.26196882723201e+01
2.12187587491808e+02
1.30234125393539e+02
1.02494716528588e+02
9.31558976407813e+01
8.31611077783922e+01
5.91170394252809e+01
5.93113867621110e+01
1.19354880214113e+02
7.39242245219472e+01
7.44306068443109e+01
8.93495258809081e+01
6.02961745305023e+01
8.08671951826314e+01
1.87501572979456e+02
1.23660645632058e+02
8.00505771995308e+01
2.21878933246722e+02
2.04391105025038e+02
1.48015261342668e+02
1.42210771539705e+02
1.20543150721133e+02
9.22225439419614e+01
1.26329899639793e+02
5.98420213622170e+01
1.89811760639825e+02
1.38572265707265e+02
1.33504143922348e+02
1.14143516870859e+02
8.94910606614106e+01
1.23812655896016e+02
6.00223821011855e+01
5.51443985379721e+01
4.63146685254560e+02
2.83789054588287e+02
1.18536170630713e+02
6.67472711546474e+01
3.31400977622140e+02
5.09923907314120e+02
2.76244099223527e+02
1.37877303058468e+02
9.10612957660517e+01
7.09663354146564e+01
4.75255996107033e+02
5.89738489028027e+02
3.65083378603474e+02
2.20121760045319e+02
1.15673241616090e+02
1.06593714413637e+02
7.05771339569838e+01
6.46796076993147e+01
2.61233930264907e+02
1.37137814264318e+02
1.28741459727732e+02
1.30058409679514e+02
9.15851174720127e+01
8.58195393287310e+01
7.11815900219535e+01
1.40838828038941e+02
8.32779213990614e+01
9.11807012360558e+01
5.91923671306163e+01
7.77500415995346e+01
1.79331152236697e+02
1.24230881310099e+02
9.16776346257803e+01
7.57177049313624e+01
1.12285252457318e+02
1.08035064409090e+02
9.25674794776132e+01
7.43129304240675e+01
1.05555020321177e+02
5.41026364517018e+01
6.35928911163121e+01
1.75903483124121e+01
4.49991324228756e+01
3.82844423661050e+01
3.12194589325420e+01
4.56317440920017e+01
2.48603236022406e+01
3.08331874120474e+01
1.79860630767614e+01
-2.48647050894734e+01
4.64049926053552e+02
2.50063140684713e+02
1.01147187113681e+02
6.55589585669067e+01
3.87349689052242e+02
4.90041745822281e+02
2.53443602181923e+02
1.20031646521921e+02
9.33395324298900e+01
5.93126787961285e+01
5.15997397804593e+02
5.11479261630938e+02
2.79206786059150e+02
1.78219342023104e+02
1.13295084582039e+02
1.04244357002619e+02
7.38447461828597e+01
1.09468945058970e+02
1.42500394035548e+02
1.14213849919216e+02
1.06607124351914e+02
9.91335449024778e+01
6.75642541324723e+01
5.56559838959509e+01
1.05713825839157e+02
8.23610856977841e+01
4.56619065990696e+01
2.76828230214628e+01
3.36331890452616e+01
7.50735933652614e+01
5.06382376531129e+01
3.80601174712827e+01
3.76903620250746e+01
3.02052688349798e+01
4.83289377627722e+01
4.05410973977214e+01
6.19108362965537e+01
3.66675046251954e+01
5.26101845883202e+01
4.64986287662172e+01
5.67912970450271e+01
6.77264418817188e+01
3.72912776096063e+01
5.84542125775031e+01
3.63124891408716e+01
5.50411889112899e+01
5.23939397974724e+01
6.25680592663301e+01
7.90149114806416e+01
4.95684861960203e+01
3.11761233916286e+02
4.72801883305073e+02
2.24924701100748e+02
1.02164544743682e+02
7.18288614950382e+01
4.53165277523517e+02
4.44022254549342e+02
2.15848772818291e+02
1.09137708777359e+02
9.00698234877684e+01
6.32398786526243e+01
5.17017781499596e+02
3.90270520642454e+02
2.23326582417648e+02
1.27099263262693e+02
1.05078748963578e+02
8.51808478689013e+01
5.60922888561614e+01
9.60337048715226e+01
8.94390452521045e+01
8.61758157053666e+01
9.01134484284721e+01
6.65867042169967e+01
5.27796177846322e+01
3.53685218990466e+01
6.72086391838910e+01
4.40831515168467e+01
3.77287126734605e+01
4.55519805480562e+01
1.01646075622405e+02
6.93029152622957e+01
5.42823573647478e+01
6.25399775496204e+01
7.56985799433377e+01
1.03788614176095e+02
1.17422846274237e+02
7.57942358980790e+01
1.20077589312415e+02
1.22317732580095e+02
1.51773234169862e+02
2.00113127884877e+02
1.45409399722894e+02
2.19433608268786e+02
1.06074585924770e+02
1.67718307291575e+02
1.72219797571378e+02
2.04663561152074e+02
2.51805008933196e+02
1.70732994577361e+02
2.47609486796881e+02
2.94723239418570e+02
4.07810046388616e+02
5.11896352256278e+02
2.08626996781235e+02
1.23443278235690e+02
7.08500774441001e+01
3.21700815048844e+02
5.65931248223827e+02
3.99536378707191e+02
1.96314719146581e+02
1.23997129948107e+02
9.01782381357138e+01
8.70600853762249e+01
5.44304043697965e+02
3.48247104560710e+02
2.16441182187972e+02
1.18468449221075e+02
1.16328910123988e+02
8.04424669597277e+01
5.08769661113686e+01
6.40049700829772e+01
1.45059201538627e+02
1.38876129537029e+02
1.34190771614161e+02
9.32523506845920e+01
6.79132711245890e+01
1.00821778474770e+02
7.47488942605547e+01
8.57316750443215e+01
9.24743494078138e+01
1.98392706242668e+02
1.28863932465608e+02
9.54405685511444e+01
1.11333023286228e+02
1.43949297254980e+02
1.94857861986240e+02
1.85412374504566e+02
1.03901234031778e+02
1.04908618088047e+02
1.17087448798512e+02
1.31080632351314e+02
7.91778283545827e+01
9.95881769772271e+01
1.12474031060939e+02
1.22080046097195e+02
8.74896137025933e+01
9.40980598343671e+01
9.92713307835648e+01
5.54267693069673e+01
6.07695898666563e+01
5.97291333662454e+01
6.45282969304206e+01
1.14590666856302e+02
4.66247501939757e+02
4.46478350276340e+02
1.85377569942274e+02
1.23022058407733e+02
6.61530282424679e+01
3.43530683914987e+02
5.57842860894946e+02
3.21241159597220e+02
1.71885622589374e+02
1.25005064718136e+02
8.17256305371504e+01
7.05540969915226e+01
5.91214831170064e+02
3.32526994466633e+02
2.19790002511856e+02
1.45279685886561e+02
1.43196013287379e+02
9.53744953670124e+01
8.88350189589219e+01
7.51278435028765e+01
1.81395410265414e+02
1.96142078545037e+02
1.52326631961567e+02
1.23002997457354e+02
7.94615898012233e+01
1.40862219382626e+02
9.22236916939540e+01
1.54725496366976e+02
1.52996340415943e+02
9.51988262348994e+01
6.50490438057764e+01
7.19669382968107e+01
8.91205341454665e+01
9.83652465690200e+01
5.82156447888081e+01
6.17474126381253e+01
9.77589447188673e+01
1.00979362168119e+02
5.52157271980996e+01
5.79657854196607e+01
5.44163161753224e+01
6.07841633447335e+01
1.15515250499905e+02
6.96129613666481e+01
8.42188051480806e+01
4.57261935798089e+01
4.70657383560578e+01
4.34641041515139e+01
5.00694776100459e+01
9.66822959850019e+01
6.73665571044305e+01
4.17387030936492e+01
5.24854057517278e+02
3.54534849853053e+02
1.65588357546436e+02
1.12428145330672e+02
7.47706355753388e+01
4.52103944024849e+02
6.03995002178101e+02
3.29584227548608e+02
1.67411380651076e+02
1.45405188311789e+02
8.41720579542722e+01
8.52659301408695e+01
5.91737364337341e+02
3.49046587459832e+02
2.07241424435532e+02
1.80018978736414e+02
1.59583343651493e+02
1.01780841597455e+02
1.24405958603360e+02
1.04301510316135e+02
1.62479702115324e+02
1.62540607092409e+02
1.18034710439346e+02
8.81584068269533e+01
1.19533300323981e+02
8.02049102468274e+01
8.45103998608978e+01
6.87380530383818e+01
1.02754573195520e+02
6.98569374663685e+01
7.76120249162319e+01
9.72879753695820e+01
1.04236046290198e+02
5.72896497949163e+01
5.72279097084283e+01
8.99900632582534e+01
7.24931238290463e+01
7.38616586545269e+01
6.70370333188684e+01
7.84508810746901e+01
1.50310080033810e+02
1.10729873048670e+02
7.58506345880450e+01
5.36890845254192e+01
6.88132871098830e+01
6.24981324572053e+01
7.45278475385154e+01
1.42032275174224e+02
1.09276461377300e+02
8.08706139657825e+01
6.39924046933045e+01
4.22574337764227e+01
6.14030732366685e+02
3.62117981235891e+02
1.64344160607640e+02
1.25703272578293e+02
9.40333845857472e+01
6.11673053855287e+02
6.32333682146787e+02
3.24311334799833e+02
1.75863885534312e+02
1.66048267453930e+02
9.89643910074202e+01
1.05603198413884e+02
4.47660278486177e+02
2.88806684488235e+02
1.65836711666973e+02
1.73756623859601e+02
1.33184787402730e+02
8.94373199651789e+01
1.03238357443219e+02
9.82406780647796e+01
1.85145637775179e+02
1.48713418011374e+02
1.24520554098623e+02
8.21471309200638e+01
1.39317156715104e+02
8.15827872030433e+01
1.11929707918422e+02
6.15170051159683e+01
8.64551632486948e+01
9.70368111700895e+01
1.23630233395232e+02
1.32102160029616e+02
7.18572598240851e+01
7.14711088807029e+01
1.20509132639899e+02
6.83059455704654e+01
6.74848471938626e+01
7.92578057257763e+01
1.40568113505033e+02
1.05598492326708e+02
7.83232074576154e+01
6.23313447521153e+01
4.20921644366897e+01
1.30456434662444e+02
7.53024921115695e+01
1.28846421730521e+02
9.55228191265246e+01
7.07149864737749e+01
5.52058351273755e+01
3.47664789902124e+01
6.09954632158219e+01
1.14342455980856e+02
4.10634521200874e+02
6.71472180480262e+02
3.49453123049865e+02
1.77800485362325e+02
1.41632764110019e+02
1.05591160802571e+02
3.42922565353964e+02
6.31092101237062e+02
4.71525848040550e+02
2.47146298395904e+02
1.69706301255390e+02
1.43452819965824e+02
1.13533262622642e+02
9.09448848696907e+01
3.53560349258264e+02
2.43269896970738e+02
1.68501630378420e+02
1.77594449850675e+02
1.29727124918226e+02
1.18835643432955e+02
9.21843185178046e+01
8.45100754908927e+01
1.84303432918368e+02
1.39244337184103e+02
1.09508517713024e+02
1.51362785048489e+02
1.04941484254239e+02
1.13553281316945e+02
9.21139371744685e+01
1.03263943716196e+02
9.99496957917587e+01
1.29040390003688e+02
1.38081997567823e+02
7.47195220289760e+01
7.30167371069779e+01
1.14033588252290e+02
6.44616803025262e+01
5.34546448483895e+01
1.42086819724864e+02
1.06787798030284e+02
8.09705811403884e+01
6.47986975164959e+01
4.16880718937864e+01
5.96954309382777e+01
8.00710905867437e+01
3.08629160691895e+02
