1.08602079897860e+03
8.78917191344699e+02
7.41851565265117e+02
8.27608922807876e+02
7.97997312839313e+02
7.76206515209191e+02
8.05056304223779e+02
7.71912786434870e+02
8.16488194971227e+02
9.00495273479739e+02
9.24119983815760e+02
8.07247077196415e+02
8.99164334631949e+02
1.05176531122681e+03
1.10712565107892e+03
9.55037757037256e+02
8.52182707534219e+02
1.09508621741117e+03
7.54611247431913e+02
8.66708838970803e+02
1.04853709418975e+03
1.12825107557506e+03
1.00696248320709e+03
7.04929779506035e+02
6.54785429518976e+02
7.71492646323895e+02
9.62877895003650e+02
1.07096346421593e+03
1.01298147714647e+03
7.94161577226052e+02
5.71992951588211e+02
6.39881048215057e+02
9.25909800762342e+02
8.01534179221926e+02
4.58909102658089e+02
5.47989305549391e+02
6.94187096629747e+02
7.82519299818806e+02
7.63727341280818e+02
6.39799673979313e+02
5.70254611451189e+02
5.45819381035805e+02
5.76083359756796e+02
7.41990506787886e+02
8.54539680851490e+02
8.67625618898907e+02
7.78503505551642e+02
7.93274282779416e+02
9.46931347783565e+02
6.24404380210072e+02
7.58780186310586e+02
4.17175798981489e+02
6.39973353784222e+02
6.64705472788809e+02
8.03695777996947e+02
3.55821917441134e+02
4.15068205685698e+02
4.33961588333573e+02
4.10430602136606e+02
4.59170786669752e+02
6.22097447486691e+02
5.71219003587923e+02
5.57011404080110e+02
2.82708667288551e+02
2.97502863526325e+02
2.87980053111819e+02
3.39772764878864e+02
4.91885334991809e+02
5.13157579877239e+02
6.15629611946469e+02
9.21159756028644e+02
5.39171527780436e+02
1.53232831630441e+02
2.19371842803296e+02
2.37518410986155e+02
3.58951357138354e+02
5.04802506844959e+02
1.59257673818928e+02
1.51096054264208e+02
1.78107247190697e+02
2.54121579863029e+02
2.73662789197135e+02
3.32240037778239e+02
5.45946599351889e+02
7.48818234666246e+02
1.11239166414107e+02
1.28918704170713e+02
1.77983272214593e+02
1.89917233927874e+02
2.21756657966188e+02
3.59670626850226e+02
4.96430221645618e+02
7.93368280912616e+02
1.67806319738847e+02
2.67666056131600e+02
1.02183515413083e+02
1.15850999796387e+02
1.05711615008667e+02
1.42309920907750e+02
1.87413029044445e+02
4.07051450820305e+02
1.00551067972965e+02
1.34217823937431e+02
1.40962816309252e+02
1.56818576306043e+02
2.44392423274565e+02
3.14911946983195e+02
5.26690878751341e+02
7.50677631242737e+02
1.13416202444911e+02
1.18001364458705e+02
1.26595054504206e+02
1.89246870090942e+02
2.22977408318523e+02
3.71563117864467e+02
5.69073466087984e+02
5.94799017309802e+02
1.65393877821350e+02
9.74038394055696e+01
1.51050195399803e+02
8.67720865045819e+01
9.00439176453320e+01
7.62789130313043e+01
9.52044401522474e+01
1.14122098195260e+02
1.90840490483962e+02
4.65938133038517e+02
9.88540759599343e+01
1.03396251204695e+02
1.49912030982357e+02
1.62542331073258e+02
2.61371897292892e+02
4.06093654650079e+02
4.54411408516974e+02
3.65025491610749e+02
1.05377857347809e+02
1.50522931232755e+02
1.55275130842716e+02
2.43889240604355e+02
3.80547224726414e+02
4.45671408354591e+02
3.78127451487564e+02
2.72780766480213e+02
1.06491375890606e+02
8.96247293468955e+01
8.64379479775547e+01
1.61345932155011e+02
9.07919238594686e+01
9.05360238922234e+01
7.46331597321778e+01
9.08435451987834e+01
1.05186540112832e+02
1.52861206460873e+02
3.25026345161332e+02
4.06758153242517e+02
1.52228144585790e+02
1.51945270005358e+02
2.35969089053452e+02
3.71765003111789e+02
4.55849079461562e+02
4.12544911689131e+02
3.28867916658825e+02
2.39045835514416e+02
1.50799953570997e+02
2.30935087639189e+02
3.64992255000062e+02
4.63261098426113e+02
4.40363998713785e+02
3.76642995404270e+02
3.04716722798041e+02
2.80879614907348e+02
9.85313171240941e+01
8.22954069975805e+01
1.00402833703574e+02
2.62803189872952e+02
9.63751873602795e+01
7.82114740443981e+01
9.40253904007847e+01
1.06796448571847e+02
1.45486849465153e+02
2.90162952402802e+02
4.30331938155726e+02
3.24714234210087e+02
1.96690565654405e+02
3.09185678805964e+02
4.01374127773762e+02
3.95132022357911e+02
3.55173888886398e+02
3.08376831119807e+02
3.15066023206039e+02
2.86422151726505e+02
2.99833916044065e+02
3.94449521437836e+02
3.97482462399657e+02
3.69225874067138e+02
3.35341448120855e+02
3.64791582238461e+02
3.61229105410483e+02
2.97476880067476e+02
8.64575977548135e+01
8.22742067884758e+01
1.24261671074203e+02
9.14031758002197e+01
8.18811142546668e+01
1.23025357136589e+02
3.55869534048008e+02
6.63406439939068e+01
7.95159050030203e+01
8.91670599781813e+01
1.14964266459655e+02
2.09842543082709e+02
3.32708148778243e+02
3.00216549810979e+02
3.30339218840927e+02
2.34828407754005e+02
2.40320279912334e+02
2.28492621634183e+02
2.14614817774808e+02
2.45274031666772e+02
2.61568681919783e+02
2.43204879115408e+02
1.76196042366188e+02
1.81757728721356e+02
1.73165451912330e+02
1.63899639811213e+02
1.90578915428799e+02
2.09789083765148e+02
2.06111149933395e+02
1.58937306839854e+02
1.33792956747678e+02
8.90281492185368e+01
7.93852884279542e+01
1.82071328042722e+02
6.81623074513601e+01
7.91019820853869e+01
1.49220586249914e+02
2.70018088337733e+02
6.70257089657918e+01
7.27093073045735e+01
8.49652553084629e+01
1.25558230956202e+02
1.87800372695728e+02
1.73858367476616e+02
2.11971386153605e+02
1.84623505335305e+02
1.88978550627225e+02
1.79150069172514e+02
2.10505821429135e+02
2.37210287849254e+02
2.43091098347325e+02
1.97843875783414e+02
1.75088425880901e+02
1.13212754221373e+02
1.60629873711486e+02
1.87651379937711e+02
2.12546278158438e+02
2.22177841114233e+02
1.85950060499660e+02
1.69059899140236e+02
1.04372236243656e+02
1.19710950692315e+02
1.04207640583550e+02
8.05461258043772e+01
2.06039333850575e+02
8.83953459999200e+01
7.59006047191365e+01
9.50441737511292e+01
1.68409525154964e+02
2.02122218709544e+02
1.09059749192310e+02
1.21166980556483e+02
1.49795749499412e+02
2.00783547384788e+02
1.77331449934555e+02
2.16020723714966e+02
2.14734096611412e+02
1.34086089081957e+02
2.17407359581689e+02
2.47301132042380e+02
2.63177151236294e+02
2.26652222072580e+02
2.13776969813280e+02
1.33219972200320e+02
1.45497979615791e+02
1.46631759560160e+02
2.07438939982993e+02
2.24288688077926e+02
1.98563996758135e+02
1.94853999053923e+02
1.25834724355729e+02
1.41648108753412e+02
1.54523869040814e+02
1.57488149644175e+02
8.86356867053550e+01
1.27360812642420e+02
8.23618163495842e+01
9.57181699051295e+01
1.67237740836879e+02
9.13150729965323e+01
1.03669347447279e+02
1.32427480108080e+02
1.71616237768281e+02
2.02931396223075e+02
1.16067387372385e+02
1.32676480082947e+02
1.65811992870847e+02
1.40131904202090e+02
1.67423582401798e+02
1.79715106683740e+02
1.33839509914746e+02
1.39753318594879e+02
1.45386474091952e+02
1.30693708959798e+02
1.31671331896675e+02
8.74505901762579e+01
1.01615171959745e+02
1.19661668953486e+02
1.29526833440345e+02
1.37405938943310e+02
7.99688399757972e+01
8.09246853811763e+01
5.37751767759781e+01
6.24675223754992e+01
7.59983078480839e+01
8.29552126509821e+01
8.83601642507908e+01
6.30065852490728e+01
9.08047422221647e+01
8.04192484753433e+01
1.36201494498750e+02
8.69668426470888e+01
1.17260325126605e+02
1.70100723277288e+02
8.72288462940640e+01
7.77054426424884e+01
9.83368611673243e+01
1.29031604543227e+02
1.30576476752177e+02
1.26064366752939e+02
8.70346011338405e+01
9.98725301519106e+01
7.72045193524170e+01
8.27739139851865e+01
8.56671724378495e+01
6.61366161436861e+01
7.27592298253602e+01
9.00446302043601e+01
8.50083959038372e+01
5.65354592419269e+01
6.56924164626265e+01
8.21111632406433e+01
9.14507280160562e+01
1.00974228875670e+02
7.19855583948472e+01
4.71663783317470e+01
6.05522061246761e+01
7.04492949496932e+01
9.00759055947364e+01
1.02591583288202e+02
1.17975652167862e+02
8.76753212448563e+01
5.87107330864033e+01
3.92203485458185e+01
1.02412537012128e+02
9.05198692918437e+01
1.40661505289333e+02
8.42096431930963e+01
1.21010522444126e+02
1.34165215448042e+02
6.83711396556748e+01
8.05424095475908e+01
9.55597277232030e+01
9.43854521105593e+01
8.88968300308627e+01
7.37023825085497e+01
1.27956069751516e+02
9.56173335965488e+01
9.64504683512375e+01
9.65091064536152e+01
7.48834006806962e+01
8.35198072310019e+01
1.15564243255547e+02
6.98641026286327e+01
7.28190141201005e+01
9.42784518887256e+01
1.08679570119504e+02
1.28330139438288e+02
9.81688172372633e+01
6.70995749521103e+01
4.50072129409164e+01
3.74145421363530e+01
9.89183351113480e+01
1.15178502874656e+02
1.39150770751796e+02
1.09617660766191e+02
7.73620439033188e+01
5.38036189175624e+01
4.80014166916147e+01
3.96407991608145e+01
1.28936257581383e+02
9.41327193001916e+01
1.24573997957912e+02
7.63680996733667e+01
9.34522558164645e+01
1.02269631824689e+02
8.02427219084010e+01
9.39287823320564e+01
8.60728987330400e+01
1.12174354581087e+02
1.30268709497638e+02
1.00475138377343e+02
8.44150136328980e+01
1.08026448095365e+02
1.09449305852130e+02
1.05409989567424e+02
1.01587678688068e+02
7.76591418844724e+01
8.50152230005459e+01
1.24601765295719e+02
8.70352398984385e+01
4.98566928808948e+01
1.03290046511767e+02
1.26703880084223e+02
1.01845966177494e+02
7.35031377090494e+01
5.24721098936259e+01
4.91545302511581e+01
4.23907909966252e+01
3.67605479342578e+01
1.10627060304139e+02
9.01340682317047e+01
6.60589007644922e+01
4.80718299425547e+01
4.68207863506271e+01
4.23173886111526e+01
3.82234311368739e+01
3.26631464992427e+01
1.18144900297352e+02
1.02657415949830e+02
9.58317471669220e+01
9.04592844182775e+01
1.20885991648012e+02
1.09999611292171e+02
8.32970655314207e+01
9.12185944861971e+01
1.11428975316624e+02
1.34925853674044e+02
1.27311727492294e+02
1.01990022358103e+02
7.93422555512535e+01
9.56431531646629e+01
1.04960631030123e+02
9.72805974632223e+01
7.22327191595495e+01
7.54591509401053e+01
1.11959478251238e+02
8.35917339456127e+01
5.27581022070645e+01
4.42978264468069e+01
1.13076605101909e+02
8.38613119134617e+01
6.19360259618057e+01
6.21604056047235e+01
5.83404752815176e+01
5.45580550079863e+01
4.82881557400377e+01
3.64338808383553e+01
8.35393493003742e+01
6.24984711825356e+01
6.43347356906205e+01
6.24174658363746e+01
6.04594053128906e+01
5.59896383460408e+01
4.38098468461796e+01
3.51459203178918e+01
9.14817568336804e+01
1.06615363297011e+02
9.77533892697395e+01
1.36129851211868e+02
9.23491861359604e+01
1.11572357519107e+02
1.53529822194759e+02
1.10272696017741e+02
1.04011355552432e+02
1.16404918599086e+02
1.09121961404608e+02
1.46881266571393e+02
1.70173506896393e+02
1.22061306878186e+02
9.10626773992353e+01
1.06446383533982e+02
6.80146786736300e+01
1.23979397533358e+02
9.05966936817587e+01
9.14829697571558e+01
1.36561769191692e+02
1.06404696058682e+02
7.16373637527474e+01
6.98549958049088e+01
5.42249433832539e+01
8.09987266863324e+01
8.50213340261690e+01
8.46286589096967e+01
8.42466457387426e+01
8.07584624961906e+01
6.50399450362908e+01
5.16904279437313e+01
5.48144457689186e+01
9.53862903310404e+01
9.71414566547391e+01
9.92285317318193e+01
9.83925293249399e+01
8.20312286077295e+01
6.64410413690204e+01
7.07175457375215e+01
6.69346574270341e+01
1.19279419884419e+02
1.18549484570942e+02
1.20440393506778e+02
1.53785049928673e+02
9.30613460717352e+01
1.18276024196138e+02
1.54670013503614e+02
1.68440477337069e+02
1.04999191355282e+02
1.02302077319989e+02
1.29626404362618e+02
1.62601721017592e+02
2.01520283757269e+02
1.89874711046876e+02
1.39410551776122e+02
9.56349904176587e+01
1.21165932554844e+02
7.54583702829285e+01
1.03719704475357e+02
1.00133739667060e+02
1.47508781462014e+02
1.17079081526895e+02
8.19708733190394e+01
8.83113133365654e+01
8.09382893510407e+01
6.55559879483439e+01
7.25314180962900e+01
7.52600306398477e+01
7.63113118020537e+01
6.52412322078127e+01
5.37895941516317e+01
5.78470639712929e+01
5.10869696510024e+01
9.67152672410269e+01
6.82736920368272e+01
7.00091281732954e+01
6.06373520825630e+01
5.04167463724448e+01
5.44150213939077e+01
4.47056533989417e+01
6.21093223913871e+01
1.54871197690870e+02
1.48397976304104e+02
1.12639586249983e+02
1.51703517594009e+02
1.61084657600915e+02
1.07435552868390e+02
1.41161937969920e+02
2.00252795759336e+02
1.75837220120778e+02
1.03435035632806e+02
9.29946236219685e+01
1.47739318158696e+02
2.04714561565280e+02
2.40933241526179e+02
1.69935774273525e+02
1.18168858547913e+02
1.18564614526149e+02
8.60740412843981e+01
7.79307908514042e+01
8.51086241130639e+01
1.17655728666704e+02
8.98177952759299e+01
6.11950984279616e+01
6.79166566381062e+01
6.60442727007315e+01
5.51556228174699e+01
5.70580281918517e+01
7.34598874768462e+01
6.48227076894131e+01
5.50727185536185e+01
6.12429644859998e+01
5.06258668775505e+01
6.06508600717689e+01
1.02794518148483e+02
1.94321366919492e+02
6.02907484912206e+01
5.22715222619082e+01
5.97792371286497e+01
5.07733622018823e+01
5.88041418240678e+01
7.64497683597451e+01
1.17154947823952e+02
1.99241170936738e+02
1.86557986325079e+02
1.05318540182132e+02
1.95457445758133e+02
1.63058667815300e+02
1.08192809644848e+02
1.62965333676458e+02
2.35911728176823e+02
1.58972043899496e+02
1.11242861428147e+02
8.02764972886511e+01
1.79159619530137e+02
2.27186411506270e+02
2.16294635569857e+02
1.50803072499107e+02
9.00729750451583e+01
9.84382806051414e+01
6.38806292836799e+01
5.92762391642500e+01
1.13215869524728e+02
8.46808764080473e+01
5.66509987514351e+01
6.42969421637378e+01
6.55803953293837e+01
5.94168348306749e+01
5.90225379359601e+01
1.01432831639761e+02
5.78911924242377e+01
6.77479068447121e+01
5.88765749884999e+01
6.86456280823987e+01
7.95762181675564e+01
9.71134735726174e+01
1.53005567354703e+02
2.15591345315441e+02
6.88882476549824e+01
6.07037063542641e+01
7.11639686378235e+01
7.78188716993543e+01
7.88357365490655e+01
1.00687590097082e+02
1.20479235663624e+02
2.18870086053124e+02
2.08800802643023e+02
1.19540599672895e+02
1.53177664175133e+02
2.33352035642812e+02
1.40552973026453e+02
8.99357973205357e+01
1.46722455702691e+02
2.02120207511863e+02
2.29922196374133e+02
1.32631779895798e+02
9.60258287945151e+01
6.44746140441840e+01
2.20692207458007e+02
2.64797510829476e+02
1.87155304857346e+02
1.24817712814298e+02
1.03762221752002e+02
6.82549524186021e+01
6.46370631709024e+01
6.00194293441207e+01
8.63222732416035e+01
5.55375032101474e+01
6.27450911191369e+01
6.44524536485662e+01
6.02665369442822e+01
6.33105593882607e+01
7.34447056700982e+01
1.03780210062016e+02
5.24370403107983e+01
6.21060904512261e+01
6.70954531197213e+01
6.36527496527903e+01
7.41670771821380e+01
7.96085463828669e+01
1.21861017174405e+02
3.23887760101411e+02
7.80454819447937e+01
8.32499503034425e+01
7.54908532875432e+01
8.27115386032619e+01
8.13370126677212e+01
9.60416474493578e+01
2.18575856003490e+02
6.08663040921761e+02
1.71773962139027e+02
2.18992498885165e+02
1.11609817666838e+02
1.76539460617239e+02
2.46584611580069e+02
1.23562268159891e+02
7.52827863522355e+01
1.69583314630337e+02
2.53584026764520e+02
2.29147108029908e+02
1.18596716626244e+02
8.23305825588480e+01
6.33286126372903e+01
2.88467177129719e+02
2.80772411813288e+02
1.95327964368138e+02
1.11199596149664e+02
1.08665831805729e+02
6.33696163922337e+01
6.46245996373386e+01
7.24585890662593e+01
6.43450509130346e+01
7.13934992840848e+01
7.21123821052655e+01
6.72291554695498e+01
7.23947690764341e+01
7.86391065011526e+01
8.21236134361136e+01
1.74476296396161e+02
8.34311499548277e+01
7.55710116860452e+01
8.31339377973631e+01
8.23189505779963e+01
9.07476524918371e+01
1.86996556149108e+02
5.57769219079180e+02
6.66102577780520e+02
6.10257270993491e+01
6.62491189997910e+01
6.51314375036152e+01
6.70175887074493e+01
1.20988708153601e+02
3.45106560856713e+02
4.58003753121775e+02
5.16533703177663e+02
1.93630916219167e+02
2.02984122135729e+02
8.46366931547061e+01
2.05560951863053e+02
2.36307426398363e+02
1.19428427664937e+02
6.65091379666784e+01
1.92981674580066e+02
2.93738640931472e+02
2.01158142434786e+02
1.16253681432700e+02
6.82051830847155e+01
6.36453259792515e+01
3.22111720478726e+02
2.31645121172815e+02
1.55094493233356e+02
1.20446188100181e+02
7.41411339516597e+01
6.53181222496606e+01
6.46220859720687e+01
7.53560478455211e+01
5.44451389502035e+01
5.46451315369834e+01
5.08809296373093e+01
5.57296615937665e+01
5.99027355670660e+01
6.06704452033036e+01
9.08454331102113e+01
3.88801272114730e+02
5.34769842131750e+01
5.20228960703442e+01
5.10899803724489e+01
8.48445195915843e+01
2.32616623238230e+02
3.26720722700090e+02
4.20187740474745e+02
1.71462622310153e+02
6.61707669443918e+01
6.21118272428368e+01
9.47400464903818e+01
2.45255333678601e+02
3.54029056489160e+02
4.91941865823646e+02
2.45821213506440e+02
9.70920066147695e+01
2.26765039315442e+02
1.81019667511482e+02
7.70016764749991e+01
2.56570765097446e+02
2.25556447581850e+02
1.08444105500980e+02
6.20713415001993e+01
1.74746479221823e+02
2.50964593704009e+02
2.99488181060544e+02
1.76074739886098e+02
1.10708296187234e+02
6.38356055636785e+01
6.83876248358039e+01
2.76790586446743e+02
1.94347624489302e+02
1.10042797178151e+02
1.04029521303522e+02
5.64750491098972e+01
5.57368394623549e+01
6.06377039109925e+01
7.89807630124878e+01
6.52739495640307e+01
5.94357404600438e+01
6.43237194452152e+01
6.58492104069103e+01
6.15970029504986e+01
7.30345841911394e+01
2.79971518703728e+02
2.95683384991033e+02
4.69893552664664e+01
6.73891298547736e+01
1.66404246492528e+02
2.45352144392289e+02
3.62611464394454e+02
2.06099632870509e+02
1.13759477957941e+02
3.50658031615590e+01
7.35910206412024e+01
1.83935875649114e+02
2.78145750901488e+02
4.26743242527414e+02
2.59673263561632e+02
1.60888045521622e+02
7.99485323834455e+01
7.03948038075547e+01
2.95600683789792e+02
1.65537232009702e+02
7.53094160530894e+01
2.03914926589563e+02
3.32639232328055e+02
2.07131854921674e+02
9.75643694838067e+01
6.58009236989248e+01
2.04278886891665e+02
3.16484023210981e+02
2.95461251422670e+02
1.50927231274620e+02
9.34173293039453e+01
6.06567757599660e+01
6.17624320343343e+01
3.22785324778594e+02
2.13722096150686e+02
1.56902225132186e+02
9.19451510257388e+01
7.32121263910851e+01
6.65695391776013e+01
6.39737873800899e+01
2.06410824789340e+02
7.17740877588611e+01
7.48568796501594e+01
7.20037358220364e+01
6.20044666420284e+01
6.44251503445875e+01
2.28057086932679e+02
3.10698577428166e+02
1.12449420660019e+02
1.63554118504152e+02
2.45573409236911e+02
3.90082230487445e+02
2.55076411873546e+02
1.77038328503482e+02
1.07669183734746e+02
1.38986040948809e+02
3.67256832513181e+01
1.63134002559843e+02
2.64848159733556e+02
1.83092436844697e+02
1.38132088042312e+02
9.55808531420090e+01
1.46382980826741e+02
8.03279064286235e+01
1.41064541780898e+02
3.29587708721829e+02
1.64419809161423e+02
6.90943532089193e+01
2.32407597163346e+02
3.47516130027106e+02
1.76624786543126e+02
8.64850485175735e+01
6.24403550540107e+01
2.75796154092513e+02
4.31845936920778e+02
3.00225875558915e+02
1.63791868690077e+02
8.58249743128098e+01
6.81345155683186e+01
6.46895057492958e+01
3.20849958666919e+02
1.76810068271233e+02
1.59928682443076e+02
8.01144243082194e+01
7.28150174426884e+01
7.03546552500702e+01
5.82014554675045e+01
2.48392434984692e+02
6.87631631442181e+01
6.60711495196048e+01
5.52123245133542e+01
4.86866136184165e+01
1.26909160631572e+02
1.93749993460858e+02
1.05979059716417e+02
1.05237014857783e+02
2.00573247931934e+02
1.44099217344656e+02
1.14859956298525e+02
8.59800288079827e+01
1.45480416655337e+02
9.75560449907918e+01
2.31392549362746e+02
1.47038694236464e+02
8.18192821936581e+01
6.70231442133721e+01
5.24754486345038e+01
9.29771222870257e+01
6.83128821979288e+01
1.75818559496637e+02
1.45646953696556e+02
6.47337121037534e+01
2.26782055898119e+02
3.20614407515550e+02
1.38481610444617e+02
6.18031988474203e+01
2.96082319404735e+02
3.61282190624183e+02
1.75577358762280e+02
7.90029886518399e+01
6.22121002004813e+01
2.37656504837386e+02
3.48476053032695e+02
4.25989883199983e+02
2.50945780134203e+02
1.47452459190906e+02
7.44108240732961e+01
6.64099323039851e+01
1.13117680157204e+02
2.03271422235001e+02
1.49126960942110e+02
8.82248408501744e+01
6.95148253129572e+01
6.24963577162007e+01
5.52601471202982e+01
7.93516509317878e+01
1.08568609439218e+02
5.58666536060194e+01
4.57143216935301e+01
3.53771925380556e+01
5.54295332980968e+01
7.84011790232759e+01
4.96925761428605e+01
6.84489366661333e+01
1.41444242047653e+02
4.15760526340905e+01
3.31717678048839e+01
5.94949358905620e+01
4.55462872512601e+01
1.21568289495457e+02
1.07555683153694e+02
6.61088194390971e+01
5.68386389096848e+01
4.05862661507884e+01
7.21156679245647e+01
5.61123948102087e+01
1.47842802902395e+02
1.32500422692173e+02
8.58174891386560e+01
7.54115040170663e+01
6.50128893056081e+01
2.88727054842328e+02
3.34087172384934e+02
1.23123847782435e+02
6.81533625987692e+01
3.72410855754670e+02
3.43016067520053e+02
1.55625052578043e+02
7.24647786398748e+01
5.76640973658915e+01
2.28869615996508e+02
3.64722861912499e+02
3.51133384365301e+02
1.82342213896188e+02
1.12584455801275e+02
6.92047856880156e+01
6.01383268401903e+01
1.10850810111095e+02
1.49000895923684e+02
1.37912365627654e+02
7.07718127879120e+01
6.62421335198365e+01
6.56482843339410e+01
4.48695879292100e+01
6.60846895813392e+01
5.86245802763024e+01
6.19373502307603e+01
4.63315581593511e+01
5.20895801707205e+01
6.18874097533933e+01
3.95636981772092e+01
5.65543913699638e+01
1.26084138637721e+02
7.51404210660843e+01
5.25087738813669e+01
4.19090195083747e+01
1.11386890149834e+02
1.03365001116776e+02
7.10673515028101e+01
6.59421923813992e+01
5.36029423928413e+01
4.20556611039015e+01
6.68225193430554e+01
1.74630171143736e+02
1.65051658373024e+02
1.17035210248469e+02
1.10777494788603e+02
9.11592970898608e+01
6.68459587761600e+01
9.85481860509481e+01
3.68613964130622e+02
3.21484342099738e+02
1.19505799369995e+02
6.92067304504852e+01
2.54747820416230e+02
4.35578502067789e+02
2.84922365395446e+02
1.31447816515427e+02
7.73373927402681e+01
7.09989186057272e+01
2.89462322573196e+02
4.66622146616955e+02
3.34867797120730e+02
1.86240053510680e+02
1.00025538550910e+02
7.97380856275780e+01
5.80550943593197e+01
5.69633852146534e+01
2.10239473987511e+02
1.26796768491457e+02
1.01341598025206e+02
9.30303531856415e+01
8.29021875125754e+01
5.92561690538669e+01
5.39308222843931e+01
1.15438821908822e+02
7.25819105871197e+01
7.44942519301353e+01
8.30054229404893e+01
5.37281934825189e+01
7.92024592349581e+01
1.81605648750866e+02
1.23408199752203e+02
8.19075155899637e+01
2.07997803536335e+02
1.99781658899887e+02
1.45221990947027e+02
1.41448893729346e+02
1.20605079669356e+02
9.30010001249552e+01
1.34255588184769e+02
7.06366596254186e+01
1.84541632947722e+02
1.35633469760766e+02
1.32566933677435e+02
1.14220937442088e+02
9.04500550779962e+01
1.31394195465963e+02
6.57604751904047e+01
1.04332497300817e+02
4.54140826410351e+02
2.76083075717651e+02
1.15578658450232e+02
6.58402292791918e+01
3.18130253136706e+02
5.01942911509931e+02
2.68282989113365e+02
1.33992774528927e+02
9.00762500211705e+01
6.78998388593767e+01
4.59361614644425e+02
5.79693720814152e+02
3.53328017221313e+02
2.14244923297651e+02
1.12336009983737e+02
1.05249744917162e+02
6.97598407178681e+01
6.09352814107249e+01
2.52738143827943e+02
1.31263128747168e+02
1.25453903284834e+02
1.27870133595557e+02
8.90259990983246e+01
8.10744149949438e+01
6.74924564401953e+01
1.39259432042093e+02
8.10911212572075e+01
8.33918751378703e+01
5.27712572567756e+01
7.62578611306813e+01
1.74121292528763e+02
1.24786425299826e+02
9.38644258149888e+01
8.26299382264184e+01
1.14825790636495e+02
1.12176944660500e+02
9.71019800146791e+01
7.88078127510871e+01
1.17624253618931e+02
6.05800300121063e+01
8.94922481915365e+01
9.46756237515448e+01
6.07319184689685e+01
5.28636785716956e+01
4.40555301200086e+01
6.81754600870466e+01
3.73490669334819e+01
5.57639628219669e+01
5.75262043141519e+01
1.35883773226677e+02
4.63358140931738e+02
2.47620265506706e+02
1.00062846114120e+02
6.59553910823998e+01
3.79292674310753e+02
4.90923853140708e+02
2.50629612515639e+02
1.18590030640271e+02
9.37011598956569e+01
5.60337803994595e+01
5.14490208787776e+02
5.12495581656893e+02
2.74750702714809e+02
1.76209981816139e+02
1.12923598927750e+02
1.04807481572851e+02
7.17182016283310e+01
1.07252513476681e+02
1.40496800478878e+02
1.14413426866438e+02
1.07873693242547e+02
1.00100911004414e+02
6.81369008011931e+01
5.24633068142271e+01
1.06970505505761e+02
8.65900240301440e+01
4.75208188071320e+01
2.87695357015827e+01
3.86717575297706e+01
8.62159937726716e+01
6.08226710322206e+01
4.72812741097698e+01
4.93676819916612e+01
5.68344539279141e+01
5.14097184134955e+01
4.33311642807191e+01
6.82399039279604e+01
3.89866666099302e+01
5.85230799012356e+01
5.53947145776325e+01
8.12747979808948e+01
1.34961515658590e+02
4.51712183459506e+01
7.25588641360788e+01
4.33151902805313e+01
6.76845575798100e+01
6.68123578753720e+01
8.51768955113556e+01
1.13640997413304e+02
7.52714925764424e+01
3.12000334847887e+02
4.82690447058784e+02
2.26466346463948e+02
1.03739877276317e+02
7.11515181311152e+01
4.60266210886217e+02
4.52488652171332e+02
2.18833217161292e+02
1.10765780097553e+02
9.20514998541840e+01
6.18971392930232e+01
5.37615710937329e+02
3.99968967160793e+02
2.29555781898353e+02
1.29331907596778e+02
1.09199404053570e+02
8.79495597078324e+01
5.50581939357374e+01
9.96168710222758e+01
9.58325962363850e+01
9.40160575143598e+01
9.91280028082601e+01
7.24343420728900e+01
5.60613933439740e+01
3.85459909137308e+01
7.66724783290314e+01
5.37738426334172e+01
3.88352382552863e+01
5.05825554309152e+01
1.09776289388551e+02
7.66956862042565e+01
6.01024733184652e+01
6.94789244983346e+01
8.59883130978334e+01
1.31047675953740e+02
1.21921055000755e+02
7.51588812936743e+01
1.22216307051996e+02
1.26639984724431e+02
1.63695723824945e+02
2.17925594448694e+02
1.45593919341428e+02
2.29201042299054e+02
9.94612531740587e+01
1.62298708913100e+02
1.69218830636176e+02
2.09868940896729e+02
2.61150044155776e+02
1.60070329147901e+02
2.47395781947679e+02
2.42436294927996e+02
4.06566168221819e+02
5.16987581081240e+02
2.08845594465477e+02
1.25288664954370e+02
6.86929127376626e+01
3.21011792270335e+02
5.77198615067882e+02
4.02369312007366e+02
1.97815516334375e+02
1.26463426769301e+02
9.18383507430742e+01
8.70117917955979e+01
5.68467853908340e+02
3.58115126898477e+02
2.23912407672806e+02
1.22384170603174e+02
1.22127690645613e+02
8.39645237001263e+01
5.21138406229062e+01
7.10837291713539e+01
1.48903418153896e+02
1.43888327799273e+02
1.38576862761267e+02
9.55988349969293e+01
6.58572144355904e+01
1.03654954396617e+02
7.83954194642816e+01
9.19007894863260e+01
9.12334513224334e+01
1.90043736940663e+02
1.26038361417385e+02
9.25561052460107e+01
1.07813799621066e+02
1.41132248532444e+02
2.01924703774634e+02
1.82934758017127e+02
1.01993595142393e+02
1.04935428364205e+02
1.21869980756795e+02
1.37136478062915e+02
7.33803566218951e+01
1.00295257139334e+02
9.35986354949432e+01
6.89050486455727e+01
9.02307326935091e+01
1.00794855803669e+02
1.06520247321308e+02
5.20705111631198e+01
6.29869854194252e+01
5.15271057731059e+01
4.79339208390871e+01
9.96585812245745e+01
4.66526379376537e+02
4.49853401713859e+02
1.86047907408275e+02
1.25255496631335e+02
6.55018028318590e+01
3.45923042184833e+02
5.75980102679344e+02
3.27285284795105e+02
1.75375938256898e+02
1.29782358765547e+02
8.29209397515776e+01
7.54078218653647e+01
6.04089008126748e+02
3.33757648307812e+02
2.21752521708351e+02
1.47812636125849e+02
1.46796573803693e+02
9.46299638031915e+01
8.96831479901350e+01
7.85014000230612e+01
1.78865156246989e+02
1.94724895811406e+02
1.49072806750296e+02
1.16534848809707e+02
7.65328100606169e+01
1.37490717254890e+02
9.01219410617856e+01
1.59216819179582e+02
1.50027924213034e+02
9.56157413737789e+01
6.50090154641155e+01
7.19373741672921e+01
9.03907202903764e+01
1.04715821964109e+02
5.80864603359177e+01
4.86131274995923e+01
1.02968429374416e+02
1.06442884624948e+02
5.06876736679606e+01
5.90604760561835e+01
4.64736747161849e+01
4.84922748455656e+01
1.07164614471850e+02
6.37244525210984e+01
9.11467745856365e+01
4.28164213125785e+01
4.91877120291629e+01
3.80733816039082e+01
4.26580212143526e+01
9.47893961418305e+01
6.65737404124162e+01
3.87818569585788e+01
5.35626907085066e+02
3.59075907217729e+02
1.68275580840859e+02
1.15461121370874e+02
7.68282992565072e+01
4.48914858729548e+02
6.13421652369454e+02
3.30431776011310e+02
1.67807492940234e+02
1.47971825958117e+02
8.24558621160817e+01
8.76979915232642e+01
5.78474625541652e+02
3.42063289040664e+02
2.00989721748733e+02
1.78184193513358e+02
1.56696255275204e+02
9.58444121613436e+01
1.22054007131407e+02
1.02800870694878e+02
1.61706065424090e+02
1.61143283469240e+02
1.15906405885630e+02
8.22526007638494e+01
1.17990847077237e+02
8.01080074934257e+01
8.50000529209119e+01
6.99452286718705e+01
1.02409186404035e+02
6.92607360781234e+01
7.69745104611992e+01
9.78826237686001e+01
1.09831244473577e+02
5.60151762615237e+01
4.85976880009960e+01
8.76813114194721e+01
6.42546388676565e+01
7.31168242710179e+01
5.60389416591398e+01
6.57032246055371e+01
1.42879698919298e+02
1.06670473135747e+02
7.10830693340807e+01
5.20553533200856e+01
7.35553627979147e+01
5.64903691497711e+01
6.86056987358101e+01
1.47574564760840e+02
1.15165473977432e+02
8.34091224767155e+01
6.85946452126978e+01
4.45074792361330e+01
6.21717572466845e+02
3.63618754994159e+02
1.64972617828528e+02
1.27334689612299e+02
9.46330729700680e+01
6.01489217497375e+02
6.23908561523882e+02
3.18332874150684e+02
1.72789901310176e+02
1.64162081550554e+02
9.50156929920831e+01
1.03787073807337e+02
4.40295381511469e+02
2.85529078543122e+02
1.63507609029245e+02
1.73808956313779e+02
1.31752249042010e+02
8.60697375765205e+01
1.02856554089369e+02
1.02361968831395e+02
1.85773790248422e+02
1.47158860356295e+02
1.19501867647782e+02
8.07238163447406e+01
1.38693531444975e+02
8.18143220193638e+01
1.17356780015666e+02
5.50560098738193e+01
8.79017350052514e+01
9.86573441100471e+01
1.27374920488251e+02
1.42368908386941e+02
7.14732244633988e+01
6.39990658590489e+01
1.23722307098361e+02
7.09756300724870e+01
5.72949377214854e+01
6.99886110762414e+01
1.38431334414825e+02
1.05246162304755e+02
7.63849138308051e+01
6.25541851548530e+01
4.06948058231849e+01
1.46133365298756e+02
7.30117786089122e+01
1.38449045017166e+02
1.03522884136036e+02
7.48951905205356e+01
5.97815301861746e+01
3.62867547860959e+01
7.21100541728972e+01
1.35900138439963e+02
4.01429221554040e+02
6.69947188006795e+02
3.43809615053135e+02
1.76364945936384e+02
1.37986478232965e+02
1.03941182566642e+02
3.36843344673053e+02
6.33680510947851e+02
4.67458859201372e+02
2.45063911454944e+02
1.70173472211759e+02
1.43089238402384e+02
1.10832450074734e+02
9.21189125207650e+01
3.49871454352603e+02
2.41898365515050e+02
1.68843048862556e+02
1.79149809506355e+02
1.26512450289732e+02
1.17840073550187e+02
9.33161989106334e+01
8.64862452083160e+01
1.87743505533998e+02
1.40428964811520e+02
1.05135940683901e+02
1.53799646930422e+02
1.07808663566935e+02
1.17178886969771e+02
9.54415036610416e+01
1.03334134861246e+02
1.03311015464795e+02
1.35058010967521e+02
1.50758989783404e+02
7.47078387934363e+01
6.68148504560084e+01
1.18457647171701e+02
6.65892311659429e+01
5.92841911416669e+01
1.39540886273548e+02
1.05544710711000e+02
7.80869124744483e+01
6.36661713456491e+01
3.93452700980371e+01
6.08115927490894e+01
7.73633142856809e+01
3.26045687351987e+02
