Project9 Dipole-Dipole_1
2.50
11
3
Type of measurement (0=app.resistivity,1=resistance)
1
1469
2
0
4 7.50 0.00 5.00 0.00 0.00 0.00 2.50 0.00 8.90313
4 10.00 0.00 7.50 0.00 0.00 0.00 2.50 0.00 2.96446
4 10.00 0.00 7.50 0.00 2.50 0.00 5.00 0.00 11.8832
4 12.50 0.00 10.00 0.00 0.00 0.00 2.50 0.00 1.07402
4 12.50 0.00 10.00 0.00 2.50 0.00 5.00 0.00 2.84918
4 15.00 0.00 12.50 0.00 0.00 0.00 2.50 0.00 0.49748
4 15.00 0.00 10.00 0.00 0.00 0.00 5.00 0.00 5.46818
4 12.50 0.00 10.00 0.00 5.00 0.00 7.50 0.00 12.3373
4 15.00 0.00 12.50 0.00 2.50 0.00 5.00 0.00 1.04971
4 17.50 0.00 15.00 0.00 0.00 0.00 2.50 0.00 0.304994
4 15.00 0.00 12.50 0.00 5.00 0.00 7.50 0.00 2.97786
4 20.00 0.00 17.50 0.00 0.00 0.00 2.50 0.00 0.156645
4 17.50 0.00 15.00 0.00 2.50 0.00 5.00 0.00 0.545434
4 20.00 0.00 15.00 0.00 0.00 0.00 5.00 0.00 1.24982
4 15.00 0.00 12.50 0.00 7.50 0.00 10.00 0.00 14.3564
4 17.50 0.00 15.00 0.00 5.00 0.00 7.50 0.00 1.17916
4 20.00 0.00 17.50 0.00 2.50 0.00 5.00 0.00 0.242495
4 22.50 0.00 20.00 0.00 0.00 0.00 2.50 0.00 0.151028
4 20.00 0.00 17.50 0.00 5.00 0.00 7.50 0.00 0.433799
4 22.50 0.00 20.00 0.00 2.50 0.00 5.00 0.00 0.207564
4 25.00 0.00 22.50 0.00 0.00 0.00 2.50 0.00 0.074012
4 17.50 0.00 15.00 0.00 7.50 0.00 10.00 0.00 3.61961
4 25.00 0.00 20.00 0.00 0.00 0.00 5.00 0.00 0.526443
4 20.00 0.00 15.00 0.00 5.00 0.00 10.00 0.00 6.2462
4 22.50 0.00 20.00 0.00 5.00 0.00 7.50 0.00 0.319055
4 25.00 0.00 22.50 0.00 2.50 0.00 5.00 0.00 0.0923666
4 17.50 0.00 15.00 0.00 10.00 0.00 12.50 0.00 12.3045
4 20.00 0.00 17.50 0.00 7.50 0.00 10.00 0.00 1.01597
4 25.00 0.00 22.50 0.00 5.00 0.00 7.50 0.00 0.125885
4 27.50 0.00 25.00 0.00 2.50 0.00 5.00 0.00 0.0971147
4 22.50 0.00 20.00 0.00 7.50 0.00 10.00 0.00 0.627189
4 25.00 0.00 20.00 0.00 5.00 0.00 10.00 0.00 1.28451
4 20.00 0.00 17.50 0.00 10.00 0.00 12.50 0.00 2.19816
4 30.00 0.00 20.00 0.00 0.00 0.00 10.00 0.00 2.62152
4 30.00 0.00 25.00 0.00 0.00 0.00 5.00 0.00 0.31059
4 20.00 0.00 17.50 0.00 12.50 0.00 15.00 0.00 9.22616
4 22.50 0.00 20.00 0.00 10.00 0.00 12.50 0.00 1.06433
4 27.50 0.00 25.00 0.00 5.00 0.00 7.50 0.00 0.11851
4 25.00 0.00 22.50 0.00 7.50 0.00 10.00 0.00 0.213625
4 22.50 0.00 20.00 0.00 12.50 0.00 15.00 0.00 2.65022
4 27.50 0.00 25.00 0.00 7.50 0.00 10.00 0.00 0.184402
4 30.00 0.00 27.50 0.00 5.00 0.00 7.50 0.00 0.0814675
4 25.00 0.00 22.50 0.00 10.00 0.00 12.50 0.00 0.30466
4 35.00 0.00 30.00 0.00 0.00 0.00 5.00 0.00 0.221912
4 30.00 0.00 25.00 0.00 5.00 0.00 10.00 0.00 0.500607
4 25.00 0.00 20.00 0.00 10.00 0.00 15.00 0.00 4.58616
4 22.50 0.00 20.00 0.00 15.00 0.00 17.50 0.00 12.2648
4 25.00 0.00 22.50 0.00 12.50 0.00 15.00 0.00 0.569196
4 27.50 0.00 25.00 0.00 10.00 0.00 12.50 0.00 0.233794
4 30.00 0.00 27.50 0.00 7.50 0.00 10.00 0.00 0.115682
4 25.00 0.00 22.50 0.00 15.00 0.00 17.50 0.00 1.57095
4 27.50 0.00 25.00 0.00 12.50 0.00 15.00 0.00 0.369203
4 30.00 0.00 27.50 0.00 10.00 0.00 12.50 0.00 0.135946
4 32.50 0.00 30.00 0.00 7.50 0.00 10.00 0.00 0.0980951
4 35.00 0.00 25.00 0.00 5.00 0.00 15.00 0.00 2.15722
4 40.00 0.00 30.00 0.00 0.00 0.00 10.00 0.00 0.858202
4 40.00 0.00 35.00 0.00 0.00 0.00 5.00 0.00 0.148938
4 35.00 0.00 30.00 0.00 5.00 0.00 10.00 0.00 0.302613
4 30.00 0.00 25.00 0.00 10.00 0.00 15.00 0.00 0.9282
4 27.50 0.00 25.00 0.00 15.00 0.00 17.50 0.00 0.811702
4 30.00 0.00 27.50 0.00 12.50 0.00 15.00 0.00 0.188218
4 32.50 0.00 30.00 0.00 10.00 0.00 12.50 0.00 0.106829
4 25.00 0.00 22.50 0.00 17.50 0.00 20.00 0.00 5.30169
4 32.50 0.00 30.00 0.00 12.50 0.00 15.00 0.00 0.135659
4 30.00 0.00 27.50 0.00 15.00 0.00 17.50 0.00 0.341309
4 35.00 0.00 32.50 0.00 10.00 0.00 12.50 0.00 0.0815785
4 30.00 0.00 25.00 0.00 15.00 0.00 20.00 0.00 3.59172
4 27.50 0.00 25.00 0.00 17.50 0.00 20.00 0.00 1.83858
4 45.00 0.00 30.00 0.00 0.00 0.00 15.00 0.00 1.89285
4 45.00 0.00 40.00 0.00 0.00 0.00 5.00 0.00 0.0955237
4 40.00 0.00 35.00 0.00 5.00 0.00 10.00 0.00 0.188369
4 35.00 0.00 30.00 0.00 10.00 0.00 15.00 0.00 0.424815
4 27.50 0.00 25.00 0.00 20.00 0.00 22.50 0.00 13.2229
4 30.00 0.00 27.50 0.00 17.50 0.00 20.00 0.00 0.572928
4 32.50 0.00 30.00 0.00 15.00 0.00 17.50 0.00 0.221479
4 35.00 0.00 32.50 0.00 12.50 0.00 15.00 0.00 0.0979207
4 30.00 0.00 27.50 0.00 20.00 0.00 22.50 0.00 2.41015
4 32.50 0.00 30.00 0.00 17.50 0.00 20.00 0.00 0.294942
4 35.00 0.00 32.50 0.00 15.00 0.00 17.50 0.00 0.15143
4 40.00 0.00 30.00 0.00 10.00 0.00 20.00 0.00 1.93078
4 35.00 0.00 30.00 0.00 15.00 0.00 20.00 0.00 0.850326
4 45.00 0.00 35.00 0.00 5.00 0.00 15.00 0.00 0.702485
4 50.00 0.00 45.00 0.00 0.00 0.00 5.00 0.00 0.0630077
4 45.00 0.00 40.00 0.00 5.00 0.00 10.00 0.00 0.119431
4 40.00 0.00 35.00 0.00 10.00 0.00 15.00 0.00 0.246151
4 50.00 0.00 40.00 0.00 0.00 0.00 10.00 0.00 0.375412
4 37.50 0.00 35.00 0.00 12.50 0.00 15.00 0.00 0.0757055
4 32.50 0.00 30.00 0.00 20.00 0.00 22.50 0.00 0.853406
4 37.50 0.00 35.00 0.00 15.00 0.00 17.50 0.00 0.112555
4 30.00 0.00 27.50 0.00 22.50 0.00 25.00 0.00 7.20719
4 35.00 0.00 32.50 0.00 17.50 0.00 20.00 0.00 0.181741
4 32.50 0.00 30.00 0.00 22.50 0.00 25.00 0.00 1.46229
4 35.00 0.00 32.50 0.00 20.00 0.00 22.50 0.00 0.42742
4 37.50 0.00 35.00 0.00 17.50 0.00 20.00 0.00 0.12481
4 50.00 0.00 45.00 0.00 5.00 0.00 10.00 0.00 0.0975002
4 40.00 0.00 37.50 0.00 15.00 0.00 17.50 0.00 0.0827929
4 50.00 0.00 35.00 0.00 5.00 0.00 20.00 0.00 1.72185
4 45.00 0.00 40.00 0.00 10.00 0.00 15.00 0.00 0.148312
4 40.00 0.00 35.00 0.00 15.00 0.00 20.00 0.00 0.410148
4 35.00 0.00 30.00 0.00 20.00 0.00 25.00 0.00 3.33498
4 37.50 0.00 35.00 0.00 20.00 0.00 22.50 0.00 0.264183
4 40.00 0.00 37.50 0.00 17.50 0.00 20.00 0.00 0.0910704
4 32.50 0.00 30.00 0.00 25.00 0.00 27.50 0.00 10.7892
4 35.00 0.00 32.50 0.00 22.50 0.00 25.00 0.00 0.533162
4 35.00 0.00 32.50 0.00 25.00 0.00 27.50 0.00 1.99864
4 40.00 0.00 37.50 0.00 20.00 0.00 22.50 0.00 0.182172
4 42.50 0.00 40.00 0.00 17.50 0.00 20.00 0.00 0.0632525
4 60.00 0.00 50.00 0.00 0.00 0.00 10.00 0.00 0.217361
4 40.00 0.00 35.00 0.00 20.00 0.00 25.00 0.00 0.90411
4 55.00 0.00 45.00 0.00 5.00 0.00 15.00 0.00 0.342095
4 60.00 0.00 45.00 0.00 0.00 0.00 15.00 0.00 0.615277
4 37.50 0.00 35.00 0.00 22.50 0.00 25.00 0.00 0.278757
4 60.00 0.00 40.00 0.00 0.00 0.00 20.00 0.00 1.54856
4 50.00 0.00 40.00 0.00 10.00 0.00 20.00 0.00 0.661845
4 50.00 0.00 45.00 0.00 10.00 0.00 15.00 0.00 0.120244
4 45.00 0.00 35.00 0.00 15.00 0.00 25.00 0.00 1.9816
4 45.00 0.00 40.00 0.00 15.00 0.00 20.00 0.00 0.228877
4 55.00 0.00 50.00 0.00 5.00 0.00 10.00 0.00 0.0595148
4 35.00 0.00 32.50 0.00 27.50 0.00 30.00 0.00 12.2594
4 37.50 0.00 35.00 0.00 25.00 0.00 27.50 0.00 0.735573
4 42.50 0.00 40.00 0.00 20.00 0.00 22.50 0.00 0.123179
4 40.00 0.00 37.50 0.00 22.50 0.00 25.00 0.00 0.176599
4 37.50 0.00 35.00 0.00 27.50 0.00 30.00 0.00 2.04025
4 40.00 0.00 37.50 0.00 25.00 0.00 27.50 0.00 0.396297
4 42.50 0.00 40.00 0.00 22.50 0.00 25.00 0.00 0.115142
4 45.00 0.00 42.50 0.00 20.00 0.00 22.50 0.00 0.105808
4 55.00 0.00 40.00 0.00 10.00 0.00 25.00 0.00 1.74237
4 40.00 0.00 35.00 0.00 25.00 0.00 30.00 0.00 3.97239
4 55.00 0.00 50.00 0.00 10.00 0.00 15.00 0.00 0.0664565
4 50.00 0.00 45.00 0.00 15.00 0.00 20.00 0.00 0.16413
4 45.00 0.00 40.00 0.00 20.00 0.00 25.00 0.00 0.439724
4 42.50 0.00 40.00 0.00 25.00 0.00 27.50 0.00 0.238236
4 40.00 0.00 37.50 0.00 27.50 0.00 30.00 0.00 0.731523
4 45.00 0.00 42.50 0.00 22.50 0.00 25.00 0.00 0.0953257
4 37.50 0.00 35.00 0.00 30.00 0.00 32.50 0.00 12.5154
4 45.00 0.00 42.50 0.00 25.00 0.00 27.50 0.00 0.188416
4 47.50 0.00 45.00 0.00 22.50 0.00 25.00 0.00 0.068234
4 45.00 0.00 40.00 0.00 25.00 0.00 30.00 0.00 1.04579
4 55.00 0.00 45.00 0.00 15.00 0.00 25.00 0.00 0.738977
4 65.00 0.00 50.00 0.00 5.00 0.00 20.00 0.00 0.535717
4 60.00 0.00 55.00 0.00 10.00 0.00 15.00 0.00 0.0528272
4 70.00 0.00 60.00 0.00 0.00 0.00 10.00 0.00 0.125009
4 65.00 0.00 45.00 0.00 5.00 0.00 25.00 0.00 1.59978
4 65.00 0.00 55.00 0.00 5.00 0.00 15.00 0.00 0.177713
4 40.00 0.00 37.50 0.00 30.00 0.00 32.50 0.00 2.38651
4 60.00 0.00 50.00 0.00 10.00 0.00 20.00 0.00 0.293264
4 55.00 0.00 50.00 0.00 15.00 0.00 20.00 0.00 0.104916
4 50.00 0.00 40.00 0.00 20.00 0.00 30.00 0.00 2.3297
4 42.50 0.00 40.00 0.00 27.50 0.00 30.00 0.00 0.360986
4 50.00 0.00 45.00 0.00 20.00 0.00 25.00 0.00 0.285514
4 45.00 0.00 42.50 0.00 27.50 0.00 30.00 0.00 0.25568
4 47.50 0.00 45.00 0.00 25.00 0.00 27.50 0.00 0.130458
4 40.00 0.00 37.50 0.00 32.50 0.00 35.00 0.00 11.1687
4 42.50 0.00 40.00 0.00 30.00 0.00 32.50 0.00 0.819005
4 45.00 0.00 42.50 0.00 30.00 0.00 32.50 0.00 0.457047
4 47.50 0.00 45.00 0.00 27.50 0.00 30.00 0.00 0.165789
4 50.00 0.00 47.50 0.00 25.00 0.00 27.50 0.00 0.121137
4 42.50 0.00 40.00 0.00 32.50 0.00 35.00 0.00 2.27673
4 75.00 0.00 60.00 0.00 0.00 0.00 15.00 0.00 0.26778
4 75.00 0.00 50.00 0.00 0.00 0.00 25.00 0.00 1.41971
4 50.00 0.00 45.00 0.00 25.00 0.00 30.00 0.00 0.563656
4 60.00 0.00 45.00 0.00 15.00 0.00 30.00 0.00 2.0233
4 60.00 0.00 55.00 0.00 15.00 0.00 20.00 0.00 0.071426
4 55.00 0.00 50.00 0.00 20.00 0.00 25.00 0.00 0.186106
4 45.00 0.00 40.00 0.00 30.00 0.00 35.00 0.00 4.45077
4 47.50 0.00 45.00 0.00 30.00 0.00 32.50 0.00 0.263182
4 42.50 0.00 40.00 0.00 35.00 0.00 37.50 0.00 10.1605
4 45.00 0.00 42.50 0.00 32.50 0.00 35.00 0.00 0.86091
4 50.00 0.00 47.50 0.00 27.50 0.00 30.00 0.00 0.147404
4 52.50 0.00 50.00 0.00 27.50 0.00 30.00 0.00 0.105241
4 50.00 0.00 47.50 0.00 30.00 0.00 32.50 0.00 0.220644
4 47.50 0.00 45.00 0.00 32.50 0.00 35.00 0.00 0.397888
4 75.00 0.00 65.00 0.00 5.00 0.00 15.00 0.00 0.105405
4 70.00 0.00 50.00 0.00 10.00 0.00 30.00 0.00 1.70466
4 65.00 0.00 55.00 0.00 15.00 0.00 25.00 0.00 0.340235
4 70.00 0.00 55.00 0.00 10.00 0.00 25.00 0.00 0.568085
4 80.00 0.00 70.00 0.00 0.00 0.00 10.00 0.00 0.0806638
4 60.00 0.00 50.00 0.00 20.00 0.00 30.00 0.00 0.835709
4 70.00 0.00 60.00 0.00 10.00 0.00 20.00 0.00 0.168898
4 45.00 0.00 42.50 0.00 35.00 0.00 37.50 0.00 2.24506
4 50.00 0.00 45.00 0.00 30.00 0.00 35.00 0.00 1.12201
4 65.00 0.00 60.00 0.00 15.00 0.00 20.00 0.00 0.0579978
4 60.00 0.00 55.00 0.00 20.00 0.00 25.00 0.00 0.118644
4 55.00 0.00 45.00 0.00 25.00 0.00 35.00 0.00 2.60647
4 55.00 0.00 50.00 0.00 25.00 0.00 30.00 0.00 0.33065
4 80.00 0.00 60.00 0.00 0.00 0.00 20.00 0.00 0.478176
4 50.00 0.00 47.50 0.00 32.50 0.00 35.00 0.00 0.237819
4 45.00 0.00 42.50 0.00 37.50 0.00 40.00 0.00 9.41587
4 47.50 0.00 45.00 0.00 35.00 0.00 37.50 0.00 0.747894
4 52.50 0.00 50.00 0.00 30.00 0.00 32.50 0.00 0.146117
4 52.50 0.00 50.00 0.00 32.50 0.00 35.00 0.00 0.232633
4 55.00 0.00 52.50 0.00 30.00 0.00 32.50 0.00 0.100075
4 65.00 0.00 60.00 0.00 20.00 0.00 25.00 0.00 0.0921107
4 80.00 0.00 55.00 0.00 5.00 0.00 30.00 0.00 1.50432
4 60.00 0.00 55.00 0.00 25.00 0.00 30.00 0.00 0.200617
4 47.50 0.00 45.00 0.00 37.50 0.00 40.00 0.00 1.92906
4 50.00 0.00 47.50 0.00 35.00 0.00 37.50 0.00 0.488346
4 80.00 0.00 65.00 0.00 5.00 0.00 20.00 0.00 0.242494
4 50.00 0.00 45.00 0.00 35.00 0.00 40.00 0.00 4.07165
4 55.00 0.00 50.00 0.00 30.00 0.00 35.00 0.00 0.606304
4 65.00 0.00 50.00 0.00 20.00 0.00 35.00 0.00 2.203
4 50.00 0.00 47.50 0.00 37.50 0.00 40.00 0.00 0.869943
4 52.50 0.00 50.00 0.00 35.00 0.00 37.50 0.00 0.199035
4 55.00 0.00 52.50 0.00 32.50 0.00 35.00 0.00 0.116945
4 47.50 0.00 45.00 0.00 40.00 0.00 42.50 0.00 7.27853
4 52.50 0.00 50.00 0.00 37.50 0.00 40.00 0.00 0.377615
4 55.00 0.00 52.50 0.00 35.00 0.00 37.50 0.00 0.143432
4 57.50 0.00 55.00 0.00 32.50 0.00 35.00 0.00 0.0939643
4 50.00 0.00 47.50 0.00 40.00 0.00 42.50 0.00 2.12894
4 75.00 0.00 60.00 0.00 15.00 0.00 30.00 0.00 0.66878
4 85.00 0.00 75.00 0.00 5.00 0.00 15.00 0.00 0.0645128
4 70.00 0.00 60.00 0.00 20.00 0.00 30.00 0.00 0.408361
4 90.00 0.00 80.00 0.00 0.00 0.00 10.00 0.00 0.0505954
4 90.00 0.00 75.00 0.00 0.00 0.00 15.00 0.00 0.133101
4 85.00 0.00 65.00 0.00 5.00 0.00 25.00 0.00 0.468614
4 60.00 0.00 55.00 0.00 30.00 0.00 35.00 0.00 0.301837
4 65.00 0.00 60.00 0.00 25.00 0.00 30.00 0.00 0.150116
4 80.00 0.00 70.00 0.00 10.00 0.00 20.00 0.00 0.102705
4 75.00 0.00 55.00 0.00 15.00 0.00 35.00 0.00 1.82556
4 70.00 0.00 65.00 0.00 20.00 0.00 25.00 0.00 0.0632002
4 65.00 0.00 55.00 0.00 25.00 0.00 35.00 0.00 0.870456
4 60.00 0.00 50.00 0.00 30.00 0.00 40.00 0.00 2.22388
4 55.00 0.00 50.00 0.00 35.00 0.00 40.00 0.00 0.905385
4 75.00 0.00 65.00 0.00 15.00 0.00 25.00 0.00 0.187382
4 55.00 0.00 52.50 0.00 37.50 0.00 40.00 0.00 0.196198
4 50.00 0.00 47.50 0.00 42.50 0.00 45.00 0.00 11.401
4 57.50 0.00 55.00 0.00 35.00 0.00 37.50 0.00 0.108704
4 52.50 0.00 50.00 0.00 40.00 0.00 42.50 0.00 0.645524
4 52.50 0.00 50.00 0.00 42.50 0.00 45.00 0.00 2.03587
4 55.00 0.00 52.50 0.00 40.00 0.00 42.50 0.00 0.275534
4 57.50 0.00 55.00 0.00 37.50 0.00 40.00 0.00 0.136654
4 60.00 0.00 57.50 0.00 35.00 0.00 37.50 0.00 0.0734075
4 65.00 0.00 60.00 0.00 30.00 0.00 35.00 0.00 0.217532
4 85.00 0.00 70.00 0.00 10.00 0.00 25.00 0.00 0.252739
4 55.00 0.00 50.00 0.00 40.00 0.00 45.00 0.00 3.60323
4 70.00 0.00 55.00 0.00 25.00 0.00 40.00 0.00 1.96496
4 70.00 0.00 65.00 0.00 25.00 0.00 30.00 0.00 0.100068
4 60.00 0.00 55.00 0.00 35.00 0.00 40.00 0.00 0.411344
4 85.00 0.00 60.00 0.00 10.00 0.00 35.00 0.00 1.60255
4 55.00 0.00 52.50 0.00 42.50 0.00 45.00 0.00 0.620843
4 57.50 0.00 55.00 0.00 40.00 0.00 42.50 0.00 0.167841
4 60.00 0.00 57.50 0.00 37.50 0.00 40.00 0.00 0.0897627
4 52.50 0.00 50.00 0.00 45.00 0.00 47.50 0.00 8.03385
4 55.00 0.00 52.50 0.00 45.00 0.00 47.50 0.00 1.52254
4 62.50 0.00 60.00 0.00 37.50 0.00 40.00 0.00 0.08243
4 75.00 0.00 65.00 0.00 25.00 0.00 35.00 0.00 0.427568
4 85.00 0.00 75.00 0.00 15.00 0.00 25.00 0.00 0.108926
4 95.00 0.00 80.00 0.00 5.00 0.00 20.00 0.00 0.119894
4 100.00 0.00 75.00 0.00 0.00 0.00 25.00 0.00 0.39437
4 90.00 0.00 80.00 0.00 10.00 0.00 20.00 0.00 0.0618363
4 95.00 0.00 85.00 0.00 5.00 0.00 15.00 0.00 0.0454484
4 100.00 0.00 90.00 0.00 0.00 0.00 10.00 0.00 0.034072
4 80.00 0.00 60.00 0.00 20.00 0.00 40.00 0.00 1.83766
4 65.00 0.00 60.00 0.00 35.00 0.00 40.00 0.00 0.274291
4 60.00 0.00 57.50 0.00 40.00 0.00 42.50 0.00 0.102344
4 80.00 0.00 65.00 0.00 20.00 0.00 35.00 0.00 0.718614
4 75.00 0.00 70.00 0.00 25.00 0.00 30.00 0.00 0.0795386
4 70.00 0.00 60.00 0.00 30.00 0.00 40.00 0.00 0.80129
4 70.00 0.00 65.00 0.00 30.00 0.00 35.00 0.00 0.140303
4 80.00 0.00 70.00 0.00 20.00 0.00 30.00 0.00 0.229297
4 60.00 0.00 55.00 0.00 40.00 0.00 45.00 0.00 0.733167
4 57.50 0.00 55.00 0.00 42.50 0.00 45.00 0.00 0.30058
4 90.00 0.00 70.00 0.00 10.00 0.00 30.00 0.00 0.524848
4 65.00 0.00 55.00 0.00 35.00 0.00 45.00 0.00 1.81846
4 100.00 0.00 80.00 0.00 0.00 0.00 20.00 0.00 0.188129
4 55.00 0.00 52.50 0.00 47.50 0.00 50.00 0.00 7.69658
4 60.00 0.00 57.50 0.00 42.50 0.00 45.00 0.00 0.162369
4 62.50 0.00 60.00 0.00 40.00 0.00 42.50 0.00 0.0910027
4 57.50 0.00 55.00 0.00 45.00 0.00 47.50 0.00 0.544095
4 60.00 0.00 57.50 0.00 45.00 0.00 47.50 0.00 0.239495
4 62.50 0.00 60.00 0.00 42.50 0.00 45.00 0.00 0.133726
4 90.00 0.00 65.00 0.00 15.00 0.00 40.00 0.00 1.57787
4 90.00 0.00 75.00 0.00 15.00 0.00 30.00 0.00 0.28825
4 65.00 0.00 60.00 0.00 40.00 0.00 45.00 0.00 0.399653
4 75.00 0.00 60.00 0.00 30.00 0.00 45.00 0.00 1.82265
4 60.00 0.00 55.00 0.00 45.00 0.00 50.00 0.00 2.94845
4 105.00 0.00 90.00 0.00 0.00 0.00 15.00 0.00 0.0709302
4 75.00 0.00 70.00 0.00 30.00 0.00 35.00 0.00 0.107899
4 65.00 0.00 62.50 0.00 40.00 0.00 42.50 0.00 0.0725523
4 70.00 0.00 65.00 0.00 35.00 0.00 40.00 0.00 0.168799
4 57.50 0.00 55.00 0.00 47.50 0.00 50.00 0.00 1.66719
4 57.50 0.00 55.00 0.00 50.00 0.00 52.50 0.00 8.9314
4 62.50 0.00 60.00 0.00 45.00 0.00 47.50 0.00 0.179444
4 65.00 0.00 62.50 0.00 42.50 0.00 45.00 0.00 0.101845
4 60.00 0.00 57.50 0.00 47.50 0.00 50.00 0.00 0.533177
4 62.50 0.00 60.00 0.00 47.50 0.00 50.00 0.00 0.329519
4 65.00 0.00 62.50 0.00 45.00 0.00 47.50 0.00 0.129103
4 75.00 0.00 65.00 0.00 35.00 0.00 45.00 0.00 0.683744
4 100.00 0.00 85.00 0.00 10.00 0.00 25.00 0.00 0.131092
4 90.00 0.00 80.00 0.00 20.00 0.00 30.00 0.00 0.130305
4 105.00 0.00 95.00 0.00 5.00 0.00 15.00 0.00 0.0285555
4 85.00 0.00 70.00 0.00 25.00 0.00 40.00 0.00 0.688522
4 105.00 0.00 85.00 0.00 5.00 0.00 25.00 0.00 0.193441
4 105.00 0.00 80.00 0.00 5.00 0.00 30.00 0.00 0.408504
4 95.00 0.00 85.00 0.00 15.00 0.00 25.00 0.00 0.0731258
4 100.00 0.00 90.00 0.00 10.00 0.00 20.00 0.00 0.0406772
4 95.00 0.00 75.00 0.00 15.00 0.00 35.00 0.00 0.559016
4 60.00 0.00 57.50 0.00 50.00 0.00 52.50 0.00 1.50652
4 85.00 0.00 65.00 0.00 25.00 0.00 45.00 0.00 1.66493
4 85.00 0.00 75.00 0.00 25.00 0.00 35.00 0.00 0.228721
4 80.00 0.00 70.00 0.00 30.00 0.00 40.00 0.00 0.399112
4 75.00 0.00 70.00 0.00 35.00 0.00 40.00 0.00 0.126033
4 70.00 0.00 65.00 0.00 40.00 0.00 45.00 0.00 0.229327
4 65.00 0.00 60.00 0.00 45.00 0.00 50.00 0.00 0.853672
4 70.00 0.00 60.00 0.00 40.00 0.00 50.00 0.00 1.88915
4 80.00 0.00 75.00 0.00 30.00 0.00 35.00 0.00 0.0776543
4 67.50 0.00 65.00 0.00 42.50 0.00 45.00 0.00 0.0749039
4 62.50 0.00 60.00 0.00 50.00 0.00 52.50 0.00 0.639216
4 65.00 0.00 62.50 0.00 47.50 0.00 50.00 0.00 0.21342
4 60.00 0.00 57.50 0.00 52.50 0.00 55.00 0.00 9.50354
4 67.50 0.00 65.00 0.00 45.00 0.00 47.50 0.00 0.0931685
4 62.50 0.00 60.00 0.00 52.50 0.00 55.00 0.00 2.10804
4 67.50 0.00 65.00 0.00 47.50 0.00 50.00 0.00 0.145556
4 80.00 0.00 65.00 0.00 35.00 0.00 50.00 0.00 1.71915
4 110.00 0.00 95.00 0.00 5.00 0.00 20.00 0.00 0.0625155
4 95.00 0.00 80.00 0.00 20.00 0.00 35.00 0.00 0.310303
4 65.00 0.00 62.50 0.00 50.00 0.00 52.50 0.00 0.326603
4 95.00 0.00 70.00 0.00 20.00 0.00 45.00 0.00 1.5289
4 70.00 0.00 67.50 0.00 45.00 0.00 47.50 0.00 0.0659287
4 80.00 0.00 75.00 0.00 35.00 0.00 40.00 0.00 0.0885636
4 65.00 0.00 60.00 0.00 50.00 0.00 55.00 0.00 3.72116
4 70.00 0.00 65.00 0.00 45.00 0.00 50.00 0.00 0.407753
4 75.00 0.00 70.00 0.00 40.00 0.00 45.00 0.00 0.161684
4 62.50 0.00 60.00 0.00 55.00 0.00 57.50 0.00 12.2743
4 67.50 0.00 65.00 0.00 50.00 0.00 52.50 0.00 0.197451
4 70.00 0.00 67.50 0.00 47.50 0.00 50.00 0.00 0.101622
4 65.00 0.00 62.50 0.00 52.50 0.00 55.00 0.00 0.678799
4 67.50 0.00 65.00 0.00 52.50 0.00 55.00 0.00 0.327183
4 90.00 0.00 75.00 0.00 30.00 0.00 45.00 0.00 0.617141
4 95.00 0.00 85.00 0.00 25.00 0.00 35.00 0.00 0.145864
4 100.00 0.00 80.00 0.00 20.00 0.00 40.00 0.00 0.55172
4 105.00 0.00 95.00 0.00 15.00 0.00 25.00 0.00 0.0453189
4 75.00 0.00 65.00 0.00 45.00 0.00 55.00 0.00 1.96867
4 110.00 0.00 100.00 0.00 10.00 0.00 20.00 0.00 0.0252292
4 110.00 0.00 90.00 0.00 10.00 0.00 30.00 0.00 0.198171
4 120.00 0.00 105.00 0.00 0.00 0.00 15.00 0.00 0.0325409
4 90.00 0.00 80.00 0.00 30.00 0.00 40.00 0.00 0.211506
4 75.00 0.00 70.00 0.00 45.00 0.00 50.00 0.00 0.264505
4 65.00 0.00 62.50 0.00 55.00 0.00 57.50 0.00 2.0428
4 105.00 0.00 90.00 0.00 15.00 0.00 30.00 0.00 0.141862
4 110.00 0.00 85.00 0.00 10.00 0.00 35.00 0.00 0.437198
4 90.00 0.00 70.00 0.00 30.00 0.00 50.00 0.00 1.63676
4 85.00 0.00 75.00 0.00 35.00 0.00 45.00 0.00 0.324325
4 85.00 0.00 80.00 0.00 35.00 0.00 40.00 0.00 0.0582658
4 120.00 0.00 100.00 0.00 0.00 0.00 20.00 0.00 0.0729364
4 80.00 0.00 70.00 0.00 40.00 0.00 50.00 0.00 0.700808
4 72.50 0.00 70.00 0.00 47.50 0.00 50.00 0.00 0.0825762
4 70.00 0.00 65.00 0.00 50.00 0.00 55.00 0.00 0.846097
4 80.00 0.00 75.00 0.00 40.00 0.00 45.00 0.00 0.108083
4 70.00 0.00 67.50 0.00 50.00 0.00 52.50 0.00 0.130433
4 100.00 0.00 90.00 0.00 20.00 0.00 30.00 0.00 0.0824889
4 72.50 0.00 70.00 0.00 50.00 0.00 52.50 0.00 0.10425
4 70.00 0.00 67.50 0.00 52.50 0.00 55.00 0.00 0.188206
4 65.00 0.00 62.50 0.00 57.50 0.00 60.00 0.00 9.70321
4 67.50 0.00 65.00 0.00 55.00 0.00 57.50 0.00 0.646547
4 70.00 0.00 67.50 0.00 55.00 0.00 57.50 0.00 0.291872
4 72.50 0.00 70.00 0.00 52.50 0.00 55.00 0.00 0.142521
4 85.00 0.00 70.00 0.00 40.00 0.00 55.00 0.00 1.73752
4 100.00 0.00 75.00 0.00 25.00 0.00 50.00 0.00 1.47195
4 125.00 0.00 100.00 0.00 0.00 0.00 25.00 0.00 0.120299
4 115.00 0.00 100.00 0.00 10.00 0.00 25.00 0.00 0.0598408
4 100.00 0.00 85.00 0.00 25.00 0.00 40.00 0.00 0.314043
4 80.00 0.00 75.00 0.00 45.00 0.00 50.00 0.00 0.167813
4 70.00 0.00 65.00 0.00 55.00 0.00 60.00 0.00 3.25611
4 75.00 0.00 72.50 0.00 50.00 0.00 52.50 0.00 0.0884195
4 85.00 0.00 80.00 0.00 40.00 0.00 45.00 0.00 0.0695585
4 67.50 0.00 65.00 0.00 57.50 0.00 60.00 0.00 1.74447
4 75.00 0.00 70.00 0.00 50.00 0.00 55.00 0.00 0.449706
4 72.50 0.00 70.00 0.00 55.00 0.00 57.50 0.00 0.18597
4 75.00 0.00 72.50 0.00 52.50 0.00 55.00 0.00 0.115163
4 70.00 0.00 67.50 0.00 57.50 0.00 60.00 0.00 0.546533
4 67.50 0.00 65.00 0.00 60.00 0.00 62.50 0.00 9.48952
4 72.50 0.00 70.00 0.00 57.50 0.00 60.00 0.00 0.276508
4 90.00 0.00 85.00 0.00 40.00 0.00 45.00 0.00 0.0619911
4 90.00 0.00 80.00 0.00 40.00 0.00 50.00 0.00 0.325216
4 75.00 0.00 70.00 0.00 55.00 0.00 60.00 0.00 0.792268
4 95.00 0.00 85.00 0.00 35.00 0.00 45.00 0.00 0.19325
4 105.00 0.00 85.00 0.00 25.00 0.00 45.00 0.00 0.534704
4 115.00 0.00 105.00 0.00 15.00 0.00 25.00 0.00 0.0251313
4 115.00 0.00 90.00 0.00 15.00 0.00 40.00 0.00 0.410341
4 85.00 0.00 75.00 0.00 45.00 0.00 55.00 0.00 0.685039
4 75.00 0.00 72.50 0.00 55.00 0.00 57.50 0.00 0.14218
4 100.00 0.00 90.00 0.00 30.00 0.00 40.00 0.00 0.127526
4 115.00 0.00 95.00 0.00 15.00 0.00 35.00 0.00 0.204266
4 110.00 0.00 95.00 0.00 20.00 0.00 35.00 0.00 0.149811
4 105.00 0.00 95.00 0.00 25.00 0.00 35.00 0.00 0.0867877
4 85.00 0.00 80.00 0.00 45.00 0.00 50.00 0.00 0.104356
4 95.00 0.00 75.00 0.00 35.00 0.00 55.00 0.00 1.56063
4 80.00 0.00 75.00 0.00 50.00 0.00 55.00 0.00 0.25943
4 110.00 0.00 100.00 0.00 20.00 0.00 30.00 0.00 0.049293
4 77.50 0.00 75.00 0.00 52.50 0.00 55.00 0.00 0.0874259
4 125.00 0.00 105.00 0.00 5.00 0.00 25.00 0.00 0.0688263
4 125.00 0.00 110.00 0.00 5.00 0.00 20.00 0.00 0.0279468
4 95.00 0.00 80.00 0.00 35.00 0.00 50.00 0.00 0.574001
4 80.00 0.00 70.00 0.00 50.00 0.00 60.00 0.00 1.86322
4 70.00 0.00 67.50 0.00 60.00 0.00 62.50 0.00 1.71575
4 75.00 0.00 72.50 0.00 57.50 0.00 60.00 0.00 0.185307
4 77.50 0.00 75.00 0.00 55.00 0.00 57.50 0.00 0.103405
4 72.50 0.00 70.00 0.00 60.00 0.00 62.50 0.00 0.619906
4 70.00 0.00 67.50 0.00 62.50 0.00 65.00 0.00 9.32949
4 90.00 0.00 75.00 0.00 45.00 0.00 60.00 0.00 1.6187
4 90.00 0.00 85.00 0.00 45.00 0.00 50.00 0.00 0.0890902
4 120.00 0.00 105.00 0.00 15.00 0.00 30.00 0.00 0.0616194
4 77.50 0.00 75.00 0.00 57.50 0.00 60.00 0.00 0.123578
4 75.00 0.00 70.00 0.00 60.00 0.00 65.00 0.00 3.51589
4 130.00 0.00 105.00 0.00 5.00 0.00 30.00 0.00 0.118581
4 105.00 0.00 90.00 0.00 30.00 0.00 45.00 0.00 0.270461
4 135.00 0.00 120.00 0.00 0.00 0.00 15.00 0.00 0.0199206
4 85.00 0.00 80.00 0.00 50.00 0.00 55.00 0.00 0.153873
4 105.00 0.00 80.00 0.00 30.00 0.00 55.00 0.00 1.41694
4 80.00 0.00 75.00 0.00 55.00 0.00 60.00 0.00 0.363037
4 75.00 0.00 72.50 0.00 60.00 0.00 62.50 0.00 0.329106
4 72.50 0.00 70.00 0.00 62.50 0.00 65.00 0.00 1.86418
4 80.00 0.00 77.50 0.00 55.00 0.00 57.50 0.00 0.0634074
4 75.00 0.00 72.50 0.00 62.50 0.00 65.00 0.00 0.684505
4 80.00 0.00 77.50 0.00 57.50 0.00 60.00 0.00 0.0731718
4 72.50 0.00 70.00 0.00 65.00 0.00 67.50 0.00 10.4137
4 77.50 0.00 75.00 0.00 60.00 0.00 62.50 0.00 0.191697
4 90.00 0.00 85.00 0.00 50.00 0.00 55.00 0.00 0.128384
4 100.00 0.00 80.00 0.00 40.00 0.00 60.00 0.00 1.45767
4 105.00 0.00 95.00 0.00 35.00 0.00 45.00 0.00 0.10967
4 110.00 0.00 90.00 0.00 30.00 0.00 50.00 0.00 0.48056
4 95.00 0.00 85.00 0.00 45.00 0.00 55.00 0.00 0.358518
4 100.00 0.00 85.00 0.00 40.00 0.00 55.00 0.00 0.605022
4 100.00 0.00 90.00 0.00 40.00 0.00 50.00 0.00 0.181627
4 75.00 0.00 72.50 0.00 65.00 0.00 67.50 0.00 2.14436
4 115.00 0.00 105.00 0.00 25.00 0.00 35.00 0.00 0.0462988
4 130.00 0.00 115.00 0.00 10.00 0.00 25.00 0.00 0.0293819
4 120.00 0.00 95.00 0.00 20.00 0.00 45.00 0.00 0.378527
4 90.00 0.00 80.00 0.00 50.00 0.00 60.00 0.00 0.636097
4 140.00 0.00 120.00 0.00 0.00 0.00 20.00 0.00 0.0383724
4 82.50 0.00 80.00 0.00 57.50 0.00 60.00 0.00 0.0532754
4 115.00 0.00 100.00 0.00 25.00 0.00 40.00 0.00 0.132182
4 120.00 0.00 100.00 0.00 20.00 0.00 40.00 0.00 0.187786
4 85.00 0.00 75.00 0.00 55.00 0.00 65.00 0.00 1.60524
4 85.00 0.00 80.00 0.00 55.00 0.00 60.00 0.00 0.196811
4 120.00 0.00 110.00 0.00 20.00 0.00 30.00 0.00 0.0263954
4 110.00 0.00 100.00 0.00 30.00 0.00 40.00 0.00 0.0737964
4 95.00 0.00 90.00 0.00 45.00 0.00 50.00 0.00 0.0598924
4 130.00 0.00 110.00 0.00 10.00 0.00 30.00 0.00 0.0706569
4 80.00 0.00 75.00 0.00 60.00 0.00 65.00 0.00 0.736358
4 80.00 0.00 77.50 0.00 60.00 0.00 62.50 0.00 0.105059
4 77.50 0.00 75.00 0.00 62.50 0.00 65.00 0.00 0.297675
4 75.00 0.00 72.50 0.00 67.50 0.00 70.00 0.00 9.70893
4 80.00 0.00 77.50 0.00 62.50 0.00 65.00 0.00 0.139033
4 82.50 0.00 80.00 0.00 60.00 0.00 62.50 0.00 0.0748437
4 77.50 0.00 75.00 0.00 65.00 0.00 67.50 0.00 0.63662
4 95.00 0.00 80.00 0.00 50.00 0.00 65.00 0.00 1.49248
4 95.00 0.00 90.00 0.00 50.00 0.00 55.00 0.00 0.0825338
4 125.00 0.00 110.00 0.00 20.00 0.00 35.00 0.00 0.0637586
4 110.00 0.00 95.00 0.00 35.00 0.00 50.00 0.00 0.245961
4 90.00 0.00 85.00 0.00 55.00 0.00 60.00 0.00 0.156173
4 140.00 0.00 125.00 0.00 5.00 0.00 20.00 0.00 0.0201363
4 135.00 0.00 110.00 0.00 10.00 0.00 35.00 0.00 0.121897
4 85.00 0.00 80.00 0.00 60.00 0.00 65.00 0.00 0.309604
4 80.00 0.00 75.00 0.00 65.00 0.00 70.00 0.00 2.91841
4 85.00 0.00 82.50 0.00 60.00 0.00 62.50 0.00 0.0678924
4 80.00 0.00 77.50 0.00 65.00 0.00 67.50 0.00 0.237737
4 110.00 0.00 85.00 0.00 35.00 0.00 60.00 0.00 1.34927
4 82.50 0.00 80.00 0.00 62.50 0.00 65.00 0.00 0.0895411
4 77.50 0.00 75.00 0.00 67.50 0.00 70.00 0.00 1.60175
4 77.50 0.00 75.00 0.00 70.00 0.00 72.50 0.00 7.50011
4 80.00 0.00 77.50 0.00 67.50 0.00 70.00 0.00 0.428082
4 85.00 0.00 82.50 0.00 62.50 0.00 65.00 0.00 0.0775016
4 82.50 0.00 80.00 0.00 65.00 0.00 67.50 0.00 0.13573
4 95.00 0.00 90.00 0.00 55.00 0.00 60.00 0.00 0.0980369
4 110.00 0.00 100.00 0.00 40.00 0.00 50.00 0.00 0.0992581
4 105.00 0.00 95.00 0.00 45.00 0.00 55.00 0.00 0.187713
4 100.00 0.00 90.00 0.00 50.00 0.00 60.00 0.00 0.31622
4 120.00 0.00 110.00 0.00 30.00 0.00 40.00 0.00 0.0381932
4 145.00 0.00 125.00 0.00 5.00 0.00 25.00 0.00 0.0400059
4 115.00 0.00 95.00 0.00 35.00 0.00 55.00 0.00 0.443133
4 100.00 0.00 95.00 0.00 50.00 0.00 55.00 0.00 0.0619815
4 90.00 0.00 85.00 0.00 60.00 0.00 65.00 0.00 0.226847
4 150.00 0.00 125.00 0.00 0.00 0.00 25.00 0.00 0.0579645
4 150.00 0.00 135.00 0.00 0.00 0.00 15.00 0.00 0.0172875
4 105.00 0.00 85.00 0.00 45.00 0.00 65.00 0.00 1.34975
4 85.00 0.00 80.00 0.00 65.00 0.00 70.00 0.00 0.589725
4 115.00 0.00 105.00 0.00 35.00 0.00 45.00 0.00 0.0561454
4 135.00 0.00 115.00 0.00 15.00 0.00 35.00 0.00 0.079544
4 125.00 0.00 100.00 0.00 25.00 0.00 50.00 0.00 0.343421
4 135.00 0.00 120.00 0.00 15.00 0.00 30.00 0.00 0.035646
4 120.00 0.00 105.00 0.00 30.00 0.00 45.00 0.00 0.106989
4 105.00 0.00 90.00 0.00 45.00 0.00 60.00 0.00 0.552957
4 125.00 0.00 115.00 0.00 25.00 0.00 35.00 0.00 0.0285774
4 82.50 0.00 80.00 0.00 67.50 0.00 70.00 0.00 0.201803
4 125.00 0.00 105.00 0.00 25.00 0.00 45.00 0.00 0.164383
4 87.50 0.00 85.00 0.00 62.50 0.00 65.00 0.00 0.0708566
4 85.00 0.00 82.50 0.00 65.00 0.00 67.50 0.00 0.108525
4 95.00 0.00 85.00 0.00 55.00 0.00 65.00 0.00 0.617657
4 80.00 0.00 77.50 0.00 70.00 0.00 72.50 0.00 1.17482
4 90.00 0.00 80.00 0.00 60.00 0.00 70.00 0.00 1.46696
4 82.50 0.00 80.00 0.00 70.00 0.00 72.50 0.00 0.417809
4 87.50 0.00 85.00 0.00 65.00 0.00 67.50 0.00 0.0929384
4 85.00 0.00 82.50 0.00 67.50 0.00 70.00 0.00 0.143181
4 80.00 0.00 77.50 0.00 72.50 0.00 75.00 0.00 5.63625
4 90.00 0.00 85.00 0.00 65.00 0.00 70.00 0.00 0.339847
4 100.00 0.00 95.00 0.00 55.00 0.00 60.00 0.00 0.0729719
4 95.00 0.00 90.00 0.00 60.00 0.00 65.00 0.00 0.135645
4 115.00 0.00 100.00 0.00 40.00 0.00 55.00 0.00 0.223245
4 145.00 0.00 130.00 0.00 10.00 0.00 25.00 0.00 0.023978
4 140.00 0.00 115.00 0.00 15.00 0.00 40.00 0.00 0.128137
4 100.00 0.00 85.00 0.00 55.00 0.00 70.00 0.00 1.44262
4 82.50 0.00 80.00 0.00 72.50 0.00 75.00 0.00 1.28454
4 85.00 0.00 80.00 0.00 70.00 0.00 75.00 0.00 2.51964
4 90.00 0.00 87.50 0.00 65.00 0.00 67.50 0.00 0.0631805
4 130.00 0.00 115.00 0.00 25.00 0.00 40.00 0.00 0.0619205
4 115.00 0.00 90.00 0.00 40.00 0.00 65.00 0.00 1.20634
4 87.50 0.00 85.00 0.00 67.50 0.00 70.00 0.00 0.113814
4 85.00 0.00 82.50 0.00 70.00 0.00 72.50 0.00 0.240879
4 90.00 0.00 87.50 0.00 67.50 0.00 70.00 0.00 0.0728287
4 87.50 0.00 85.00 0.00 70.00 0.00 72.50 0.00 0.169413
4 85.00 0.00 82.50 0.00 72.50 0.00 75.00 0.00 0.563494
4 82.50 0.00 80.00 0.00 75.00 0.00 77.50 0.00 6.77736
4 87.50 0.00 85.00 0.00 72.50 0.00 75.00 0.00 0.327425
4 90.00 0.00 85.00 0.00 70.00 0.00 75.00 0.00 0.757502
4 120.00 0.00 110.00 0.00 40.00 0.00 50.00 0.00 0.0488006
4 105.00 0.00 100.00 0.00 55.00 0.00 60.00 0.00 0.0511172
4 95.00 0.00 85.00 0.00 65.00 0.00 75.00 0.00 1.59939
4 90.00 0.00 87.50 0.00 70.00 0.00 72.50 0.00 0.0988588
4 110.00 0.00 90.00 0.00 50.00 0.00 70.00 0.00 1.24616
4 105.00 0.00 95.00 0.00 55.00 0.00 65.00 0.00 0.202241
4 115.00 0.00 105.00 0.00 45.00 0.00 55.00 0.00 0.090496
4 95.00 0.00 90.00 0.00 65.00 0.00 70.00 0.00 0.186105
4 110.00 0.00 95.00 0.00 50.00 0.00 65.00 0.00 0.500007
4 120.00 0.00 100.00 0.00 40.00 0.00 60.00 0.00 0.384095
4 100.00 0.00 90.00 0.00 60.00 0.00 70.00 0.00 0.550373
4 140.00 0.00 120.00 0.00 20.00 0.00 40.00 0.00 0.0853272
4 130.00 0.00 110.00 0.00 30.00 0.00 50.00 0.00 0.14761
4 110.00 0.00 100.00 0.00 50.00 0.00 60.00 0.00 0.161207
4 125.00 0.00 110.00 0.00 35.00 0.00 50.00 0.00 0.0942059
4 125.00 0.00 115.00 0.00 35.00 0.00 45.00 0.00 0.0327891
4 140.00 0.00 125.00 0.00 20.00 0.00 35.00 0.00 0.0418882
4 100.00 0.00 95.00 0.00 60.00 0.00 65.00 0.00 0.0206046
4 130.00 0.00 120.00 0.00 30.00 0.00 40.00 0.00 0.0281346
4 150.00 0.00 130.00 0.00 10.00 0.00 30.00 0.00 0.0468075
4 130.00 0.00 105.00 0.00 30.00 0.00 55.00 0.00 0.308533
4 92.50 0.00 90.00 0.00 67.50 0.00 70.00 0.00 0.0530642
4 85.00 0.00 82.50 0.00 75.00 0.00 77.50 0.00 1.81714
4 155.00 0.00 130.00 0.00 5.00 0.00 30.00 0.00 0.0664136
4 160.00 0.00 140.00 0.00 0.00 0.00 20.00 0.00 0.0281858
4 155.00 0.00 140.00 0.00 5.00 0.00 20.00 0.00 0.0167258
4 92.50 0.00 90.00 0.00 70.00 0.00 72.50 0.00 0.0694231
4 90.00 0.00 87.50 0.00 72.50 0.00 75.00 0.00 0.16668
4 87.50 0.00 85.00 0.00 75.00 0.00 77.50 0.00 0.777765
4 85.00 0.00 82.50 0.00 77.50 0.00 80.00 0.00 6.77097
4 95.00 0.00 90.00 0.00 70.00 0.00 75.00 0.00 0.318495
4 120.00 0.00 105.00 0.00 45.00 0.00 60.00 0.00 0.190511
4 105.00 0.00 90.00 0.00 60.00 0.00 75.00 0.00 1.34798
4 87.50 0.00 85.00 0.00 77.50 0.00 80.00 0.00 1.92363
4 90.00 0.00 87.50 0.00 75.00 0.00 77.50 0.00 0.314471
4 145.00 0.00 120.00 0.00 20.00 0.00 45.00 0.00 0.136535
4 135.00 0.00 120.00 0.00 30.00 0.00 45.00 0.00 0.0584954
4 120.00 0.00 95.00 0.00 45.00 0.00 70.00 0.00 1.09129
4 105.00 0.00 100.00 0.00 60.00 0.00 65.00 0.00 0.0743665
4 150.00 0.00 135.00 0.00 15.00 0.00 30.00 0.00 0.0294849
4 95.00 0.00 92.50 0.00 70.00 0.00 72.50 0.00 0.0569791
4 100.00 0.00 95.00 0.00 65.00 0.00 70.00 0.00 0.20756
4 90.00 0.00 85.00 0.00 75.00 0.00 80.00 0.00 3.55399
4 92.50 0.00 90.00 0.00 72.50 0.00 75.00 0.00 0.107314
4 90.00 0.00 87.50 0.00 77.50 0.00 80.00 0.00 0.576274
4 95.00 0.00 92.50 0.00 72.50 0.00 75.00 0.00 0.0847403
4 92.50 0.00 90.00 0.00 75.00 0.00 77.50 0.00 0.175712
4 87.50 0.00 85.00 0.00 80.00 0.00 82.50 0.00 9.83704
4 135.00 0.00 125.00 0.00 35.00 0.00 45.00 0.00 0.0240764
4 105.00 0.00 100.00 0.00 65.00 0.00 70.00 0.00 0.0718608
4 125.00 0.00 105.00 0.00 45.00 0.00 65.00 0.00 0.430175
4 115.00 0.00 105.00 0.00 55.00 0.00 65.00 0.00 0.229082
4 115.00 0.00 95.00 0.00 55.00 0.00 75.00 0.00 1.17886
4 120.00 0.00 110.00 0.00 50.00 0.00 60.00 0.00 0.0743688
4 100.00 0.00 95.00 0.00 70.00 0.00 75.00 0.00 0.199974
4 110.00 0.00 105.00 0.00 60.00 0.00 65.00 0.00 0.136457
4 105.00 0.00 95.00 0.00 65.00 0.00 75.00 0.00 0.631785
4 130.00 0.00 115.00 0.00 40.00 0.00 55.00 0.00 0.0927302
4 115.00 0.00 100.00 0.00 55.00 0.00 70.00 0.00 0.42537
4 125.00 0.00 115.00 0.00 45.00 0.00 55.00 0.00 0.0502653
4 145.00 0.00 125.00 0.00 25.00 0.00 45.00 0.00 0.0866405
4 135.00 0.00 110.00 0.00 35.00 0.00 60.00 0.00 0.277008
4 135.00 0.00 115.00 0.00 35.00 0.00 55.00 0.00 0.142293
4 95.00 0.00 90.00 0.00 75.00 0.00 80.00 0.00 0.734658
4 97.50 0.00 95.00 0.00 72.50 0.00 75.00 0.00 0.0712848
4 130.00 0.00 120.00 0.00 40.00 0.00 50.00 0.00 0.0326568
4 100.00 0.00 90.00 0.00 70.00 0.00 80.00 0.00 1.60216
4 145.00 0.00 130.00 0.00 25.00 0.00 40.00 0.00 0.0465275
4 90.00 0.00 87.50 0.00 80.00 0.00 82.50 0.00 1.22456
4 92.50 0.00 90.00 0.00 77.50 0.00 80.00 0.00 0.265541
4 95.00 0.00 92.50 0.00 75.00 0.00 77.50 0.00 0.126436
4 110.00 0.00 100.00 0.00 60.00 0.00 70.00 0.00 0.215072
4 155.00 0.00 135.00 0.00 15.00 0.00 35.00 0.00 0.0567577
4 160.00 0.00 135.00 0.00 10.00 0.00 35.00 0.00 0.0750946
4 160.00 0.00 145.00 0.00 10.00 0.00 25.00 0.00 0.0169101
4 165.00 0.00 145.00 0.00 5.00 0.00 25.00 0.00 0.0260227
4 90.00 0.00 87.50 0.00 82.50 0.00 85.00 0.00 4.9071
4 95.00 0.00 92.50 0.00 77.50 0.00 80.00 0.00 0.166672
4 97.50 0.00 95.00 0.00 75.00 0.00 77.50 0.00 0.0995472
4 92.50 0.00 90.00 0.00 80.00 0.00 82.50 0.00 0.458404
4 105.00 0.00 100.00 0.00 70.00 0.00 75.00 0.00 0.134615
4 92.50 0.00 90.00 0.00 82.50 0.00 85.00 0.00 1.31483
4 95.00 0.00 90.00 0.00 80.00 0.00 85.00 0.00 2.57801
4 100.00 0.00 95.00 0.00 75.00 0.00 80.00 0.00 0.349517
4 125.00 0.00 110.00 0.00 50.00 0.00 65.00 0.00 0.177747
4 100.00 0.00 97.50 0.00 75.00 0.00 77.50 0.00 0.0616924
4 140.00 0.00 125.00 0.00 35.00 0.00 50.00 0.00 0.0582278
4 110.00 0.00 105.00 0.00 65.00 0.00 70.00 0.00 -0.0705618
4 150.00 0.00 125.00 0.00 25.00 0.00 50.00 0.00 0.137395
4 95.00 0.00 92.50 0.00 80.00 0.00 82.50 0.00 0.242952
4 125.00 0.00 100.00 0.00 50.00 0.00 75.00 0.00 0.97718
4 110.00 0.00 95.00 0.00 65.00 0.00 80.00 0.00 1.34613
4 97.50 0.00 95.00 0.00 77.50 0.00 80.00 0.00 0.119045
4 175.00 0.00 150.00 0.00 0.00 0.00 25.00 0.00 0.0321298
4 155.00 0.00 140.00 0.00 20.00 0.00 35.00 0.00 0.0343232
4 92.50 0.00 90.00 0.00 85.00 0.00 87.50 0.00 8.20833
4 95.00 0.00 92.50 0.00 82.50 0.00 85.00 0.00 0.554985
4 100.00 0.00 97.50 0.00 77.50 0.00 80.00 0.00 0.0696972
4 97.50 0.00 95.00 0.00 80.00 0.00 82.50 0.00 0.151179
4 105.00 0.00 100.00 0.00 75.00 0.00 80.00 0.00 0.198528
4 100.00 0.00 95.00 0.00 80.00 0.00 85.00 0.00 0.661142
4 105.00 0.00 95.00 0.00 75.00 0.00 85.00 0.00 1.49313
4 95.00 0.00 92.50 0.00 85.00 0.00 87.50 0.00 1.7758
4 115.00 0.00 110.00 0.00 65.00 0.00 70.00 0.00 0.0542404
4 120.00 0.00 100.00 0.00 60.00 0.00 80.00 0.00 1.06959
4 110.00 0.00 105.00 0.00 70.00 0.00 75.00 0.00 0.112547
4 140.00 0.00 115.00 0.00 40.00 0.00 65.00 0.00 0.273224
4 150.00 0.00 135.00 0.00 30.00 0.00 45.00 0.00 0.0455654
4 120.00 0.00 110.00 0.00 60.00 0.00 70.00 0.00 0.130815
4 110.00 0.00 100.00 0.00 70.00 0.00 80.00 0.00 0.556177
4 135.00 0.00 125.00 0.00 45.00 0.00 55.00 0.00 0.0348626
4 130.00 0.00 120.00 0.00 50.00 0.00 60.00 0.00 0.0485492
4 135.00 0.00 120.00 0.00 45.00 0.00 60.00 0.00 0.0933265
4 120.00 0.00 105.00 0.00 60.00 0.00 75.00 0.00 0.365575
4 125.00 0.00 115.00 0.00 55.00 0.00 65.00 0.00 0.0703289
4 140.00 0.00 120.00 0.00 40.00 0.00 60.00 0.00 0.145245
4 140.00 0.00 130.00 0.00 40.00 0.00 50.00 0.00 0.0265228
4 130.00 0.00 110.00 0.00 50.00 0.00 70.00 0.00 0.316678
4 150.00 0.00 130.00 0.00 30.00 0.00 50.00 0.00 0.0880683
4 115.00 0.00 105.00 0.00 65.00 0.00 75.00 0.00 0.115786
4 100.00 0.00 97.50 0.00 80.00 0.00 82.50 0.00 0.0829605
4 97.50 0.00 95.00 0.00 82.50 0.00 85.00 0.00 0.285775
4 102.50 0.00 100.00 0.00 77.50 0.00 80.00 0.00 0.0592893
4 160.00 0.00 140.00 0.00 20.00 0.00 40.00 0.00 0.0577524
4 165.00 0.00 150.00 0.00 15.00 0.00 30.00 0.00 0.0196261
4 180.00 0.00 160.00 0.00 0.00 0.00 20.00 0.00 0.0144592
4 165.00 0.00 140.00 0.00 15.00 0.00 40.00 0.00 0.0760583
4 170.00 0.00 150.00 0.00 10.00 0.00 30.00 0.00 0.0283476
4 97.50 0.00 95.00 0.00 85.00 0.00 87.50 0.00 0.692703
4 100.00 0.00 97.50 0.00 82.50 0.00 85.00 0.00 0.141187
4 95.00 0.00 92.50 0.00 87.50 0.00 90.00 0.00 6.40639
4 102.50 0.00 100.00 0.00 80.00 0.00 82.50 0.00 0.0659471
4 105.00 0.00 100.00 0.00 80.00 0.00 85.00 0.00 0.284576
4 115.00 0.00 100.00 0.00 70.00 0.00 85.00 0.00 1.13913
4 115.00 0.00 110.00 0.00 70.00 0.00 75.00 0.00 0.0193104
4 100.00 0.00 95.00 0.00 85.00 0.00 90.00 0.00 3.00494
4 145.00 0.00 130.00 0.00 40.00 0.00 55.00 0.00 0.0605497
4 110.00 0.00 105.00 0.00 75.00 0.00 80.00 0.00 0.113417
4 130.00 0.00 115.00 0.00 55.00 0.00 70.00 0.00 0.154612
4 130.00 0.00 105.00 0.00 55.00 0.00 80.00 0.00 0.868885
4 100.00 0.00 97.50 0.00 85.00 0.00 87.50 0.00 0.292324
4 97.50 0.00 95.00 0.00 87.50 0.00 90.00 0.00 1.5118
4 160.00 0.00 145.00 0.00 25.00 0.00 40.00 0.00 0.0320988
4 180.00 0.00 155.00 0.00 5.00 0.00 30.00 0.00 0.0310394
4 155.00 0.00 130.00 0.00 30.00 0.00 55.00 0.00 0.144204
4 105.00 0.00 102.50 0.00 80.00 0.00 82.50 0.00 0.0464259
4 102.50 0.00 100.00 0.00 82.50 0.00 85.00 0.00 0.103527
4 97.50 0.00 95.00 0.00 90.00 0.00 92.50 0.00 5.6963
4 100.00 0.00 97.50 0.00 87.50 0.00 90.00 0.00 0.499298
4 105.00 0.00 102.50 0.00 82.50 0.00 85.00 0.00 0.0687369
4 102.50 0.00 100.00 0.00 85.00 0.00 87.50 0.00 0.191588
4 110.00 0.00 105.00 0.00 80.00 0.00 85.00 0.00 0.143486
4 105.00 0.00 100.00 0.00 85.00 0.00 90.00 0.00 0.741087
4 145.00 0.00 125.00 0.00 45.00 0.00 65.00 0.00 0.147956
4 115.00 0.00 110.00 0.00 75.00 0.00 80.00 0.00 0.0672844
4 140.00 0.00 125.00 0.00 50.00 0.00 65.00 0.00 0.0940134
4 120.00 0.00 115.00 0.00 70.00 0.00 75.00 0.00 0.0332099
4 120.00 0.00 110.00 0.00 70.00 0.00 80.00 0.00 0.168586
4 125.00 0.00 110.00 0.00 65.00 0.00 80.00 0.00 0.326316
4 145.00 0.00 120.00 0.00 45.00 0.00 70.00 0.00 0.276379
4 125.00 0.00 105.00 0.00 65.00 0.00 85.00 0.00 0.807356
4 110.00 0.00 100.00 0.00 80.00 0.00 90.00 0.00 1.46253
4 125.00 0.00 115.00 0.00 65.00 0.00 75.00 0.00 0.105705
4 140.00 0.00 130.00 0.00 50.00 0.00 60.00 0.00 0.0361485
4 135.00 0.00 115.00 0.00 55.00 0.00 75.00 0.00 0.287617
4 135.00 0.00 125.00 0.00 55.00 0.00 65.00 0.00 0.0457919
4 130.00 0.00 120.00 0.00 60.00 0.00 70.00 0.00 0.0684107
4 145.00 0.00 135.00 0.00 45.00 0.00 55.00 0.00 0.0289199
4 115.00 0.00 105.00 0.00 75.00 0.00 85.00 0.00 0.404863
4 100.00 0.00 97.50 0.00 90.00 0.00 92.50 0.00 1.21088
4 155.00 0.00 140.00 0.00 35.00 0.00 50.00 0.00 0.0448781
4 165.00 0.00 145.00 0.00 25.00 0.00 45.00 0.00 0.052576
4 170.00 0.00 145.00 0.00 20.00 0.00 45.00 0.00 0.0730347
4 155.00 0.00 135.00 0.00 35.00 0.00 55.00 0.00 0.092887
4 185.00 0.00 165.00 0.00 5.00 0.00 25.00 0.00 0.0142948
4 175.00 0.00 155.00 0.00 15.00 0.00 35.00 0.00 0.0281962
4 170.00 0.00 155.00 0.00 20.00 0.00 35.00 0.00 0.0192555
4 107.50 0.00 105.00 0.00 82.50 0.00 85.00 0.00 0.0476112
4 105.00 0.00 102.50 0.00 85.00 0.00 87.50 0.00 0.116914
4 102.50 0.00 100.00 0.00 87.50 0.00 90.00 0.00 0.278108
4 100.00 0.00 97.50 0.00 92.50 0.00 95.00 0.00 4.59519
4 105.00 0.00 102.50 0.00 87.50 0.00 90.00 0.00 0.151418
4 107.50 0.00 105.00 0.00 85.00 0.00 87.50 0.00 0.0777556
4 102.50 0.00 100.00 0.00 90.00 0.00 92.50 0.00 0.5419
4 120.00 0.00 105.00 0.00 75.00 0.00 90.00 0.00 1.01433
4 110.00 0.00 105.00 0.00 85.00 0.00 90.00 0.00 0.291925
4 120.00 0.00 115.00 0.00 75.00 0.00 80.00 0.00 0.04473
4 115.00 0.00 110.00 0.00 80.00 0.00 85.00 0.00 0.078856
4 150.00 0.00 135.00 0.00 45.00 0.00 60.00 0.00 0.0663771
4 135.00 0.00 110.00 0.00 60.00 0.00 85.00 0.00 0.759306
4 135.00 0.00 120.00 0.00 60.00 0.00 75.00 0.00 0.160444
4 105.00 0.00 100.00 0.00 90.00 0.00 95.00 0.00 2.65375
4 185.00 0.00 160.00 0.00 10.00 0.00 35.00 0.00 0.0319829
4 107.50 0.00 105.00 0.00 87.50 0.00 90.00 0.00 0.0923786
4 165.00 0.00 150.00 0.00 30.00 0.00 45.00 0.00 0.0286334
4 160.00 0.00 135.00 0.00 35.00 0.00 60.00 0.00 0.140497
4 102.50 0.00 100.00 0.00 92.50 0.00 95.00 0.00 1.37638
4 105.00 0.00 102.50 0.00 90.00 0.00 92.50 0.00 0.250287
4 110.00 0.00 107.50 0.00 85.00 0.00 87.50 0.00 0.0580173
4 110.00 0.00 107.50 0.00 87.50 0.00 90.00 0.00 0.0645023
4 102.50 0.00 100.00 0.00 95.00 0.00 97.50 0.00 7.15142
4 105.00 0.00 102.50 0.00 92.50 0.00 95.00 0.00 0.499086
4 107.50 0.00 105.00 0.00 90.00 0.00 92.50 0.00 0.138354
4 130.00 0.00 110.00 0.00 70.00 0.00 90.00 0.00 0.814399
4 120.00 0.00 115.00 0.00 80.00 0.00 85.00 0.00 0.0500858
4 115.00 0.00 105.00 0.00 85.00 0.00 95.00 0.00 1.2552
4 120.00 0.00 110.00 0.00 80.00 0.00 90.00 0.00 0.352327
4 115.00 0.00 110.00 0.00 85.00 0.00 90.00 0.00 0.138863
4 140.00 0.00 120.00 0.00 60.00 0.00 80.00 0.00 0.306166
4 135.00 0.00 125.00 0.00 65.00 0.00 75.00 0.00 0.0664881
4 145.00 0.00 135.00 0.00 55.00 0.00 65.00 0.00 0.0378838
4 145.00 0.00 130.00 0.00 55.00 0.00 70.00 0.00 0.097595
4 150.00 0.00 130.00 0.00 50.00 0.00 70.00 0.00 0.150767
4 110.00 0.00 105.00 0.00 90.00 0.00 95.00 0.00 0.602935
4 140.00 0.00 130.00 0.00 60.00 0.00 70.00 0.00 0.0483505
4 150.00 0.00 125.00 0.00 50.00 0.00 75.00 0.00 0.280663
4 130.00 0.00 115.00 0.00 70.00 0.00 85.00 0.00 0.307924
4 130.00 0.00 120.00 0.00 70.00 0.00 80.00 0.00 0.111579
4 125.00 0.00 120.00 0.00 75.00 0.00 80.00 0.00 0.0363572
4 150.00 0.00 140.00 0.00 50.00 0.00 60.00 0.00 0.0305749
4 125.00 0.00 115.00 0.00 75.00 0.00 85.00 0.00 0.171714
4 200.00 0.00 175.00 0.00 0.00 0.00 25.00 0.00 0.0202349
4 160.00 0.00 140.00 0.00 40.00 0.00 60.00 0.00 0.0867458
4 105.00 0.00 102.50 0.00 95.00 0.00 97.50 0.00 1.55648
4 175.00 0.00 160.00 0.00 25.00 0.00 40.00 0.00 0.0180168
4 200.00 0.00 180.00 0.00 0.00 0.00 20.00 0.00 0.0120102
4 175.00 0.00 150.00 0.00 25.00 0.00 50.00 0.00 0.0680954
4 160.00 0.00 145.00 0.00 40.00 0.00 55.00 0.00 0.0423314
4 180.00 0.00 160.00 0.00 20.00 0.00 40.00 0.00 0.0276872
4 170.00 0.00 150.00 0.00 30.00 0.00 50.00 0.00 0.048633
4 112.50 0.00 110.00 0.00 87.50 0.00 90.00 0.00 0.0366851
4 110.00 0.00 107.50 0.00 90.00 0.00 92.50 0.00 0.0903039
4 107.50 0.00 105.00 0.00 92.50 0.00 95.00 0.00 0.237578
4 190.00 0.00 170.00 0.00 10.00 0.00 30.00 0.00 0.0166071
4 112.50 0.00 110.00 0.00 90.00 0.00 92.50 0.00 0.0486626
4 105.00 0.00 102.50 0.00 97.50 0.00 100.00 0.00 5.17556
4 110.00 0.00 107.50 0.00 92.50 0.00 95.00 0.00 0.13901
4 107.50 0.00 105.00 0.00 95.00 0.00 97.50 0.00 0.570565
4 115.00 0.00 110.00 0.00 90.00 0.00 95.00 0.00 0.219405
4 140.00 0.00 115.00 0.00 65.00 0.00 90.00 0.00 0.773015
4 140.00 0.00 125.00 0.00 65.00 0.00 80.00 0.00 0.165018
4 125.00 0.00 120.00 0.00 80.00 0.00 85.00 0.00 0.0404124
4 125.00 0.00 110.00 0.00 80.00 0.00 95.00 0.00 0.87327
4 120.00 0.00 115.00 0.00 85.00 0.00 90.00 0.00 0.0835416
4 110.00 0.00 105.00 0.00 95.00 0.00 100.00 0.00 2.54003
4 170.00 0.00 155.00 0.00 35.00 0.00 50.00 0.00 0.0234114
4 165.00 0.00 140.00 0.00 40.00 0.00 65.00 0.00 0.131647
4 107.50 0.00 105.00 0.00 97.50 0.00 100.00 0.00 1.21034
4 190.00 0.00 165.00 0.00 15.00 0.00 40.00 0.00 0.0373569
4 115.00 0.00 112.50 0.00 90.00 0.00 92.50 0.00 0.0426968
4 112.50 0.00 110.00 0.00 92.50 0.00 95.00 0.00 0.0697951
4 110.00 0.00 107.50 0.00 95.00 0.00 97.50 0.00 0.282084
4 155.00 0.00 140.00 0.00 50.00 0.00 65.00 0.00 0.0654529
4 107.50 0.00 105.00 0.00 100.00 0.00 102.50 0.00 5.55926
4 115.00 0.00 112.50 0.00 92.50 0.00 95.00 0.00 0.0574507
4 112.50 0.00 110.00 0.00 95.00 0.00 97.50 0.00 0.125788
4 110.00 0.00 107.50 0.00 97.50 0.00 100.00 0.00 0.471801
4 140.00 0.00 130.00 0.00 70.00 0.00 80.00 0.00 0.0788352
4 145.00 0.00 125.00 0.00 65.00 0.00 85.00 0.00 0.300009
4 120.00 0.00 115.00 0.00 90.00 0.00 95.00 0.00 0.113713
4 145.00 0.00 135.00 0.00 65.00 0.00 75.00 0.00 0.0556531
4 125.00 0.00 120.00 0.00 85.00 0.00 90.00 0.00 0.0651503
4 115.00 0.00 110.00 0.00 95.00 0.00 100.00 0.00 0.527135
4 135.00 0.00 115.00 0.00 75.00 0.00 95.00 0.00 0.789306
4 150.00 0.00 135.00 0.00 60.00 0.00 75.00 0.00 0.101974
4 120.00 0.00 110.00 0.00 90.00 0.00 100.00 0.00 1.0714
4 130.00 0.00 125.00 0.00 80.00 0.00 85.00 0.00 0.0294178
4 135.00 0.00 120.00 0.00 75.00 0.00 90.00 0.00 0.317545
4 135.00 0.00 125.00 0.00 75.00 0.00 85.00 0.00 0.0969376
4 130.00 0.00 120.00 0.00 80.00 0.00 90.00 0.00 0.180848
4 150.00 0.00 140.00 0.00 60.00 0.00 70.00 0.00 0.0367706
4 125.00 0.00 115.00 0.00 85.00 0.00 95.00 0.00 0.345007
4 155.00 0.00 130.00 0.00 55.00 0.00 80.00 0.00 0.290788
4 165.00 0.00 150.00 0.00 45.00 0.00 60.00 0.00 0.0381759
4 155.00 0.00 145.00 0.00 55.00 0.00 65.00 0.00 0.0276072
4 185.00 0.00 165.00 0.00 25.00 0.00 45.00 0.00 0.0269637
4 110.00 0.00 107.50 0.00 100.00 0.00 102.50 0.00 1.38749
4 180.00 0.00 165.00 0.00 30.00 0.00 45.00 0.00 0.0163645
4 155.00 0.00 135.00 0.00 55.00 0.00 75.00 0.00 0.156143
4 180.00 0.00 155.00 0.00 30.00 0.00 55.00 0.00 0.0596763
4 175.00 0.00 155.00 0.00 35.00 0.00 55.00 0.00 0.0419195
4 165.00 0.00 145.00 0.00 45.00 0.00 65.00 0.00 0.0797272
4 117.50 0.00 115.00 0.00 92.50 0.00 95.00 0.00 0.033112
4 195.00 0.00 175.00 0.00 15.00 0.00 35.00 0.00 0.0218352
4 115.00 0.00 112.50 0.00 95.00 0.00 97.50 0.00 0.0954948
4 112.50 0.00 110.00 0.00 97.50 0.00 100.00 0.00 0.1811
4 115.00 0.00 112.50 0.00 97.50 0.00 100.00 0.00 0.122409
4 112.50 0.00 110.00 0.00 100.00 0.00 102.50 0.00 0.41265
4 117.50 0.00 115.00 0.00 95.00 0.00 97.50 0.00 0.050788
4 110.00 0.00 107.50 0.00 102.50 0.00 105.00 0.00 5.74924
4 115.00 0.00 110.00 0.00 100.00 0.00 105.00 0.00 2.25381
4 120.00 0.00 115.00 0.00 95.00 0.00 100.00 0.00 0.210586
4 145.00 0.00 130.00 0.00 70.00 0.00 85.00 0.00 0.172008
4 125.00 0.00 120.00 0.00 90.00 0.00 95.00 0.00 0.0826699
4 130.00 0.00 115.00 0.00 85.00 0.00 100.00 0.00 0.868413
4 145.00 0.00 120.00 0.00 70.00 0.00 95.00 0.00 0.789482
4 130.00 0.00 125.00 0.00 85.00 0.00 90.00 0.00 0.0449055
4 160.00 0.00 145.00 0.00 55.00 0.00 70.00 0.00 0.0578245
4 115.00 0.00 112.50 0.00 100.00 0.00 102.50 0.00 0.240231
4 120.00 0.00 117.50 0.00 95.00 0.00 97.50 0.00 0.0454521
4 175.00 0.00 160.00 0.00 40.00 0.00 55.00 0.00 0.0216551
4 112.50 0.00 110.00 0.00 102.50 0.00 105.00 0.00 1.06369
4 195.00 0.00 170.00 0.00 20.00 0.00 45.00 0.00 0.0400592
4 170.00 0.00 145.00 0.00 45.00 0.00 70.00 0.00 0.119359
4 117.50 0.00 115.00 0.00 97.50 0.00 100.00 0.00 0.0598626
4 117.50 0.00 115.00 0.00 100.00 0.00 102.50 0.00 0.106766
4 120.00 0.00 117.50 0.00 97.50 0.00 100.00 0.00 0.0518821
4 115.00 0.00 112.50 0.00 102.50 0.00 105.00 0.00 0.477349
4 112.50 0.00 110.00 0.00 105.00 0.00 107.50 0.00 4.33967
4 125.00 0.00 120.00 0.00 95.00 0.00 100.00 0.00 0.13371
4 125.00 0.00 115.00 0.00 95.00 0.00 105.00 0.00 1.08903
4 140.00 0.00 120.00 0.00 80.00 0.00 100.00 0.00 0.82103
4 145.00 0.00 135.00 0.00 75.00 0.00 85.00 0.00 0.0806919
4 150.00 0.00 130.00 0.00 70.00 0.00 90.00 0.00 0.315757
4 135.00 0.00 130.00 0.00 85.00 0.00 90.00 0.00 0.0344771
4 150.00 0.00 140.00 0.00 70.00 0.00 80.00 0.00 0.055062
4 140.00 0.00 130.00 0.00 80.00 0.00 90.00 0.00 0.106634
4 135.00 0.00 125.00 0.00 85.00 0.00 95.00 0.00 0.176886
4 140.00 0.00 125.00 0.00 80.00 0.00 95.00 0.00 0.313446
4 120.00 0.00 115.00 0.00 100.00 0.00 105.00 0.00 0.500259
4 130.00 0.00 120.00 0.00 90.00 0.00 100.00 0.00 0.352056
4 130.00 0.00 125.00 0.00 90.00 0.00 95.00 0.00 0.0533095
4 190.00 0.00 170.00 0.00 30.00 0.00 50.00 0.00 0.0275301
4 160.00 0.00 135.00 0.00 60.00 0.00 85.00 0.00 0.283213
4 160.00 0.00 150.00 0.00 60.00 0.00 70.00 0.00 0.0248731
4 155.00 0.00 145.00 0.00 65.00 0.00 75.00 0.00 0.0368219
4 115.00 0.00 112.50 0.00 105.00 0.00 107.50 0.00 1.19875
4 200.00 0.00 180.00 0.00 20.00 0.00 40.00 0.00 0.0230038
4 185.00 0.00 160.00 0.00 35.00 0.00 60.00 0.00 0.0540808
4 160.00 0.00 140.00 0.00 60.00 0.00 80.00 0.00 0.151755
4 185.00 0.00 170.00 0.00 35.00 0.00 50.00 0.00 0.0158287
4 155.00 0.00 140.00 0.00 65.00 0.00 80.00 0.00 0.103296
4 170.00 0.00 155.00 0.00 50.00 0.00 65.00 0.00 0.0321433
4 180.00 0.00 160.00 0.00 40.00 0.00 60.00 0.00 0.0376703
4 122.50 0.00 120.00 0.00 97.50 0.00 100.00 0.00 0.0406965
4 120.00 0.00 117.50 0.00 100.00 0.00 102.50 0.00 0.0843272
4 117.50 0.00 115.00 0.00 102.50 0.00 105.00 0.00 0.168835
4 170.00 0.00 150.00 0.00 50.00 0.00 70.00 0.00 0.0714901
4 122.50 0.00 120.00 0.00 100.00 0.00 102.50 0.00 0.060914
4 117.50 0.00 115.00 0.00 105.00 0.00 107.50 0.00 0.361163
4 115.00 0.00 112.50 0.00 107.50 0.00 110.00 0.00 6.13618
4 120.00 0.00 117.50 0.00 102.50 0.00 105.00 0.00 0.136563
4 130.00 0.00 125.00 0.00 95.00 0.00 100.00 0.00 0.0810168
4 120.00 0.00 115.00 0.00 105.00 0.00 110.00 0.00 2.13136
4 150.00 0.00 135.00 0.00 75.00 0.00 90.00 0.00 0.182027
4 150.00 0.00 125.00 0.00 75.00 0.00 100.00 0.00 0.786954
4 135.00 0.00 120.00 0.00 90.00 0.00 105.00 0.00 0.901961
4 125.00 0.00 120.00 0.00 100.00 0.00 105.00 0.00 0.245487
4 135.00 0.00 130.00 0.00 90.00 0.00 95.00 0.00 0.0427942
4 165.00 0.00 150.00 0.00 60.00 0.00 75.00 0.00 0.0529219
4 122.50 0.00 120.00 0.00 102.50 0.00 105.00 0.00 0.0834872
4 175.00 0.00 150.00 0.00 50.00 0.00 75.00 0.00 0.109765
4 180.00 0.00 165.00 0.00 45.00 0.00 60.00 0.00 0.0211271
4 200.00 0.00 175.00 0.00 25.00 0.00 50.00 0.00 0.0411011
4 117.50 0.00 115.00 0.00 107.50 0.00 110.00 0.00 0.832503
4 125.00 0.00 122.50 0.00 100.00 0.00 102.50 0.00 0.0400083
4 120.00 0.00 117.50 0.00 105.00 0.00 107.50 0.00 0.217843
4 122.50 0.00 120.00 0.00 105.00 0.00 107.50 0.00 0.141991
4 120.00 0.00 117.50 0.00 107.50 0.00 110.00 0.00 0.633905
4 117.50 0.00 115.00 0.00 110.00 0.00 112.50 0.00 4.21296
4 125.00 0.00 122.50 0.00 102.50 0.00 105.00 0.00 0.0564419
4 140.00 0.00 135.00 0.00 90.00 0.00 95.00 0.00 0.0356178
4 130.00 0.00 125.00 0.00 100.00 0.00 105.00 0.00 0.125551
4 125.00 0.00 120.00 0.00 105.00 0.00 110.00 0.00 0.632937
4 140.00 0.00 130.00 0.00 90.00 0.00 100.00 0.00 0.183106
4 150.00 0.00 140.00 0.00 80.00 0.00 90.00 0.00 0.0764355
4 145.00 0.00 130.00 0.00 85.00 0.00 100.00 0.00 0.335858
4 145.00 0.00 135.00 0.00 85.00 0.00 95.00 0.00 0.114895
4 135.00 0.00 130.00 0.00 95.00 0.00 100.00 0.00 0.0575666
4 135.00 0.00 125.00 0.00 95.00 0.00 105.00 0.00 0.343322
4 130.00 0.00 120.00 0.00 100.00 0.00 110.00 0.00 1.25167
4 145.00 0.00 125.00 0.00 85.00 0.00 105.00 0.00 0.832081
4 185.00 0.00 165.00 0.00 45.00 0.00 65.00 0.00 0.0379561
4 155.00 0.00 135.00 0.00 75.00 0.00 95.00 0.00 0.320315
4 160.00 0.00 150.00 0.00 70.00 0.00 80.00 0.00 0.0349599
4 160.00 0.00 145.00 0.00 70.00 0.00 85.00 0.00 0.0908299
4 165.00 0.00 155.00 0.00 65.00 0.00 75.00 0.00 0.0205587
4 165.00 0.00 145.00 0.00 65.00 0.00 85.00 0.00 0.132402
4 190.00 0.00 175.00 0.00 40.00 0.00 55.00 0.00 0.0167005
4 195.00 0.00 175.00 0.00 35.00 0.00 55.00 0.00 0.0295885
4 155.00 0.00 145.00 0.00 75.00 0.00 85.00 0.00 0.049021
4 190.00 0.00 165.00 0.00 40.00 0.00 65.00 0.00 0.0556088
4 125.00 0.00 122.50 0.00 105.00 0.00 107.50 0.00 0.0778135
4 175.00 0.00 155.00 0.00 55.00 0.00 75.00 0.00 0.0608803
4 165.00 0.00 140.00 0.00 65.00 0.00 90.00 0.00 0.270334
4 175.00 0.00 160.00 0.00 55.00 0.00 70.00 0.00 0.0279668
4 120.00 0.00 117.50 0.00 110.00 0.00 112.50 0.00 0.993831
4 127.50 0.00 125.00 0.00 102.50 0.00 105.00 0.00 0.0401489
4 122.50 0.00 120.00 0.00 107.50 0.00 110.00 0.00 0.259923
4 127.50 0.00 125.00 0.00 105.00 0.00 107.50 0.00 0.053966
4 125.00 0.00 122.50 0.00 107.50 0.00 110.00 0.00 0.148229
4 122.50 0.00 120.00 0.00 110.00 0.00 112.50 0.00 0.487734
4 120.00 0.00 117.50 0.00 112.50 0.00 115.00 0.00 5.4386
4 140.00 0.00 125.00 0.00 95.00 0.00 110.00 0.00 0.937635
4 135.00 0.00 130.00 0.00 100.00 0.00 105.00 0.00 0.0802817
4 125.00 0.00 120.00 0.00 110.00 0.00 115.00 0.00 2.56095
4 130.00 0.00 125.00 0.00 105.00 0.00 110.00 0.00 0.247376
4 140.00 0.00 135.00 0.00 95.00 0.00 100.00 0.00 0.0482562
4 170.00 0.00 155.00 0.00 65.00 0.00 80.00 0.00 0.0455776
4 185.00 0.00 170.00 0.00 50.00 0.00 65.00 0.00 0.0189627
4 155.00 0.00 130.00 0.00 80.00 0.00 105.00 0.00 0.793004
4 125.00 0.00 122.50 0.00 110.00 0.00 112.50 0.00 0.199812
4 155.00 0.00 140.00 0.00 80.00 0.00 95.00 0.00 0.168868
4 180.00 0.00 155.00 0.00 55.00 0.00 80.00 0.00 0.0966336
4 130.00 0.00 127.50 0.00 105.00 0.00 107.50 0.00 0.0443455
4 122.50 0.00 120.00 0.00 112.50 0.00 115.00 0.00 1.39251
4 127.50 0.00 125.00 0.00 107.50 0.00 110.00 0.00 0.0944466
4 125.00 0.00 122.50 0.00 112.50 0.00 115.00 0.00 0.495438
4 122.50 0.00 120.00 0.00 115.00 0.00 117.50 0.00 5.80899
4 130.00 0.00 127.50 0.00 107.50 0.00 110.00 0.00 0.0632726
4 127.50 0.00 125.00 0.00 110.00 0.00 112.50 0.00 0.118279
4 145.00 0.00 140.00 0.00 95.00 0.00 100.00 0.00 0.0374656
4 145.00 0.00 135.00 0.00 95.00 0.00 105.00 0.00 0.197686
4 140.00 0.00 130.00 0.00 100.00 0.00 110.00 0.00 0.379153
4 135.00 0.00 125.00 0.00 105.00 0.00 115.00 0.00 1.22915
4 140.00 0.00 135.00 0.00 100.00 0.00 105.00 0.00 0.0646556
4 150.00 0.00 140.00 0.00 90.00 0.00 100.00 0.00 0.109471
4 150.00 0.00 130.00 0.00 90.00 0.00 110.00 0.00 0.854384
4 135.00 0.00 130.00 0.00 105.00 0.00 110.00 0.00 0.137451
4 150.00 0.00 135.00 0.00 90.00 0.00 105.00 0.00 0.334947
4 130.00 0.00 125.00 0.00 110.00 0.00 115.00 0.00 0.593372
4 195.00 0.00 180.00 0.00 45.00 0.00 60.00 0.00 0.0185457
4 155.00 0.00 145.00 0.00 85.00 0.00 95.00 0.00 0.0723033
4 170.00 0.00 145.00 0.00 70.00 0.00 95.00 0.00 0.242842
4 165.00 0.00 150.00 0.00 75.00 0.00 90.00 0.00 0.0836636
4 132.50 0.00 130.00 0.00 107.50 0.00 110.00 0.00 0.0459918
4 165.00 0.00 155.00 0.00 75.00 0.00 85.00 0.00 0.0261782
4 190.00 0.00 170.00 0.00 50.00 0.00 70.00 0.00 0.0371459
4 180.00 0.00 165.00 0.00 60.00 0.00 75.00 0.00 0.0273879
4 160.00 0.00 150.00 0.00 80.00 0.00 90.00 0.00 0.0450431
4 160.00 0.00 140.00 0.00 80.00 0.00 100.00 0.00 0.295436
4 170.00 0.00 150.00 0.00 70.00 0.00 90.00 0.00 0.124278
4 200.00 0.00 180.00 0.00 40.00 0.00 60.00 0.00 0.0295182
4 125.00 0.00 122.50 0.00 115.00 0.00 117.50 0.00 1.15417
4 180.00 0.00 160.00 0.00 60.00 0.00 80.00 0.00 0.0582797
4 170.00 0.00 160.00 0.00 70.00 0.00 80.00 0.00 0.0197794
4 195.00 0.00 170.00 0.00 45.00 0.00 70.00 0.00 0.058004
4 130.00 0.00 127.50 0.00 110.00 0.00 112.50 0.00 0.0808023
4 127.50 0.00 125.00 0.00 112.50 0.00 115.00 0.00 0.25049
4 125.00 0.00 122.50 0.00 117.50 0.00 120.00 0.00 6.54806
4 132.50 0.00 130.00 0.00 110.00 0.00 112.50 0.00 0.0531695
4 130.00 0.00 127.50 0.00 112.50 0.00 115.00 0.00 0.146059
4 127.50 0.00 125.00 0.00 115.00 0.00 117.50 0.00 0.45872
4 135.00 0.00 130.00 0.00 110.00 0.00 115.00 0.00 0.253458
4 145.00 0.00 140.00 0.00 100.00 0.00 105.00 0.00 0.0474681
4 130.00 0.00 125.00 0.00 115.00 0.00 120.00 0.00 2.63125
4 145.00 0.00 130.00 0.00 100.00 0.00 115.00 0.00 0.991425
4 140.00 0.00 135.00 0.00 105.00 0.00 110.00 0.00 0.0987613
4 160.00 0.00 135.00 0.00 85.00 0.00 110.00 0.00 0.794061
4 185.00 0.00 160.00 0.00 60.00 0.00 85.00 0.00 0.0885237
4 175.00 0.00 160.00 0.00 70.00 0.00 85.00 0.00 0.0415453
4 130.00 0.00 127.50 0.00 115.00 0.00 117.50 0.00 0.234234
4 190.00 0.00 175.00 0.00 55.00 0.00 70.00 0.00 0.0211836
4 127.50 0.00 125.00 0.00 117.50 0.00 120.00 0.00 1.40206
4 160.00 0.00 145.00 0.00 85.00 0.00 100.00 0.00 0.154181
4 135.00 0.00 132.50 0.00 110.00 0.00 112.50 0.00 0.0394612
4 132.50 0.00 130.00 0.00 112.50 0.00 115.00 0.00 0.0940116
4 130.00 0.00 127.50 0.00 117.50 0.00 120.00 0.00 0.585611
4 135.00 0.00 132.50 0.00 112.50 0.00 115.00 0.00 0.0657459
4 132.50 0.00 130.00 0.00 115.00 0.00 117.50 0.00 0.132377
4 127.50 0.00 125.00 0.00 120.00 0.00 122.50 0.00 5.77435
4 150.00 0.00 145.00 0.00 100.00 0.00 105.00 0.00 0.0299625
4 140.00 0.00 135.00 0.00 110.00 0.00 115.00 0.00 0.153465
4 140.00 0.00 130.00 0.00 110.00 0.00 120.00 0.00 1.3974
4 145.00 0.00 140.00 0.00 105.00 0.00 110.00 0.00 0.0499009
4 145.00 0.00 135.00 0.00 105.00 0.00 115.00 0.00 0.408953
4 135.00 0.00 130.00 0.00 115.00 0.00 120.00 0.00 0.686493
4 150.00 0.00 140.00 0.00 100.00 0.00 110.00 0.00 0.181563
4 175.00 0.00 155.00 0.00 75.00 0.00 95.00 0.00 0.103643
4 165.00 0.00 155.00 0.00 85.00 0.00 95.00 0.00 0.0375888
4 165.00 0.00 145.00 0.00 85.00 0.00 105.00 0.00 0.261068
4 170.00 0.00 160.00 0.00 80.00 0.00 90.00 0.00 0.024158
4 155.00 0.00 145.00 0.00 95.00 0.00 105.00 0.00 0.102264
4 195.00 0.00 175.00 0.00 55.00 0.00 75.00 0.00 0.040346
4 185.00 0.00 165.00 0.00 65.00 0.00 85.00 0.00 0.0537099
4 160.00 0.00 150.00 0.00 90.00 0.00 100.00 0.00 0.0625878
4 175.00 0.00 150.00 0.00 75.00 0.00 100.00 0.00 0.217671
4 155.00 0.00 135.00 0.00 95.00 0.00 115.00 0.00 0.867874
4 155.00 0.00 140.00 0.00 95.00 0.00 110.00 0.00 0.323807
4 200.00 0.00 175.00 0.00 50.00 0.00 75.00 0.00 0.0580793
4 185.00 0.00 170.00 0.00 65.00 0.00 80.00 0.00 0.0252538
4 175.00 0.00 165.00 0.00 75.00 0.00 85.00 0.00 0.0166754
4 170.00 0.00 155.00 0.00 80.00 0.00 95.00 0.00 0.0666122
4 200.00 0.00 185.00 0.00 50.00 0.00 65.00 0.00 0.0188315
4 137.50 0.00 135.00 0.00 112.50 0.00 115.00 0.00 0.0500419
4 135.00 0.00 132.50 0.00 115.00 0.00 117.50 0.00 0.0873694
4 132.50 0.00 130.00 0.00 117.50 0.00 120.00 0.00 0.292604
4 130.00 0.00 127.50 0.00 120.00 0.00 122.50 0.00 1.4065
4 137.50 0.00 135.00 0.00 115.00 0.00 117.50 0.00 0.0637559
4 130.00 0.00 127.50 0.00 122.50 0.00 125.00 0.00 5.88219
4 135.00 0.00 132.50 0.00 117.50 0.00 120.00 0.00 0.175112
4 132.50 0.00 130.00 0.00 120.00 0.00 122.50 0.00 0.626935
4 140.00 0.00 135.00 0.00 115.00 0.00 120.00 0.00 0.306921
4 150.00 0.00 145.00 0.00 105.00 0.00 110.00 0.00 0.0579069
4 150.00 0.00 135.00 0.00 105.00 0.00 120.00 0.00 1.04036
4 145.00 0.00 140.00 0.00 110.00 0.00 115.00 0.00 0.109283
4 135.00 0.00 130.00 0.00 120.00 0.00 125.00 0.00 3.07636
4 165.00 0.00 150.00 0.00 90.00 0.00 105.00 0.00 0.132588
4 165.00 0.00 140.00 0.00 90.00 0.00 115.00 0.00 0.710056
4 195.00 0.00 180.00 0.00 60.00 0.00 75.00 0.00 0.0237393
4 190.00 0.00 165.00 0.00 65.00 0.00 90.00 0.00 0.0911342
4 132.50 0.00 130.00 0.00 122.50 0.00 125.00 0.00 1.5839
4 140.00 0.00 137.50 0.00 115.00 0.00 117.50 0.00 0.046209
4 137.50 0.00 135.00 0.00 117.50 0.00 120.00 0.00 0.115851
4 135.00 0.00 132.50 0.00 120.00 0.00 122.50 0.00 0.343889
4 180.00 0.00 165.00 0.00 75.00 0.00 90.00 0.00 0.0392195
4 140.00 0.00 137.50 0.00 117.50 0.00 120.00 0.00 0.0789859
4 137.50 0.00 135.00 0.00 120.00 0.00 122.50 0.00 0.19324
4 135.00 0.00 132.50 0.00 122.50 0.00 125.00 0.00 0.697744
4 132.50 0.00 130.00 0.00 125.00 0.00 127.50 0.00 7.57024
4 145.00 0.00 140.00 0.00 115.00 0.00 120.00 0.00 0.153276
4 150.00 0.00 145.00 0.00 110.00 0.00 115.00 0.00 0.0365624
4 140.00 0.00 135.00 0.00 120.00 0.00 125.00 0.00 0.847114
4 150.00 0.00 140.00 0.00 110.00 0.00 120.00 0.00 0.379745
4 145.00 0.00 135.00 0.00 115.00 0.00 125.00 0.00 1.6261
4 160.00 0.00 145.00 0.00 100.00 0.00 115.00 0.00 0.27523
4 175.00 0.00 165.00 0.00 85.00 0.00 95.00 0.00 0.0231486
4 155.00 0.00 145.00 0.00 105.00 0.00 115.00 0.00 0.163358
4 160.00 0.00 150.00 0.00 100.00 0.00 110.00 0.00 0.0922961
4 175.00 0.00 160.00 0.00 85.00 0.00 100.00 0.00 0.0626702
4 180.00 0.00 155.00 0.00 80.00 0.00 105.00 0.00 0.181859
4 170.00 0.00 150.00 0.00 90.00 0.00 110.00 0.00 0.229613
4 140.00 0.00 137.50 0.00 120.00 0.00 122.50 0.00 0.119207
4 200.00 0.00 180.00 0.00 60.00 0.00 80.00 0.00 0.0419941
4 160.00 0.00 140.00 0.00 100.00 0.00 120.00 0.00 0.790817
4 180.00 0.00 170.00 0.00 80.00 0.00 90.00 0.00 0.0169463
4 170.00 0.00 160.00 0.00 90.00 0.00 100.00 0.00 0.033082
4 190.00 0.00 175.00 0.00 70.00 0.00 85.00 0.00 0.0284162
4 190.00 0.00 170.00 0.00 70.00 0.00 90.00 0.00 0.0577218
4 155.00 0.00 150.00 0.00 105.00 0.00 110.00 0.00 0.0323821
4 180.00 0.00 160.00 0.00 80.00 0.00 100.00 0.00 0.0935368
4 165.00 0.00 155.00 0.00 95.00 0.00 105.00 0.00 0.049379
4 142.50 0.00 140.00 0.00 117.50 0.00 120.00 0.00 0.0590395
4 137.50 0.00 135.00 0.00 122.50 0.00 125.00 0.00 0.340622
4 135.00 0.00 132.50 0.00 125.00 0.00 127.50 0.00 2.03622
4 140.00 0.00 137.50 0.00 122.50 0.00 125.00 0.00 0.188146
4 142.50 0.00 140.00 0.00 120.00 0.00 122.50 0.00 0.0860871
4 137.50 0.00 135.00 0.00 125.00 0.00 127.50 0.00 0.722534
4 135.00 0.00 132.50 0.00 127.50 0.00 130.00 0.00 23.1845
4 140.00 0.00 135.00 0.00 125.00 0.00 130.00 0.00 3.68596
4 145.00 0.00 140.00 0.00 120.00 0.00 125.00 0.00 0.319951
4 150.00 0.00 145.00 0.00 115.00 0.00 120.00 0.00 0.0802128
4 155.00 0.00 150.00 0.00 110.00 0.00 115.00 0.00 0.0385265
4 155.00 0.00 140.00 0.00 110.00 0.00 125.00 0.00 1.00528
4 137.50 0.00 135.00 0.00 127.50 0.00 130.00 0.00 1.93455
4 140.00 0.00 137.50 0.00 125.00 0.00 127.50 0.00 0.341158
4 170.00 0.00 145.00 0.00 95.00 0.00 120.00 0.00 0.609969
4 145.00 0.00 142.50 0.00 120.00 0.00 122.50 0.00 0.0468854
4 185.00 0.00 170.00 0.00 80.00 0.00 95.00 0.00 0.0359076
4 195.00 0.00 170.00 0.00 70.00 0.00 95.00 0.00 0.0948889
4 200.00 0.00 185.00 0.00 65.00 0.00 80.00 0.00 0.0239753
4 170.00 0.00 155.00 0.00 95.00 0.00 110.00 0.00 0.10724
4 142.50 0.00 140.00 0.00 122.50 0.00 125.00 0.00 0.123198
4 142.50 0.00 140.00 0.00 125.00 0.00 127.50 0.00 0.206899
4 145.00 0.00 142.50 0.00 122.50 0.00 125.00 0.00 0.0642247
4 140.00 0.00 137.50 0.00 127.50 0.00 130.00 0.00 0.819112
4 137.50 0.00 135.00 0.00 130.00 0.00 132.50 0.00 9.95654
4 145.00 0.00 140.00 0.00 125.00 0.00 130.00 0.00 0.812966
4 150.00 0.00 145.00 0.00 120.00 0.00 125.00 0.00 0.137299
4 150.00 0.00 140.00 0.00 120.00 0.00 130.00 0.00 1.53088
4 155.00 0.00 145.00 0.00 115.00 0.00 125.00 0.00 0.349794
4 160.00 0.00 150.00 0.00 110.00 0.00 120.00 0.00 0.137416
4 165.00 0.00 155.00 0.00 105.00 0.00 115.00 0.00 0.0689011
4 185.00 0.00 165.00 0.00 85.00 0.00 105.00 0.00 0.0875274
4 155.00 0.00 150.00 0.00 115.00 0.00 120.00 0.00 0.0490667
4 185.00 0.00 160.00 0.00 85.00 0.00 110.00 0.00 0.168652
4 180.00 0.00 170.00 0.00 90.00 0.00 100.00 0.00 0.0204437
4 195.00 0.00 180.00 0.00 75.00 0.00 90.00 0.00 0.032235
4 165.00 0.00 150.00 0.00 105.00 0.00 120.00 0.00 0.235158
4 185.00 0.00 175.00 0.00 85.00 0.00 95.00 0.00 0.0173507
4 175.00 0.00 165.00 0.00 95.00 0.00 105.00 0.00 0.0283707
4 175.00 0.00 155.00 0.00 95.00 0.00 115.00 0.00 0.183512
4 180.00 0.00 165.00 0.00 90.00 0.00 105.00 0.00 0.0556706
4 160.00 0.00 155.00 0.00 110.00 0.00 115.00 0.00 0.0222913
4 170.00 0.00 160.00 0.00 100.00 0.00 110.00 0.00 0.0428668
4 165.00 0.00 145.00 0.00 105.00 0.00 125.00 0.00 0.692539
4 147.50 0.00 145.00 0.00 122.50 0.00 125.00 0.00 0.0457035
4 145.00 0.00 142.50 0.00 125.00 0.00 127.50 0.00 0.09665
4 142.50 0.00 140.00 0.00 127.50 0.00 130.00 0.00 0.426436
4 140.00 0.00 137.50 0.00 130.00 0.00 132.50 0.00 0.97408
4 195.00 0.00 175.00 0.00 75.00 0.00 95.00 0.00 0.061086
4 147.50 0.00 145.00 0.00 125.00 0.00 127.50 0.00 0.0643291
4 140.00 0.00 137.50 0.00 132.50 0.00 135.00 0.00 9.78912
4 145.00 0.00 142.50 0.00 127.50 0.00 130.00 0.00 0.161993
4 142.50 0.00 140.00 0.00 130.00 0.00 132.50 0.00 1.12137
4 145.00 0.00 140.00 0.00 130.00 0.00 135.00 0.00 3.74824
4 150.00 0.00 145.00 0.00 125.00 0.00 130.00 0.00 0.259752
4 155.00 0.00 150.00 0.00 120.00 0.00 125.00 0.00 0.0806302
4 160.00 0.00 155.00 0.00 115.00 0.00 120.00 0.00 0.027487
4 190.00 0.00 175.00 0.00 85.00 0.00 100.00 0.00 0.0404399
4 160.00 0.00 145.00 0.00 115.00 0.00 130.00 0.00 0.857471
4 147.50 0.00 145.00 0.00 127.50 0.00 130.00 0.00 0.0995351
4 200.00 0.00 175.00 0.00 75.00 0.00 100.00 0.00 0.0924989
4 175.00 0.00 150.00 0.00 100.00 0.00 125.00 0.00 0.536221
4 175.00 0.00 160.00 0.00 100.00 0.00 115.00 0.00 0.0908593
4 145.00 0.00 142.50 0.00 130.00 0.00 132.50 0.00 0.306342
4 150.00 0.00 147.50 0.00 125.00 0.00 127.50 0.00 0.0400273
4 142.50 0.00 140.00 0.00 132.50 0.00 135.00 0.00 1.77063
4 145.00 0.00 142.50 0.00 132.50 0.00 135.00 0.00 0.611426
4 147.50 0.00 145.00 0.00 130.00 0.00 132.50 0.00 0.160167
4 142.50 0.00 140.00 0.00 135.00 0.00 137.50 0.00 18.4118
4 150.00 0.00 147.50 0.00 127.50 0.00 130.00 0.00 0.0568576
4 150.00 0.00 145.00 0.00 130.00 0.00 135.00 0.00 0.705554
4 150.00 0.00 147.50 0.00 130.00 0.00 132.50 0.00 0.085962
4 185.00 0.00 170.00 0.00 95.00 0.00 110.00 0.00 0.0514871
4 155.00 0.00 150.00 0.00 125.00 0.00 130.00 0.00 0.126904
4 155.00 0.00 145.00 0.00 125.00 0.00 135.00 0.00 1.34563
4 160.00 0.00 150.00 0.00 120.00 0.00 130.00 0.00 0.302288
4 185.00 0.00 175.00 0.00 95.00 0.00 105.00 0.00 0.0192845
4 180.00 0.00 170.00 0.00 100.00 0.00 110.00 0.00 0.0267935
4 170.00 0.00 155.00 0.00 110.00 0.00 125.00 0.00 0.187303
4 175.00 0.00 165.00 0.00 105.00 0.00 115.00 0.00 0.0367494
4 190.00 0.00 170.00 0.00 90.00 0.00 110.00 0.00 0.0883565
4 190.00 0.00 180.00 0.00 90.00 0.00 100.00 0.00 0.0179922
4 180.00 0.00 160.00 0.00 100.00 0.00 120.00 0.00 0.158257
4 170.00 0.00 160.00 0.00 110.00 0.00 120.00 0.00 0.0554105
4 165.00 0.00 160.00 0.00 115.00 0.00 120.00 0.00 0.0181743
4 200.00 0.00 180.00 0.00 80.00 0.00 100.00 0.00 0.0596909
4 190.00 0.00 165.00 0.00 90.00 0.00 115.00 0.00 0.157905
4 200.00 0.00 185.00 0.00 80.00 0.00 95.00 0.00 0.0322605
4 165.00 0.00 155.00 0.00 115.00 0.00 125.00 0.00 0.110208
4 160.00 0.00 155.00 0.00 120.00 0.00 125.00 0.00 0.0396225
4 147.50 0.00 145.00 0.00 132.50 0.00 135.00 0.00 0.308726
4 170.00 0.00 150.00 0.00 110.00 0.00 130.00 0.00 0.580077
4 145.00 0.00 142.50 0.00 135.00 0.00 137.50 0.00 1.92566
4 152.50 0.00 150.00 0.00 127.50 0.00 130.00 0.00 0.0420057
4 147.50 0.00 145.00 0.00 135.00 0.00 137.50 0.00 0.695126
4 150.00 0.00 147.50 0.00 132.50 0.00 135.00 0.00 0.146834
4 145.00 0.00 142.50 0.00 137.50 0.00 140.00 0.00 10.5793
4 152.50 0.00 150.00 0.00 130.00 0.00 132.50 0.00 0.0600048
4 150.00 0.00 145.00 0.00 135.00 0.00 140.00 0.00 3.62309
4 165.00 0.00 160.00 0.00 120.00 0.00 125.00 0.00 0.0252335
4 165.00 0.00 150.00 0.00 120.00 0.00 135.00 0.00 0.762333
4 155.00 0.00 150.00 0.00 130.00 0.00 135.00 0.00 0.257204
4 150.00 0.00 147.50 0.00 135.00 0.00 137.50 0.00 0.29103
4 160.00 0.00 155.00 0.00 125.00 0.00 130.00 0.00 0.0547736
4 195.00 0.00 180.00 0.00 90.00 0.00 105.00 0.00 0.0428073
4 180.00 0.00 165.00 0.00 105.00 0.00 120.00 0.00 0.0805247
4 180.00 0.00 155.00 0.00 105.00 0.00 130.00 0.00 0.433729
4 147.50 0.00 145.00 0.00 137.50 0.00 140.00 0.00 1.96176
4 155.00 0.00 152.50 0.00 130.00 0.00 132.50 0.00 0.0408838
4 152.50 0.00 150.00 0.00 132.50 0.00 135.00 0.00 0.0977051
4 150.00 0.00 147.50 0.00 137.50 0.00 140.00 0.00 0.658964
4 147.50 0.00 145.00 0.00 140.00 0.00 142.50 0.00 7.86431
4 155.00 0.00 152.50 0.00 132.50 0.00 135.00 0.00 0.0599386
4 152.50 0.00 150.00 0.00 135.00 0.00 137.50 0.00 0.170746
4 195.00 0.00 175.00 0.00 95.00 0.00 115.00 0.00 0.0884581
4 160.00 0.00 150.00 0.00 130.00 0.00 140.00 0.00 1.35282
4 180.00 0.00 170.00 0.00 110.00 0.00 120.00 0.00 0.0336658
4 190.00 0.00 180.00 0.00 100.00 0.00 110.00 0.00 0.0218171
4 165.00 0.00 160.00 0.00 125.00 0.00 130.00 0.00 0.0336396
4 195.00 0.00 170.00 0.00 95.00 0.00 120.00 0.00 0.156833
4 190.00 0.00 175.00 0.00 100.00 0.00 115.00 0.00 0.0530166
4 160.00 0.00 155.00 0.00 130.00 0.00 135.00 0.00 0.0941786
4 155.00 0.00 150.00 0.00 135.00 0.00 140.00 0.00 0.779413
4 195.00 0.00 185.00 0.00 95.00 0.00 105.00 0.00 0.0225191
4 150.00 0.00 147.50 0.00 140.00 0.00 142.50 0.00 1.97456
4 185.00 0.00 175.00 0.00 105.00 0.00 115.00 0.00 0.0235811
4 185.00 0.00 165.00 0.00 105.00 0.00 125.00 0.00 0.147168
4 165.00 0.00 155.00 0.00 125.00 0.00 135.00 0.00 0.234252
4 175.00 0.00 155.00 0.00 115.00 0.00 135.00 0.00 0.483942
4 175.00 0.00 160.00 0.00 115.00 0.00 130.00 0.00 0.164908
4 175.00 0.00 165.00 0.00 115.00 0.00 125.00 0.00 0.0527741
4 170.00 0.00 165.00 0.00 120.00 0.00 125.00 0.00 0.0169595
4 170.00 0.00 160.00 0.00 120.00 0.00 130.00 0.00 0.0854016
4 157.50 0.00 155.00 0.00 132.50 0.00 135.00 0.00 0.0325145
4 155.00 0.00 152.50 0.00 135.00 0.00 137.50 0.00 0.0991018
4 152.50 0.00 150.00 0.00 137.50 0.00 140.00 0.00 0.33592
4 150.00 0.00 147.50 0.00 142.50 0.00 145.00 0.00 6.53978
4 155.00 0.00 152.50 0.00 137.50 0.00 140.00 0.00 0.172953
4 157.50 0.00 155.00 0.00 135.00 0.00 137.50 0.00 0.0509861
4 152.50 0.00 150.00 0.00 140.00 0.00 142.50 0.00 0.841563
4 155.00 0.00 150.00 0.00 140.00 0.00 145.00 0.00 3.51026
4 160.00 0.00 155.00 0.00 135.00 0.00 140.00 0.00 0.222273
4 165.00 0.00 160.00 0.00 130.00 0.00 135.00 0.00 0.0554085
4 185.00 0.00 160.00 0.00 110.00 0.00 135.00 0.00 0.399135
4 200.00 0.00 185.00 0.00 95.00 0.00 110.00 0.00 0.0433715
4 170.00 0.00 165.00 0.00 125.00 0.00 130.00 0.00 0.00970131
4 170.00 0.00 155.00 0.00 125.00 0.00 140.00 0.00 0.661559
4 185.00 0.00 170.00 0.00 110.00 0.00 125.00 0.00 0.076668
4 155.00 0.00 152.50 0.00 140.00 0.00 142.50 0.00 0.334283
4 152.50 0.00 150.00 0.00 142.50 0.00 145.00 0.00 1.71975
4 160.00 0.00 157.50 0.00 135.00 0.00 137.50 0.00 0.032739
4 157.50 0.00 155.00 0.00 137.50 0.00 140.00 0.00 0.0830598
4 152.50 0.00 150.00 0.00 145.00 0.00 147.50 0.00 9.64126
4 160.00 0.00 157.50 0.00 137.50 0.00 140.00 0.00 0.0518851
4 155.00 0.00 152.50 0.00 142.50 0.00 145.00 0.00 0.603987
4 157.50 0.00 155.00 0.00 140.00 0.00 142.50 0.00 0.145077
4 200.00 0.00 190.00 0.00 100.00 0.00 110.00 0.00 0.0190428
4 165.00 0.00 160.00 0.00 135.00 0.00 140.00 0.00 0.0978883
4 170.00 0.00 160.00 0.00 130.00 0.00 140.00 0.00 0.247239
4 180.00 0.00 170.00 0.00 120.00 0.00 130.00 0.00 0.0640092
4 190.00 0.00 170.00 0.00 110.00 0.00 130.00 0.00 0.152791
4 170.00 0.00 165.00 0.00 130.00 0.00 135.00 0.00 -0.292793
4 160.00 0.00 155.00 0.00 140.00 0.00 145.00 0.00 0.578519
4 200.00 0.00 175.00 0.00 100.00 0.00 125.00 0.00 0.152584
4 190.00 0.00 180.00 0.00 110.00 0.00 120.00 0.00 0.0267561
4 200.00 0.00 180.00 0.00 100.00 0.00 120.00 0.00 0.0868795
4 165.00 0.00 155.00 0.00 135.00 0.00 145.00 0.00 1.10972
4 195.00 0.00 185.00 0.00 105.00 0.00 115.00 0.00 0.0230336
4 180.00 0.00 165.00 0.00 120.00 0.00 135.00 0.00 0.153541
4 175.00 0.00 165.00 0.00 125.00 0.00 135.00 0.00 0.0866459
4 175.00 0.00 170.00 0.00 125.00 0.00 130.00 0.00 0.0284423
4 195.00 0.00 180.00 0.00 105.00 0.00 120.00 0.00 0.0556617
4 180.00 0.00 160.00 0.00 120.00 0.00 140.00 0.00 0.477539
4 185.00 0.00 175.00 0.00 115.00 0.00 125.00 0.00 0.0327218
4 162.50 0.00 160.00 0.00 137.50 0.00 140.00 0.00 0.0369063
4 160.00 0.00 157.50 0.00 140.00 0.00 142.50 0.00 0.0848982
4 157.50 0.00 155.00 0.00 142.50 0.00 145.00 0.00 0.226073
4 155.00 0.00 152.50 0.00 145.00 0.00 147.50 0.00 1.72971
4 162.50 0.00 160.00 0.00 140.00 0.00 142.50 0.00 0.0566389
4 155.00 0.00 152.50 0.00 147.50 0.00 150.00 0.00 6.17858
4 160.00 0.00 157.50 0.00 142.50 0.00 145.00 0.00 0.120927
4 157.50 0.00 155.00 0.00 145.00 0.00 147.50 0.00 0.513128
4 175.00 0.00 160.00 0.00 130.00 0.00 145.00 0.00 0.653684
4 165.00 0.00 160.00 0.00 140.00 0.00 145.00 0.00 0.208078
4 190.00 0.00 165.00 0.00 115.00 0.00 140.00 0.00 0.40833
4 190.00 0.00 175.00 0.00 115.00 0.00 130.00 0.00 0.0803774
4 175.00 0.00 170.00 0.00 130.00 0.00 135.00 0.00 0.379196
4 170.00 0.00 165.00 0.00 135.00 0.00 140.00 0.00 0.38782
4 160.00 0.00 155.00 0.00 145.00 0.00 150.00 0.00 2.57702
4 157.50 0.00 155.00 0.00 147.50 0.00 150.00 0.00 1.23211
4 165.00 0.00 162.50 0.00 140.00 0.00 142.50 0.00 0.0338904
4 162.50 0.00 160.00 0.00 142.50 0.00 145.00 0.00 0.0750292
4 160.00 0.00 157.50 0.00 145.00 0.00 147.50 0.00 0.240748
4 165.00 0.00 162.50 0.00 142.50 0.00 145.00 0.00 0.0433016
4 162.50 0.00 160.00 0.00 145.00 0.00 147.50 0.00 0.136879
4 160.00 0.00 157.50 0.00 147.50 0.00 150.00 0.00 0.469014
4 157.50 0.00 155.00 0.00 150.00 0.00 152.50 0.00 5.53238
4 170.00 0.00 165.00 0.00 140.00 0.00 145.00 0.00 0.0989585
4 185.00 0.00 165.00 0.00 125.00 0.00 145.00 0.00 0.478128
4 200.00 0.00 190.00 0.00 110.00 0.00 120.00 0.00 0.0205766
4 175.00 0.00 170.00 0.00 135.00 0.00 140.00 0.00 -0.334688
4 185.00 0.00 175.00 0.00 125.00 0.00 135.00 0.00 0.0397966
4 175.00 0.00 165.00 0.00 135.00 0.00 145.00 0.00 0.241725
4 200.00 0.00 185.00 0.00 110.00 0.00 125.00 0.00 0.0546399
4 195.00 0.00 185.00 0.00 115.00 0.00 125.00 0.00 0.0307075
4 185.00 0.00 170.00 0.00 125.00 0.00 140.00 0.00 0.157768
4 170.00 0.00 160.00 0.00 140.00 0.00 150.00 0.00 1.06599
4 180.00 0.00 175.00 0.00 130.00 0.00 135.00 0.00 0.0180466
4 165.00 0.00 160.00 0.00 145.00 0.00 150.00 0.00 0.573139
4 180.00 0.00 170.00 0.00 130.00 0.00 140.00 0.00 0.080939
4 195.00 0.00 175.00 0.00 115.00 0.00 135.00 0.00 0.148516
4 190.00 0.00 180.00 0.00 120.00 0.00 130.00 0.00 0.0364771
4 165.00 0.00 162.50 0.00 145.00 0.00 147.50 0.00 0.0731513
4 160.00 0.00 157.50 0.00 150.00 0.00 152.50 0.00 1.42538
4 167.50 0.00 165.00 0.00 142.50 0.00 145.00 0.00 0.0316183
4 162.50 0.00 160.00 0.00 147.50 0.00 150.00 0.00 0.233166
4 165.00 0.00 162.50 0.00 147.50 0.00 150.00 0.00 0.115785
4 167.50 0.00 165.00 0.00 145.00 0.00 147.50 0.00 0.0497734
4 162.50 0.00 160.00 0.00 150.00 0.00 152.50 0.00 0.576422
4 160.00 0.00 157.50 0.00 152.50 0.00 155.00 0.00 7.50686
4 180.00 0.00 175.00 0.00 135.00 0.00 140.00 0.00 0.0205322
4 165.00 0.00 160.00 0.00 150.00 0.00 155.00 0.00 3.58291
4 175.00 0.00 170.00 0.00 140.00 0.00 145.00 0.00 0.0528653
4 195.00 0.00 170.00 0.00 120.00 0.00 145.00 0.00 0.441438
4 170.00 0.00 165.00 0.00 145.00 0.00 150.00 0.00 0.191242
4 180.00 0.00 165.00 0.00 135.00 0.00 150.00 0.00 0.644151
4 195.00 0.00 180.00 0.00 120.00 0.00 135.00 0.00 0.0812084
4 162.50 0.00 160.00 0.00 152.50 0.00 155.00 0.00 1.96623
4 165.00 0.00 162.50 0.00 150.00 0.00 152.50 0.00 0.246089
4 170.00 0.00 167.50 0.00 145.00 0.00 147.50 0.00 0.0331239
4 167.50 0.00 165.00 0.00 147.50 0.00 150.00 0.00 0.0725191
4 167.50 0.00 165.00 0.00 150.00 0.00 152.50 0.00 0.140477
4 165.00 0.00 162.50 0.00 152.50 0.00 155.00 0.00 0.655818
4 170.00 0.00 167.50 0.00 147.50 0.00 150.00 0.00 0.0463022
4 162.50 0.00 160.00 0.00 155.00 0.00 157.50 0.00 7.30001
4 175.00 0.00 165.00 0.00 145.00 0.00 155.00 0.00 1.23026
4 195.00 0.00 185.00 0.00 125.00 0.00 135.00 0.00 0.0460256
4 190.00 0.00 170.00 0.00 130.00 0.00 150.00 0.00 0.503605
4 200.00 0.00 180.00 0.00 120.00 0.00 140.00 0.00 0.127953
4 185.00 0.00 180.00 0.00 135.00 0.00 140.00 0.00 0.0277601
4 190.00 0.00 175.00 0.00 130.00 0.00 145.00 0.00 0.185012
4 190.00 0.00 180.00 0.00 130.00 0.00 140.00 0.00 0.0611914
4 180.00 0.00 175.00 0.00 140.00 0.00 145.00 0.00 0.0364676
4 170.00 0.00 165.00 0.00 150.00 0.00 155.00 0.00 0.687929
4 185.00 0.00 175.00 0.00 135.00 0.00 145.00 0.00 0.109887
4 180.00 0.00 170.00 0.00 140.00 0.00 150.00 0.00 0.24127
4 175.00 0.00 170.00 0.00 145.00 0.00 150.00 0.00 0.106497
4 200.00 0.00 190.00 0.00 120.00 0.00 130.00 0.00 0.0211584
4 165.00 0.00 162.50 0.00 155.00 0.00 157.50 0.00 1.65879
4 172.50 0.00 170.00 0.00 147.50 0.00 150.00 0.00 0.0298223
4 170.00 0.00 167.50 0.00 150.00 0.00 152.50 0.00 0.0831066
4 167.50 0.00 165.00 0.00 152.50 0.00 155.00 0.00 0.311601
4 172.50 0.00 170.00 0.00 150.00 0.00 152.50 0.00 0.051943
4 165.00 0.00 162.50 0.00 157.50 0.00 160.00 0.00 6.0703
4 167.50 0.00 165.00 0.00 155.00 0.00 157.50 0.00 0.606111
4 170.00 0.00 167.50 0.00 152.50 0.00 155.00 0.00 0.16097
4 185.00 0.00 170.00 0.00 140.00 0.00 155.00 0.00 0.734399
4 185.00 0.00 180.00 0.00 140.00 0.00 145.00 0.00 0.0264525
4 200.00 0.00 185.00 0.00 125.00 0.00 140.00 0.00 0.0635222
4 175.00 0.00 170.00 0.00 150.00 0.00 155.00 0.00 0.248486
4 180.00 0.00 175.00 0.00 145.00 0.00 150.00 0.00 0.0470451
4 170.00 0.00 165.00 0.00 155.00 0.00 160.00 0.00 2.82057
4 200.00 0.00 175.00 0.00 125.00 0.00 150.00 0.00 0.471486
4 172.50 0.00 170.00 0.00 152.50 0.00 155.00 0.00 0.0906725
4 167.50 0.00 165.00 0.00 157.50 0.00 160.00 0.00 1.51859
4 170.00 0.00 167.50 0.00 155.00 0.00 157.50 0.00 0.2636
4 175.00 0.00 172.50 0.00 150.00 0.00 152.50 0.00 0.0359602
4 170.00 0.00 167.50 0.00 157.50 0.00 160.00 0.00 0.523089
4 172.50 0.00 170.00 0.00 155.00 0.00 157.50 0.00 0.13171
4 167.50 0.00 165.00 0.00 160.00 0.00 162.50 0.00 7.12229
4 175.00 0.00 172.50 0.00 152.50 0.00 155.00 0.00 0.060243
4 190.00 0.00 185.00 0.00 140.00 0.00 145.00 0.00 0.022755
4 195.00 0.00 175.00 0.00 135.00 0.00 155.00 0.00 0.432351
4 200.00 0.00 190.00 0.00 130.00 0.00 140.00 0.00 0.00892028
4 195.00 0.00 180.00 0.00 135.00 0.00 150.00 0.00 0.0819481
4 185.00 0.00 175.00 0.00 145.00 0.00 155.00 0.00 0.2793
4 180.00 0.00 170.00 0.00 150.00 0.00 160.00 0.00 1.23088
4 180.00 0.00 175.00 0.00 150.00 0.00 155.00 0.00 0.129714
4 175.00 0.00 170.00 0.00 155.00 0.00 160.00 0.00 0.661003
4 195.00 0.00 185.00 0.00 135.00 0.00 145.00 0.00 0.0727542
4 185.00 0.00 180.00 0.00 145.00 0.00 150.00 0.00 0.0390992
4 190.00 0.00 180.00 0.00 140.00 0.00 150.00 0.00 0.116325
4 175.00 0.00 172.50 0.00 155.00 0.00 157.50 0.00 0.0800758
4 170.00 0.00 167.50 0.00 160.00 0.00 162.50 0.00 1.63822
4 177.50 0.00 175.00 0.00 152.50 0.00 155.00 0.00 0.0429848
4 172.50 0.00 170.00 0.00 157.50 0.00 160.00 0.00 0.224717
4 172.50 0.00 170.00 0.00 160.00 0.00 162.50 0.00 0.535152
4 175.00 0.00 172.50 0.00 157.50 0.00 160.00 0.00 0.122688
4 170.00 0.00 167.50 0.00 162.50 0.00 165.00 0.00 6.54278
4 177.50 0.00 175.00 0.00 155.00 0.00 157.50 0.00 0.05356
4 180.00 0.00 175.00 0.00 155.00 0.00 160.00 0.00 0.21872
4 190.00 0.00 185.00 0.00 145.00 0.00 150.00 0.00 0.0215101
4 190.00 0.00 175.00 0.00 145.00 0.00 160.00 0.00 0.759366
4 175.00 0.00 170.00 0.00 160.00 0.00 165.00 0.00 2.97711
4 185.00 0.00 180.00 0.00 150.00 0.00 155.00 0.00 0.0605357
4 177.50 0.00 175.00 0.00 157.50 0.00 160.00 0.00 0.0791013
4 175.00 0.00 172.50 0.00 160.00 0.00 162.50 0.00 0.247088
4 172.50 0.00 170.00 0.00 162.50 0.00 165.00 0.00 1.32375
4 180.00 0.00 177.50 0.00 155.00 0.00 157.50 0.00 0.0367898
4 180.00 0.00 177.50 0.00 157.50 0.00 160.00 0.00 0.048474
4 175.00 0.00 172.50 0.00 162.50 0.00 165.00 0.00 0.369418
4 177.50 0.00 175.00 0.00 160.00 0.00 162.50 0.00 0.140438
4 172.50 0.00 170.00 0.00 165.00 0.00 167.50 0.00 7.52631
4 200.00 0.00 180.00 0.00 140.00 0.00 160.00 0.00 0.644951
4 180.00 0.00 175.00 0.00 160.00 0.00 165.00 0.00 0.590534
4 190.00 0.00 185.00 0.00 150.00 0.00 155.00 0.00 0.0656195
4 195.00 0.00 190.00 0.00 145.00 0.00 150.00 0.00 0.302828
4 200.00 0.00 190.00 0.00 140.00 0.00 150.00 0.00 0.439603
4 190.00 0.00 180.00 0.00 150.00 0.00 160.00 0.00 0.298978
4 185.00 0.00 180.00 0.00 155.00 0.00 160.00 0.00 0.101143
4 195.00 0.00 185.00 0.00 145.00 0.00 155.00 0.00 -0.0529362
4 200.00 0.00 185.00 0.00 140.00 0.00 155.00 0.00 0.275193
4 185.00 0.00 175.00 0.00 155.00 0.00 165.00 0.00 1.11529
4 182.50 0.00 180.00 0.00 157.50 0.00 160.00 0.00 0.0339306
4 175.00 0.00 172.50 0.00 165.00 0.00 167.50 0.00 1.57858
4 180.00 0.00 177.50 0.00 160.00 0.00 162.50 0.00 0.0853861
4 177.50 0.00 175.00 0.00 162.50 0.00 165.00 0.00 0.343844
4 175.00 0.00 172.50 0.00 167.50 0.00 170.00 0.00 7.31718
4 182.50 0.00 180.00 0.00 160.00 0.00 162.50 0.00 0.0524804
4 180.00 0.00 177.50 0.00 162.50 0.00 165.00 0.00 0.0760512
4 177.50 0.00 175.00 0.00 165.00 0.00 167.50 0.00 0.508626
4 190.00 0.00 185.00 0.00 155.00 0.00 160.00 0.00 0.0750018
4 180.00 0.00 175.00 0.00 165.00 0.00 170.00 0.00 3.08697
4 195.00 0.00 190.00 0.00 150.00 0.00 155.00 0.00 -0.44157
4 185.00 0.00 180.00 0.00 160.00 0.00 165.00 0.00 0.20854
4 195.00 0.00 180.00 0.00 150.00 0.00 165.00 0.00 0.933992
4 180.00 0.00 177.50 0.00 165.00 0.00 167.50 0.00 0.32069
4 177.50 0.00 175.00 0.00 167.50 0.00 170.00 0.00 1.6312
4 185.00 0.00 182.50 0.00 160.00 0.00 162.50 0.00 0.0341941
4 182.50 0.00 180.00 0.00 162.50 0.00 165.00 0.00 0.122309
4 180.00 0.00 177.50 0.00 167.50 0.00 170.00 0.00 0.666709
4 177.50 0.00 175.00 0.00 170.00 0.00 172.50 0.00 7.01208
4 182.50 0.00 180.00 0.00 165.00 0.00 167.50 0.00 0.114767
4 185.00 0.00 182.50 0.00 162.50 0.00 165.00 0.00 0.0575301
4 185.00 0.00 180.00 0.00 165.00 0.00 170.00 0.00 0.658351
4 195.00 0.00 190.00 0.00 155.00 0.00 160.00 0.00 0.197335
4 200.00 0.00 190.00 0.00 150.00 0.00 160.00 0.00 -0.224982
4 190.00 0.00 180.00 0.00 160.00 0.00 170.00 0.00 1.29343
4 200.00 0.00 195.00 0.00 150.00 0.00 155.00 0.00 0.0812901
4 190.00 0.00 185.00 0.00 160.00 0.00 165.00 0.00 0.123242
4 195.00 0.00 185.00 0.00 155.00 0.00 165.00 0.00 0.532972
4 182.50 0.00 180.00 0.00 167.50 0.00 170.00 0.00 0.27939
4 187.50 0.00 185.00 0.00 162.50 0.00 165.00 0.00 0.0383157
4 185.00 0.00 182.50 0.00 165.00 0.00 167.50 0.00 0.0739657
4 180.00 0.00 177.50 0.00 170.00 0.00 172.50 0.00 1.65941
4 187.50 0.00 185.00 0.00 165.00 0.00 167.50 0.00 0.0620245
4 185.00 0.00 182.50 0.00 167.50 0.00 170.00 0.00 0.139342
4 180.00 0.00 177.50 0.00 172.50 0.00 175.00 0.00 7.41001
4 182.50 0.00 180.00 0.00 170.00 0.00 172.50 0.00 0.716579
4 190.00 0.00 185.00 0.00 165.00 0.00 170.00 0.00 0.29864
4 195.00 0.00 190.00 0.00 160.00 0.00 165.00 0.00 0.128471
4 200.00 0.00 185.00 0.00 155.00 0.00 170.00 0.00 0.775392
4 200.00 0.00 195.00 0.00 155.00 0.00 160.00 0.00 -0.196631
4 185.00 0.00 180.00 0.00 170.00 0.00 175.00 0.00 3.41695
4 182.50 0.00 180.00 0.00 172.50 0.00 175.00 0.00 1.96035
4 190.00 0.00 187.50 0.00 165.00 0.00 167.50 0.00 0.0504732
4 187.50 0.00 185.00 0.00 167.50 0.00 170.00 0.00 0.101352
4 185.00 0.00 182.50 0.00 170.00 0.00 172.50 0.00 0.296402
4 190.00 0.00 187.50 0.00 167.50 0.00 170.00 0.00 0.0805997
4 187.50 0.00 185.00 0.00 170.00 0.00 172.50 0.00 0.177251
4 185.00 0.00 182.50 0.00 172.50 0.00 175.00 0.00 0.66197
4 182.50 0.00 180.00 0.00 175.00 0.00 177.50 0.00 8.19988
4 195.00 0.00 185.00 0.00 165.00 0.00 175.00 0.00 1.61242
4 190.00 0.00 185.00 0.00 170.00 0.00 175.00 0.00 0.865375
4 200.00 0.00 190.00 0.00 160.00 0.00 170.00 0.00 0.231176
4 195.00 0.00 190.00 0.00 165.00 0.00 170.00 0.00 0.102895
4 200.00 0.00 195.00 0.00 160.00 0.00 165.00 0.00 0.0671778
4 190.00 0.00 187.50 0.00 170.00 0.00 172.50 0.00 0.119896
4 192.50 0.00 190.00 0.00 167.50 0.00 170.00 0.00 0.0553205
4 187.50 0.00 185.00 0.00 172.50 0.00 175.00 0.00 0.352047
4 185.00 0.00 182.50 0.00 175.00 0.00 177.50 0.00 1.70072
4 192.50 0.00 190.00 0.00 170.00 0.00 172.50 0.00 0.0808391
4 187.50 0.00 185.00 0.00 175.00 0.00 177.50 0.00 0.755964
4 190.00 0.00 187.50 0.00 172.50 0.00 175.00 0.00 0.228392
4 185.00 0.00 182.50 0.00 177.50 0.00 180.00 0.00 8.75125
4 190.00 0.00 185.00 0.00 175.00 0.00 180.00 0.00 4.07567
4 200.00 0.00 195.00 0.00 165.00 0.00 170.00 0.00 -0.0176676
4 195.00 0.00 190.00 0.00 170.00 0.00 175.00 0.00 0.351559
4 190.00 0.00 187.50 0.00 175.00 0.00 177.50 0.00 0.428692
4 195.00 0.00 192.50 0.00 170.00 0.00 172.50 0.00 0.0485381
4 187.50 0.00 185.00 0.00 177.50 0.00 180.00 0.00 2.08169
4 192.50 0.00 190.00 0.00 172.50 0.00 175.00 0.00 0.148511
4 192.50 0.00 190.00 0.00 175.00 0.00 177.50 0.00 0.254638
4 190.00 0.00 187.50 0.00 177.50 0.00 180.00 0.00 0.922684
4 195.00 0.00 192.50 0.00 172.50 0.00 175.00 0.00 0.0627721
4 187.50 0.00 185.00 0.00 180.00 0.00 182.50 0.00 10.8341
4 200.00 0.00 195.00 0.00 170.00 0.00 175.00 0.00 0.208068
4 200.00 0.00 190.00 0.00 170.00 0.00 180.00 0.00 1.89583
4 195.00 0.00 190.00 0.00 175.00 0.00 180.00 0.00 1.0923
4 190.00 0.00 187.50 0.00 180.00 0.00 182.50 0.00 2.30131
4 197.50 0.00 195.00 0.00 172.50 0.00 175.00 0.00 0.0363658
4 195.00 0.00 192.50 0.00 175.00 0.00 177.50 0.00 0.11285
4 192.50 0.00 190.00 0.00 177.50 0.00 180.00 0.00 0.499382
4 190.00 0.00 187.50 0.00 182.50 0.00 185.00 0.00 10.7159
4 197.50 0.00 195.00 0.00 175.00 0.00 177.50 0.00 0.0572988
4 195.00 0.00 192.50 0.00 177.50 0.00 180.00 0.00 0.201354
4 192.50 0.00 190.00 0.00 180.00 0.00 182.50 0.00 1.39151
4 195.00 0.00 190.00 0.00 180.00 0.00 185.00 0.00 5.68305
4 200.00 0.00 195.00 0.00 175.00 0.00 180.00 0.00 0.253564
4 192.50 0.00 190.00 0.00 182.50 0.00 185.00 0.00 3.2541
4 195.00 0.00 192.50 0.00 180.00 0.00 182.50 0.00 0.442777
4 197.50 0.00 195.00 0.00 177.50 0.00 180.00 0.00 0.0991078
4 200.00 0.00 197.50 0.00 175.00 0.00 177.50 0.00 0.0446831
4 195.00 0.00 192.50 0.00 182.50 0.00 185.00 0.00 1.01032
4 197.50 0.00 195.00 0.00 180.00 0.00 182.50 0.00 0.194551
4 200.00 0.00 197.50 0.00 177.50 0.00 180.00 0.00 0.0724663
4 192.50 0.00 190.00 0.00 185.00 0.00 187.50 0.00 15.9512
4 200.00 0.00 195.00 0.00 180.00 0.00 185.00 0.00 1.01428
4 200.00 0.00 197.50 0.00 180.00 0.00 182.50 0.00 0.133438
4 197.50 0.00 195.00 0.00 182.50 0.00 185.00 0.00 0.41883
4 195.00 0.00 192.50 0.00 185.00 0.00 187.50 0.00 2.58088
4 200.00 0.00 197.50 0.00 182.50 0.00 185.00 0.00 0.273771
4 197.50 0.00 195.00 0.00 185.00 0.00 187.50 0.00 0.921096
4 195.00 0.00 192.50 0.00 187.50 0.00 190.00 0.00 13.0035
4 200.00 0.00 195.00 0.00 185.00 0.00 190.00 0.00 5.60844
4 200.00 0.00 197.50 0.00 185.00 0.00 187.50 0.00 0.568166
4 197.50 0.00 195.00 0.00 187.50 0.00 190.00 0.00 2.50657
4 200.00 0.00 197.50 0.00 187.50 0.00 190.00 0.00 1.36201
4 197.50 0.00 195.00 0.00 190.00 0.00 192.50 0.00 8.44016
4 200.00 0.00 197.50 0.00 190.00 0.00 192.50 0.00 3.29887
4 200.00 0.00 197.50 0.00 192.50 0.00 195.00 0.00 11.2556
Topography in a separate list
2
27
0 31.3
1.69 30.91
4.05 29.68
5.88 28.45
10.33 27.22
12.36 26
15.15 23.54
17.58 22.31
18.81 21.08
21.36 19.85
24.16 18.63
26.59 17.4
28.82 16.5
38.16 13.45
42.67 12.03
45.17 10.92
55.48 9.92
80.29 7.92
95.11 6.92
107.32 7.99
120.28 7.51
132.08 6.01
143.41 0.65
156.72 -4.99
168.55 -3.96
181.79 -3
193.82 0
0
0
0
0
0
0
0
0
