Project5 Dipole-Dipole_1
5.00
11
3
Type of measurement (0=app.resistivity,1=resistance)
1
1469
2
0
4 15.00 0.00 10.00 0.00 0.00 0.00 5.00 0.00 5.81217
4 20.00 0.00 15.00 0.00 0.00 0.00 5.00 0.00 2.02964
4 20.00 0.00 15.00 0.00 5.00 0.00 10.00 0.00 6.16109
4 25.00 0.00 20.00 0.00 0.00 0.00 5.00 0.00 0.91647
4 25.00 0.00 20.00 0.00 5.00 0.00 10.00 0.00 1.99414
4 30.00 0.00 25.00 0.00 0.00 0.00 5.00 0.00 0.463069
4 30.00 0.00 20.00 0.00 0.00 0.00 10.00 0.00 4.21598
4 25.00 0.00 20.00 0.00 10.00 0.00 15.00 0.00 7.64408
4 30.00 0.00 25.00 0.00 5.00 0.00 10.00 0.00 0.843162
4 35.00 0.00 30.00 0.00 0.00 0.00 5.00 0.00 0.274273
4 30.00 0.00 25.00 0.00 10.00 0.00 15.00 0.00 2.15471
4 40.00 0.00 35.00 0.00 0.00 0.00 5.00 0.00 0.13239
4 35.00 0.00 30.00 0.00 5.00 0.00 10.00 0.00 0.452023
4 40.00 0.00 30.00 0.00 0.00 0.00 10.00 0.00 1.06244
4 30.00 0.00 25.00 0.00 15.00 0.00 20.00 0.00 8.84693
4 35.00 0.00 30.00 0.00 10.00 0.00 15.00 0.00 0.952703
4 40.00 0.00 35.00 0.00 5.00 0.00 10.00 0.00 0.20304
4 45.00 0.00 40.00 0.00 0.00 0.00 5.00 0.00 0.0890967
4 40.00 0.00 35.00 0.00 10.00 0.00 15.00 0.00 0.37074
4 45.00 0.00 40.00 0.00 5.00 0.00 10.00 0.00 0.12806
4 50.00 0.00 45.00 0.00 0.00 0.00 5.00 0.00 0.0718265
4 35.00 0.00 30.00 0.00 15.00 0.00 20.00 0.00 2.77508
4 50.00 0.00 40.00 0.00 0.00 0.00 10.00 0.00 0.389852
4 40.00 0.00 30.00 0.00 10.00 0.00 20.00 0.00 4.96405
4 45.00 0.00 40.00 0.00 10.00 0.00 15.00 0.00 0.210886
4 50.00 0.00 45.00 0.00 5.00 0.00 10.00 0.00 0.0988165
4 35.00 0.00 30.00 0.00 20.00 0.00 25.00 0.00 10.2673
4 40.00 0.00 35.00 0.00 15.00 0.00 20.00 0.00 0.868981
4 50.00 0.00 45.00 0.00 10.00 0.00 15.00 0.00 0.154266
4 55.00 0.00 50.00 0.00 5.00 0.00 10.00 0.00 0.0753413
4 45.00 0.00 40.00 0.00 15.00 0.00 20.00 0.00 0.425569
4 50.00 0.00 40.00 0.00 10.00 0.00 20.00 0.00 1.0726
4 40.00 0.00 35.00 0.00 20.00 0.00 25.00 0.00 2.20339
4 60.00 0.00 40.00 0.00 0.00 0.00 20.00 0.00 2.22426
4 60.00 0.00 50.00 0.00 0.00 0.00 10.00 0.00 0.244375
4 40.00 0.00 35.00 0.00 25.00 0.00 30.00 0.00 8.58778
4 45.00 0.00 40.00 0.00 20.00 0.00 25.00 0.00 0.820199
4 55.00 0.00 50.00 0.00 10.00 0.00 15.00 0.00 0.112249
4 50.00 0.00 45.00 0.00 15.00 0.00 20.00 0.00 0.281969
4 45.00 0.00 40.00 0.00 25.00 0.00 30.00 0.00 2.03008
4 55.00 0.00 50.00 0.00 15.00 0.00 20.00 0.00 0.188836
4 60.00 0.00 55.00 0.00 10.00 0.00 15.00 0.00 0.0853864
4 50.00 0.00 45.00 0.00 20.00 0.00 25.00 0.00 0.467503
4 70.00 0.00 60.00 0.00 0.00 0.00 10.00 0.00 0.14702
4 60.00 0.00 50.00 0.00 10.00 0.00 20.00 0.00 0.518333
4 50.00 0.00 40.00 0.00 20.00 0.00 30.00 0.00 4.22953
4 45.00 0.00 40.00 0.00 30.00 0.00 35.00 0.00 7.88954
4 50.00 0.00 45.00 0.00 25.00 0.00 30.00 0.00 0.915469
4 55.00 0.00 50.00 0.00 20.00 0.00 25.00 0.00 0.287104
4 60.00 0.00 55.00 0.00 15.00 0.00 20.00 0.00 0.132039
4 50.00 0.00 45.00 0.00 30.00 0.00 35.00 0.00 2.37074
4 55.00 0.00 50.00 0.00 25.00 0.00 30.00 0.00 0.493959
4 60.00 0.00 55.00 0.00 20.00 0.00 25.00 0.00 0.187667
4 65.00 0.00 60.00 0.00 15.00 0.00 20.00 0.00 0.0863124
4 70.00 0.00 50.00 0.00 10.00 0.00 30.00 0.00 2.52276
4 80.00 0.00 60.00 0.00 0.00 0.00 20.00 0.00 0.706008
4 80.00 0.00 70.00 0.00 0.00 0.00 10.00 0.00 0.113602
4 70.00 0.00 60.00 0.00 10.00 0.00 20.00 0.00 0.262224
4 60.00 0.00 50.00 0.00 20.00 0.00 30.00 0.00 1.26093
4 55.00 0.00 50.00 0.00 30.00 0.00 35.00 0.00 1.05824
4 60.00 0.00 55.00 0.00 25.00 0.00 30.00 0.00 0.291516
4 65.00 0.00 60.00 0.00 20.00 0.00 25.00 0.00 0.113449
4 50.00 0.00 45.00 0.00 35.00 0.00 40.00 0.00 5.70255
4 65.00 0.00 60.00 0.00 25.00 0.00 30.00 0.00 0.162341
4 60.00 0.00 55.00 0.00 30.00 0.00 35.00 0.00 0.536202
4 70.00 0.00 65.00 0.00 20.00 0.00 25.00 0.00 0.0881478
4 60.00 0.00 50.00 0.00 30.00 0.00 40.00 0.00 4.28363
4 55.00 0.00 50.00 0.00 35.00 0.00 40.00 0.00 1.86602
4 90.00 0.00 60.00 0.00 0.00 0.00 30.00 0.00 1.83486
4 90.00 0.00 80.00 0.00 0.00 0.00 10.00 0.00 0.0809479
4 80.00 0.00 70.00 0.00 10.00 0.00 20.00 0.00 0.182669
4 70.00 0.00 60.00 0.00 20.00 0.00 30.00 0.00 0.481
4 55.00 0.00 50.00 0.00 40.00 0.00 45.00 0.00 7.07898
4 60.00 0.00 55.00 0.00 35.00 0.00 40.00 0.00 0.789665
4 65.00 0.00 60.00 0.00 30.00 0.00 35.00 0.00 0.269681
4 70.00 0.00 65.00 0.00 25.00 0.00 30.00 0.00 0.117222
4 60.00 0.00 55.00 0.00 40.00 0.00 45.00 0.00 2.17412
4 65.00 0.00 60.00 0.00 35.00 0.00 40.00 0.00 0.347831
4 70.00 0.00 65.00 0.00 30.00 0.00 35.00 0.00 0.17463
4 80.00 0.00 60.00 0.00 20.00 0.00 40.00 0.00 2.19283
4 70.00 0.00 60.00 0.00 30.00 0.00 40.00 0.00 0.994011
4 90.00 0.00 70.00 0.00 10.00 0.00 30.00 0.00 0.749388
4 100.00 0.00 90.00 0.00 0.00 0.00 10.00 0.00 0.0626853
4 90.00 0.00 80.00 0.00 10.00 0.00 20.00 0.00 0.119473
4 80.00 0.00 70.00 0.00 20.00 0.00 30.00 0.00 0.280681
4 100.00 0.00 80.00 0.00 0.00 0.00 20.00 0.00 0.36536
4 75.00 0.00 70.00 0.00 25.00 0.00 30.00 0.00 0.0852547
4 65.00 0.00 60.00 0.00 40.00 0.00 45.00 0.00 0.758638
4 75.00 0.00 70.00 0.00 30.00 0.00 35.00 0.00 0.120759
4 60.00 0.00 55.00 0.00 45.00 0.00 50.00 0.00 8.74082
4 70.00 0.00 65.00 0.00 35.00 0.00 40.00 0.00 0.201255
4 65.00 0.00 60.00 0.00 45.00 0.00 50.00 0.00 2.11044
4 70.00 0.00 65.00 0.00 40.00 0.00 45.00 0.00 0.377139
4 75.00 0.00 70.00 0.00 35.00 0.00 40.00 0.00 0.129691
4 100.00 0.00 90.00 0.00 10.00 0.00 20.00 0.00 0.101984
4 80.00 0.00 75.00 0.00 30.00 0.00 35.00 0.00 0.0928804
4 100.00 0.00 70.00 0.00 10.00 0.00 40.00 0.00 1.79957
4 90.00 0.00 80.00 0.00 20.00 0.00 30.00 0.00 0.165884
4 80.00 0.00 70.00 0.00 30.00 0.00 40.00 0.00 0.436316
4 70.00 0.00 60.00 0.00 40.00 0.00 50.00 0.00 4.1192
4 75.00 0.00 70.00 0.00 40.00 0.00 45.00 0.00 0.219089
4 80.00 0.00 75.00 0.00 35.00 0.00 40.00 0.00 0.0925364
4 65.00 0.00 60.00 0.00 50.00 0.00 55.00 0.00 6.77348
4 70.00 0.00 65.00 0.00 45.00 0.00 50.00 0.00 0.845136
4 70.00 0.00 65.00 0.00 50.00 0.00 55.00 0.00 1.91566
4 80.00 0.00 75.00 0.00 40.00 0.00 45.00 0.00 0.144797
4 85.00 0.00 80.00 0.00 35.00 0.00 40.00 0.00 0.0625465
4 120.00 0.00 100.00 0.00 0.00 0.00 20.00 0.00 0.256893
4 80.00 0.00 70.00 0.00 40.00 0.00 50.00 0.00 1.04558
4 110.00 0.00 90.00 0.00 10.00 0.00 30.00 0.00 0.431759
4 120.00 0.00 90.00 0.00 0.00 0.00 30.00 0.00 0.741578
4 75.00 0.00 70.00 0.00 45.00 0.00 50.00 0.00 0.427255
4 120.00 0.00 80.00 0.00 0.00 0.00 40.00 0.00 1.70239
4 100.00 0.00 80.00 0.00 20.00 0.00 40.00 0.00 0.677129
4 100.00 0.00 90.00 0.00 20.00 0.00 30.00 0.00 0.133349
4 90.00 0.00 70.00 0.00 30.00 0.00 50.00 0.00 2.08777
4 90.00 0.00 80.00 0.00 30.00 0.00 40.00 0.00 0.219723
4 110.00 0.00 100.00 0.00 10.00 0.00 20.00 0.00 0.0858005
4 70.00 0.00 65.00 0.00 55.00 0.00 60.00 0.00 6.11773
4 75.00 0.00 70.00 0.00 50.00 0.00 55.00 0.00 0.827345
4 85.00 0.00 80.00 0.00 40.00 0.00 45.00 0.00 0.090092
4 80.00 0.00 75.00 0.00 45.00 0.00 50.00 0.00 0.253208
4 75.00 0.00 70.00 0.00 55.00 0.00 60.00 0.00 1.91332
4 80.00 0.00 75.00 0.00 50.00 0.00 55.00 0.00 0.429874
4 85.00 0.00 80.00 0.00 45.00 0.00 50.00 0.00 0.143061
4 90.00 0.00 85.00 0.00 40.00 0.00 45.00 0.00 0.060975
4 110.00 0.00 80.00 0.00 20.00 0.00 50.00 0.00 1.72457
4 80.00 0.00 70.00 0.00 50.00 0.00 60.00 0.00 4.02237
4 110.00 0.00 100.00 0.00 20.00 0.00 30.00 0.00 0.110812
4 100.00 0.00 90.00 0.00 30.00 0.00 40.00 0.00 0.159162
4 90.00 0.00 80.00 0.00 40.00 0.00 50.00 0.00 0.386919
4 85.00 0.00 80.00 0.00 50.00 0.00 55.00 0.00 0.222152
4 80.00 0.00 75.00 0.00 55.00 0.00 60.00 0.00 0.832723
4 90.00 0.00 85.00 0.00 45.00 0.00 50.00 0.00 0.0911396
4 75.00 0.00 70.00 0.00 60.00 0.00 65.00 0.00 5.75329
4 90.00 0.00 85.00 0.00 50.00 0.00 55.00 0.00 0.12906
4 95.00 0.00 90.00 0.00 45.00 0.00 50.00 0.00 0.071649
4 90.00 0.00 80.00 0.00 50.00 0.00 60.00 0.00 0.931061
4 110.00 0.00 90.00 0.00 30.00 0.00 50.00 0.00 0.707489
4 130.00 0.00 100.00 0.00 10.00 0.00 40.00 0.00 0.694492
4 120.00 0.00 110.00 0.00 20.00 0.00 30.00 0.00 0.0754764
4 140.00 0.00 120.00 0.00 0.00 0.00 20.00 0.00 0.122953
4 130.00 0.00 90.00 0.00 10.00 0.00 50.00 0.00 1.691
4 130.00 0.00 110.00 0.00 10.00 0.00 30.00 0.00 0.226972
4 80.00 0.00 75.00 0.00 60.00 0.00 65.00 0.00 1.68127
4 120.00 0.00 100.00 0.00 20.00 0.00 40.00 0.00 0.402196
4 110.00 0.00 100.00 0.00 30.00 0.00 40.00 0.00 0.13038
4 100.00 0.00 80.00 0.00 40.00 0.00 60.00 0.00 1.97928
4 85.00 0.00 80.00 0.00 55.00 0.00 60.00 0.00 0.38203
4 100.00 0.00 90.00 0.00 40.00 0.00 50.00 0.00 0.23644
4 90.00 0.00 85.00 0.00 55.00 0.00 60.00 0.00 0.196121
4 95.00 0.00 90.00 0.00 50.00 0.00 55.00 0.00 0.0960817
4 80.00 0.00 75.00 0.00 65.00 0.00 70.00 0.00 7.58093
4 85.00 0.00 80.00 0.00 60.00 0.00 65.00 0.00 0.627756
4 90.00 0.00 85.00 0.00 60.00 0.00 65.00 0.00 0.283866
4 95.00 0.00 90.00 0.00 55.00 0.00 60.00 0.00 0.13502
4 100.00 0.00 95.00 0.00 50.00 0.00 55.00 0.00 0.0837921
4 85.00 0.00 80.00 0.00 65.00 0.00 70.00 0.00 1.60951
4 150.00 0.00 120.00 0.00 0.00 0.00 30.00 0.00 0.286855
4 150.00 0.00 100.00 0.00 0.00 0.00 50.00 0.00 1.52497
4 100.00 0.00 90.00 0.00 50.00 0.00 60.00 0.00 0.428603
4 120.00 0.00 90.00 0.00 30.00 0.00 60.00 0.00 1.80901
4 120.00 0.00 110.00 0.00 30.00 0.00 40.00 0.00 0.0855505
4 110.00 0.00 100.00 0.00 40.00 0.00 50.00 0.00 0.182292
4 90.00 0.00 80.00 0.00 60.00 0.00 70.00 0.00 3.1005
4 95.00 0.00 90.00 0.00 60.00 0.00 65.00 0.00 0.175041
4 85.00 0.00 80.00 0.00 70.00 0.00 75.00 0.00 7.139
4 90.00 0.00 85.00 0.00 65.00 0.00 70.00 0.00 0.556483
4 100.00 0.00 95.00 0.00 55.00 0.00 60.00 0.00 0.113209
4 105.00 0.00 100.00 0.00 55.00 0.00 60.00 0.00 0.090765
4 100.00 0.00 95.00 0.00 60.00 0.00 65.00 0.00 0.136615
4 95.00 0.00 90.00 0.00 65.00 0.00 70.00 0.00 0.293901
4 150.00 0.00 130.00 0.00 10.00 0.00 30.00 0.00 0.123878
4 140.00 0.00 100.00 0.00 20.00 0.00 60.00 0.00 1.64053
4 130.00 0.00 110.00 0.00 30.00 0.00 50.00 0.00 0.324212
4 140.00 0.00 110.00 0.00 20.00 0.00 50.00 0.00 0.571286
4 160.00 0.00 140.00 0.00 0.00 0.00 20.00 0.00 0.0880033
4 120.00 0.00 100.00 0.00 40.00 0.00 60.00 0.00 0.771891
4 140.00 0.00 120.00 0.00 20.00 0.00 40.00 0.00 0.178004
4 90.00 0.00 85.00 0.00 70.00 0.00 75.00 0.00 1.38433
4 100.00 0.00 90.00 0.00 60.00 0.00 70.00 0.00 0.814387
4 130.00 0.00 120.00 0.00 30.00 0.00 40.00 0.00 0.0541415
4 120.00 0.00 110.00 0.00 40.00 0.00 50.00 0.00 0.114259
4 110.00 0.00 90.00 0.00 50.00 0.00 70.00 0.00 2.00227
4 110.00 0.00 100.00 0.00 50.00 0.00 60.00 0.00 0.298238
4 160.00 0.00 120.00 0.00 0.00 0.00 40.00 0.00 0.507412
4 100.00 0.00 95.00 0.00 65.00 0.00 70.00 0.00 0.20684
4 90.00 0.00 85.00 0.00 75.00 0.00 80.00 0.00 7.21547
4 95.00 0.00 90.00 0.00 70.00 0.00 75.00 0.00 0.543408
4 105.00 0.00 100.00 0.00 60.00 0.00 65.00 0.00 0.106694
4 105.00 0.00 100.00 0.00 65.00 0.00 70.00 0.00 0.150622
4 110.00 0.00 105.00 0.00 60.00 0.00 65.00 0.00 0.0875762
4 130.00 0.00 120.00 0.00 40.00 0.00 50.00 0.00 0.0709668
4 160.00 0.00 110.00 0.00 10.00 0.00 60.00 0.00 1.39066
4 120.00 0.00 110.00 0.00 50.00 0.00 60.00 0.00 0.176151
4 95.00 0.00 90.00 0.00 75.00 0.00 80.00 0.00 1.57818
4 100.00 0.00 95.00 0.00 70.00 0.00 75.00 0.00 0.32062
4 160.00 0.00 130.00 0.00 10.00 0.00 40.00 0.00 0.272141
4 100.00 0.00 90.00 0.00 70.00 0.00 80.00 0.00 3.17436
4 110.00 0.00 100.00 0.00 60.00 0.00 70.00 0.00 0.464876
4 130.00 0.00 100.00 0.00 40.00 0.00 70.00 0.00 1.79973
4 100.00 0.00 95.00 0.00 75.00 0.00 80.00 0.00 0.710942
4 105.00 0.00 100.00 0.00 70.00 0.00 75.00 0.00 0.212048
4 110.00 0.00 105.00 0.00 65.00 0.00 70.00 0.00 0.119933
4 95.00 0.00 90.00 0.00 80.00 0.00 85.00 0.00 6.02061
4 105.00 0.00 100.00 0.00 75.00 0.00 80.00 0.00 0.400704
4 110.00 0.00 105.00 0.00 70.00 0.00 75.00 0.00 0.15868
4 115.00 0.00 110.00 0.00 65.00 0.00 70.00 0.00 0.0815568
4 100.00 0.00 95.00 0.00 80.00 0.00 85.00 0.00 1.41697
4 150.00 0.00 120.00 0.00 30.00 0.00 60.00 0.00 0.507915
4 170.00 0.00 150.00 0.00 10.00 0.00 30.00 0.00 0.0941687
4 140.00 0.00 120.00 0.00 40.00 0.00 60.00 0.00 0.288345
4 180.00 0.00 160.00 0.00 0.00 0.00 20.00 0.00 0.0695148
4 180.00 0.00 150.00 0.00 0.00 0.00 30.00 0.00 0.182252
4 170.00 0.00 130.00 0.00 10.00 0.00 50.00 0.00 0.488188
4 120.00 0.00 110.00 0.00 60.00 0.00 70.00 0.00 0.252698
4 130.00 0.00 120.00 0.00 50.00 0.00 60.00 0.00 0.1039
4 160.00 0.00 140.00 0.00 20.00 0.00 40.00 0.00 0.11827
4 150.00 0.00 110.00 0.00 30.00 0.00 70.00 0.00 1.42632
4 140.00 0.00 130.00 0.00 40.00 0.00 50.00 0.00 0.0475379
4 130.00 0.00 110.00 0.00 50.00 0.00 70.00 0.00 0.670779
4 120.00 0.00 100.00 0.00 60.00 0.00 80.00 0.00 2.23021
4 110.00 0.00 100.00 0.00 70.00 0.00 80.00 0.00 1.04697
4 150.00 0.00 130.00 0.00 30.00 0.00 50.00 0.00 0.157413
4 110.00 0.00 105.00 0.00 75.00 0.00 80.00 0.00 0.273734
4 100.00 0.00 95.00 0.00 85.00 0.00 90.00 0.00 6.72478
4 115.00 0.00 110.00 0.00 70.00 0.00 75.00 0.00 0.103333
4 105.00 0.00 100.00 0.00 80.00 0.00 85.00 0.00 0.638599
4 105.00 0.00 100.00 0.00 85.00 0.00 90.00 0.00 1.61113
4 110.00 0.00 105.00 0.00 80.00 0.00 85.00 0.00 0.386142
4 115.00 0.00 110.00 0.00 75.00 0.00 80.00 0.00 0.167891
4 120.00 0.00 115.00 0.00 70.00 0.00 75.00 0.00 0.0773721
4 130.00 0.00 120.00 0.00 60.00 0.00 70.00 0.00 0.138919
4 170.00 0.00 140.00 0.00 20.00 0.00 50.00 0.00 0.265882
4 110.00 0.00 100.00 0.00 80.00 0.00 90.00 0.00 3.41443
4 140.00 0.00 110.00 0.00 50.00 0.00 80.00 0.00 1.6407
4 140.00 0.00 130.00 0.00 50.00 0.00 60.00 0.00 0.0670618
4 120.00 0.00 110.00 0.00 70.00 0.00 80.00 0.00 0.467218
4 170.00 0.00 120.00 0.00 20.00 0.00 70.00 0.00 1.2555
4 110.00 0.00 105.00 0.00 85.00 0.00 90.00 0.00 0.76057
4 115.00 0.00 110.00 0.00 80.00 0.00 85.00 0.00 0.220994
4 120.00 0.00 115.00 0.00 75.00 0.00 80.00 0.00 0.117855
4 105.00 0.00 100.00 0.00 90.00 0.00 95.00 0.00 7.90651
4 110.00 0.00 105.00 0.00 90.00 0.00 95.00 0.00 1.91363
4 125.00 0.00 120.00 0.00 75.00 0.00 80.00 0.00 0.0800902
4 150.00 0.00 130.00 0.00 50.00 0.00 70.00 0.00 0.274246
4 170.00 0.00 150.00 0.00 30.00 0.00 50.00 0.00 0.112177
4 190.00 0.00 160.00 0.00 10.00 0.00 40.00 0.00 0.182895
4 200.00 0.00 150.00 0.00 0.00 0.00 50.00 0.00 0.490841
4 180.00 0.00 160.00 0.00 20.00 0.00 40.00 0.00 0.0893775
4 190.00 0.00 170.00 0.00 10.00 0.00 30.00 0.00 0.0761249
4 200.00 0.00 180.00 0.00 0.00 0.00 20.00 0.00 0.0500578
4 160.00 0.00 120.00 0.00 40.00 0.00 80.00 0.00 1.31619
4 130.00 0.00 120.00 0.00 70.00 0.00 80.00 0.00 0.224676
4 120.00 0.00 115.00 0.00 80.00 0.00 85.00 0.00 0.147594
4 160.00 0.00 130.00 0.00 40.00 0.00 70.00 0.00 0.49141
4 150.00 0.00 140.00 0.00 50.00 0.00 60.00 0.00 0.0548265
4 140.00 0.00 120.00 0.00 60.00 0.00 80.00 0.00 0.574163
4 140.00 0.00 130.00 0.00 60.00 0.00 70.00 0.00 0.0854514
4 160.00 0.00 140.00 0.00 40.00 0.00 60.00 0.00 0.171893
4 120.00 0.00 110.00 0.00 80.00 0.00 90.00 0.00 0.987312
4 115.00 0.00 110.00 0.00 85.00 0.00 90.00 0.00 0.38316
4 180.00 0.00 140.00 0.00 20.00 0.00 60.00 0.00 0.501843
4 130.00 0.00 110.00 0.00 70.00 0.00 90.00 0.00 2.06109
4 200.00 0.00 160.00 0.00 0.00 0.00 40.00 0.00 0.273188
4 110.00 0.00 105.00 0.00 95.00 0.00 100.00 0.00 10.1775
4 120.00 0.00 115.00 0.00 85.00 0.00 90.00 0.00 0.234599
4 125.00 0.00 120.00 0.00 80.00 0.00 85.00 0.00 0.0948329
4 115.00 0.00 110.00 0.00 90.00 0.00 95.00 0.00 0.75477
4 120.00 0.00 115.00 0.00 90.00 0.00 95.00 0.00 0.407173
4 125.00 0.00 120.00 0.00 85.00 0.00 90.00 0.00 0.141628
4 180.00 0.00 130.00 0.00 30.00 0.00 80.00 0.00 1.22489
4 180.00 0.00 150.00 0.00 30.00 0.00 60.00 0.00 0.27258
4 130.00 0.00 120.00 0.00 80.00 0.00 90.00 0.00 0.382642
4 150.00 0.00 120.00 0.00 60.00 0.00 90.00 0.00 1.41918
4 120.00 0.00 110.00 0.00 90.00 0.00 100.00 0.00 4.37804
4 210.00 0.00 180.00 0.00 0.00 0.00 30.00 0.00 0.106907
4 150.00 0.00 140.00 0.00 60.00 0.00 70.00 0.00 0.066467
4 130.00 0.00 125.00 0.00 80.00 0.00 85.00 0.00 0.0606511
4 140.00 0.00 130.00 0.00 70.00 0.00 80.00 0.00 0.12483
4 115.00 0.00 110.00 0.00 95.00 0.00 100.00 0.00 2.27141
4 115.00 0.00 110.00 0.00 100.00 0.00 105.00 0.00 10.6205
4 125.00 0.00 120.00 0.00 90.00 0.00 95.00 0.00 0.225612
4 130.00 0.00 125.00 0.00 85.00 0.00 90.00 0.00 0.0844255
4 120.00 0.00 115.00 0.00 95.00 0.00 100.00 0.00 0.929524
4 125.00 0.00 120.00 0.00 95.00 0.00 100.00 0.00 0.447097
4 130.00 0.00 125.00 0.00 90.00 0.00 95.00 0.00 0.126127
4 150.00 0.00 130.00 0.00 70.00 0.00 90.00 0.00 0.522181
4 200.00 0.00 170.00 0.00 20.00 0.00 50.00 0.00 0.167087
4 180.00 0.00 160.00 0.00 40.00 0.00 60.00 0.00 0.121462
4 210.00 0.00 190.00 0.00 10.00 0.00 30.00 0.00 0.0436812
4 170.00 0.00 140.00 0.00 50.00 0.00 80.00 0.00 0.51556
4 210.00 0.00 170.00 0.00 10.00 0.00 50.00 0.00 0.251378
4 210.00 0.00 160.00 0.00 10.00 0.00 60.00 0.00 0.476926
4 190.00 0.00 170.00 0.00 30.00 0.00 50.00 0.00 0.085854
4 200.00 0.00 180.00 0.00 20.00 0.00 40.00 0.00 0.0629726
4 190.00 0.00 150.00 0.00 30.00 0.00 70.00 0.00 0.504734
4 120.00 0.00 115.00 0.00 100.00 0.00 105.00 0.00 2.51554
4 170.00 0.00 130.00 0.00 50.00 0.00 90.00 0.00 1.24874
4 170.00 0.00 150.00 0.00 50.00 0.00 70.00 0.00 0.176409
4 160.00 0.00 140.00 0.00 60.00 0.00 80.00 0.00 0.281961
4 150.00 0.00 140.00 0.00 70.00 0.00 80.00 0.00 0.0921679
4 140.00 0.00 130.00 0.00 80.00 0.00 90.00 0.00 0.183075
4 130.00 0.00 120.00 0.00 90.00 0.00 100.00 0.00 1.02623
4 140.00 0.00 120.00 0.00 80.00 0.00 100.00 0.00 1.96655
4 160.00 0.00 150.00 0.00 60.00 0.00 70.00 0.00 0.0523311
4 135.00 0.00 130.00 0.00 85.00 0.00 90.00 0.00 0.06036
4 125.00 0.00 120.00 0.00 100.00 0.00 105.00 0.00 0.931657
4 130.00 0.00 125.00 0.00 95.00 0.00 100.00 0.00 0.226577
4 120.00 0.00 115.00 0.00 105.00 0.00 110.00 0.00 11.3559
4 135.00 0.00 130.00 0.00 90.00 0.00 95.00 0.00 0.0846601
4 125.00 0.00 120.00 0.00 105.00 0.00 110.00 0.00 2.42349
4 135.00 0.00 130.00 0.00 95.00 0.00 100.00 0.00 0.141092
4 160.00 0.00 130.00 0.00 70.00 0.00 100.00 0.00 1.40407
4 220.00 0.00 190.00 0.00 10.00 0.00 40.00 0.00 0.0869258
4 190.00 0.00 160.00 0.00 40.00 0.00 70.00 0.00 0.282788
4 130.00 0.00 125.00 0.00 100.00 0.00 105.00 0.00 0.410499
4 190.00 0.00 140.00 0.00 40.00 0.00 90.00 0.00 1.24576
4 140.00 0.00 135.00 0.00 90.00 0.00 95.00 0.00 0.058403
4 160.00 0.00 150.00 0.00 70.00 0.00 80.00 0.00 0.0701682
4 130.00 0.00 120.00 0.00 100.00 0.00 110.00 0.00 4.61833
4 140.00 0.00 130.00 0.00 90.00 0.00 100.00 0.00 0.374299
4 150.00 0.00 140.00 0.00 80.00 0.00 90.00 0.00 0.121841
4 125.00 0.00 120.00 0.00 110.00 0.00 115.00 0.00 9.94427
4 135.00 0.00 130.00 0.00 100.00 0.00 105.00 0.00 0.232847
4 140.00 0.00 135.00 0.00 95.00 0.00 100.00 0.00 0.0906843
4 130.00 0.00 125.00 0.00 105.00 0.00 110.00 0.00 0.831579
4 135.00 0.00 130.00 0.00 105.00 0.00 110.00 0.00 0.415521
4 180.00 0.00 150.00 0.00 60.00 0.00 90.00 0.00 0.508407
4 190.00 0.00 170.00 0.00 50.00 0.00 70.00 0.00 0.12821
4 200.00 0.00 160.00 0.00 40.00 0.00 80.00 0.00 0.503994
4 210.00 0.00 190.00 0.00 30.00 0.00 50.00 0.00 0.0473695
4 150.00 0.00 130.00 0.00 90.00 0.00 110.00 0.00 2.05908
4 220.00 0.00 200.00 0.00 20.00 0.00 40.00 0.00 0.0328423
4 220.00 0.00 180.00 0.00 20.00 0.00 60.00 0.00 0.220109
4 240.00 0.00 210.00 0.00 0.00 0.00 30.00 0.00 0.0373747
4 180.00 0.00 160.00 0.00 60.00 0.00 80.00 0.00 0.181063
4 150.00 0.00 140.00 0.00 90.00 0.00 100.00 0.00 0.213391
4 130.00 0.00 125.00 0.00 110.00 0.00 115.00 0.00 1.88525
4 210.00 0.00 180.00 0.00 30.00 0.00 60.00 0.00 0.148642
4 220.00 0.00 170.00 0.00 20.00 0.00 70.00 0.00 0.434431
4 180.00 0.00 140.00 0.00 60.00 0.00 100.00 0.00 1.30976
4 170.00 0.00 150.00 0.00 70.00 0.00 90.00 0.00 0.276469
4 170.00 0.00 160.00 0.00 70.00 0.00 80.00 0.00 0.0560592
4 240.00 0.00 200.00 0.00 0.00 0.00 40.00 0.00 0.0866687
4 160.00 0.00 140.00 0.00 80.00 0.00 100.00 0.00 0.559127
4 145.00 0.00 140.00 0.00 95.00 0.00 100.00 0.00 0.0724685
4 140.00 0.00 130.00 0.00 100.00 0.00 110.00 0.00 1.01652
4 160.00 0.00 150.00 0.00 80.00 0.00 90.00 0.00 0.0870678
4 140.00 0.00 135.00 0.00 100.00 0.00 105.00 0.00 0.139176
4 200.00 0.00 180.00 0.00 40.00 0.00 60.00 0.00 0.0829347
4 145.00 0.00 140.00 0.00 100.00 0.00 105.00 0.00 0.105362
4 140.00 0.00 135.00 0.00 105.00 0.00 110.00 0.00 0.227753
4 130.00 0.00 125.00 0.00 115.00 0.00 120.00 0.00 8.45656
4 135.00 0.00 130.00 0.00 110.00 0.00 115.00 0.00 0.737375
4 140.00 0.00 135.00 0.00 110.00 0.00 115.00 0.00 0.354659
4 145.00 0.00 140.00 0.00 105.00 0.00 110.00 0.00 0.160652
4 170.00 0.00 140.00 0.00 80.00 0.00 110.00 0.00 1.59201
4 200.00 0.00 150.00 0.00 50.00 0.00 100.00 0.00 1.26298
4 250.00 0.00 200.00 0.00 0.00 0.00 50.00 0.00 0.118351
4 230.00 0.00 200.00 0.00 20.00 0.00 50.00 0.00 0.0667133
4 200.00 0.00 170.00 0.00 50.00 0.00 80.00 0.00 0.280069
4 160.00 0.00 150.00 0.00 90.00 0.00 100.00 0.00 0.137608
4 140.00 0.00 130.00 0.00 110.00 0.00 120.00 0.00 3.69696
4 150.00 0.00 145.00 0.00 100.00 0.00 105.00 0.00 0.0765189
4 170.00 0.00 160.00 0.00 80.00 0.00 90.00 0.00 0.0649418
4 135.00 0.00 130.00 0.00 115.00 0.00 120.00 0.00 1.87789
4 150.00 0.00 140.00 0.00 100.00 0.00 110.00 0.00 0.454251
4 145.00 0.00 140.00 0.00 110.00 0.00 115.00 0.00 0.22891
4 150.00 0.00 145.00 0.00 105.00 0.00 110.00 0.00 0.111673
4 140.00 0.00 135.00 0.00 115.00 0.00 120.00 0.00 0.71253
4 135.00 0.00 130.00 0.00 120.00 0.00 125.00 0.00 8.92353
4 145.00 0.00 140.00 0.00 115.00 0.00 120.00 0.00 0.404607
4 180.00 0.00 170.00 0.00 80.00 0.00 90.00 0.00 0.0524309
4 180.00 0.00 160.00 0.00 80.00 0.00 100.00 0.00 0.288678
4 150.00 0.00 140.00 0.00 110.00 0.00 120.00 0.00 1.02829
4 190.00 0.00 170.00 0.00 70.00 0.00 90.00 0.00 0.181315
4 210.00 0.00 170.00 0.00 50.00 0.00 90.00 0.00 0.46974
4 230.00 0.00 210.00 0.00 30.00 0.00 50.00 0.00 0.0251913
4 230.00 0.00 180.00 0.00 30.00 0.00 80.00 0.00 0.381196
4 170.00 0.00 150.00 0.00 90.00 0.00 110.00 0.00 0.652285
4 150.00 0.00 145.00 0.00 110.00 0.00 115.00 0.00 0.149751
4 200.00 0.00 180.00 0.00 60.00 0.00 80.00 0.00 0.117897
4 230.00 0.00 190.00 0.00 30.00 0.00 70.00 0.00 0.17724
4 220.00 0.00 190.00 0.00 40.00 0.00 70.00 0.00 0.120476
4 210.00 0.00 190.00 0.00 50.00 0.00 70.00 0.00 0.0675509
4 170.00 0.00 160.00 0.00 90.00 0.00 100.00 0.00 0.09649
4 190.00 0.00 150.00 0.00 70.00 0.00 110.00 0.00 1.44982
4 160.00 0.00 150.00 0.00 100.00 0.00 110.00 0.00 0.254787
4 220.00 0.00 200.00 0.00 40.00 0.00 60.00 0.00 0.0412386
4 155.00 0.00 150.00 0.00 105.00 0.00 110.00 0.00 0.076985
4 250.00 0.00 210.00 0.00 10.00 0.00 50.00 0.00 0.063796
4 250.00 0.00 220.00 0.00 10.00 0.00 40.00 0.00 0.0256828
4 190.00 0.00 160.00 0.00 70.00 0.00 100.00 0.00 0.530754
4 160.00 0.00 140.00 0.00 100.00 0.00 120.00 0.00 2.20322
4 140.00 0.00 135.00 0.00 120.00 0.00 125.00 0.00 1.79311
4 150.00 0.00 145.00 0.00 115.00 0.00 120.00 0.00 0.244119
4 155.00 0.00 150.00 0.00 110.00 0.00 115.00 0.00 0.0991587
4 145.00 0.00 140.00 0.00 120.00 0.00 125.00 0.00 0.787813
4 140.00 0.00 135.00 0.00 125.00 0.00 130.00 0.00 6.87014
4 180.00 0.00 150.00 0.00 90.00 0.00 120.00 0.00 1.74664
4 180.00 0.00 170.00 0.00 90.00 0.00 100.00 0.00 0.0737191
4 240.00 0.00 210.00 0.00 30.00 0.00 60.00 0.00 0.0497552
4 155.00 0.00 150.00 0.00 115.00 0.00 120.00 0.00 0.151038
4 150.00 0.00 140.00 0.00 120.00 0.00 130.00 0.00 3.89584
4 260.00 0.00 210.00 0.00 10.00 0.00 60.00 0.00 0.0881221
4 210.00 0.00 180.00 0.00 60.00 0.00 90.00 0.00 0.24001
4 270.00 0.00 240.00 0.00 0.00 0.00 30.00 0.00 0.00683963
4 170.00 0.00 160.00 0.00 100.00 0.00 110.00 0.00 0.162584
4 210.00 0.00 160.00 0.00 60.00 0.00 110.00 0.00 1.29175
4 160.00 0.00 150.00 0.00 110.00 0.00 120.00 0.00 0.467528
4 150.00 0.00 145.00 0.00 120.00 0.00 125.00 0.00 0.414056
4 145.00 0.00 140.00 0.00 125.00 0.00 130.00 0.00 1.8882
4 160.00 0.00 155.00 0.00 110.00 0.00 115.00 0.00 0.0876827
4 150.00 0.00 145.00 0.00 125.00 0.00 130.00 0.00 0.791775
4 160.00 0.00 155.00 0.00 115.00 0.00 120.00 0.00 0.129238
4 145.00 0.00 140.00 0.00 130.00 0.00 135.00 0.00 7.13361
4 155.00 0.00 150.00 0.00 120.00 0.00 125.00 0.00 0.235578
4 180.00 0.00 170.00 0.00 100.00 0.00 110.00 0.00 0.116696
4 200.00 0.00 160.00 0.00 80.00 0.00 120.00 0.00 1.51551
4 210.00 0.00 190.00 0.00 70.00 0.00 90.00 0.00 0.0922139
4 220.00 0.00 180.00 0.00 60.00 0.00 100.00 0.00 0.41556
4 190.00 0.00 170.00 0.00 90.00 0.00 110.00 0.00 0.339556
4 200.00 0.00 170.00 0.00 80.00 0.00 110.00 0.00 0.556672
4 200.00 0.00 180.00 0.00 80.00 0.00 100.00 0.00 0.168641
4 150.00 0.00 145.00 0.00 130.00 0.00 135.00 0.00 1.95221
4 230.00 0.00 210.00 0.00 50.00 0.00 70.00 0.00 0.0352967
4 260.00 0.00 230.00 0.00 20.00 0.00 50.00 0.00 0.0132915
4 240.00 0.00 190.00 0.00 40.00 0.00 90.00 0.00 0.297373
4 180.00 0.00 160.00 0.00 100.00 0.00 120.00 0.00 0.716882
4 280.00 0.00 240.00 0.00 0.00 0.00 40.00 0.00 0.0101749
4 165.00 0.00 160.00 0.00 115.00 0.00 120.00 0.00 0.0824119
4 230.00 0.00 200.00 0.00 50.00 0.00 80.00 0.00 0.102884
4 240.00 0.00 200.00 0.00 40.00 0.00 80.00 0.00 0.140934
4 170.00 0.00 150.00 0.00 110.00 0.00 130.00 0.00 2.33959
4 170.00 0.00 160.00 0.00 110.00 0.00 120.00 0.00 0.263948
4 240.00 0.00 220.00 0.00 40.00 0.00 60.00 0.00 0.0194643
4 220.00 0.00 200.00 0.00 60.00 0.00 80.00 0.00 0.0558816
4 190.00 0.00 180.00 0.00 90.00 0.00 100.00 0.00 0.0587702
4 260.00 0.00 220.00 0.00 20.00 0.00 60.00 0.00 0.0422523
4 160.00 0.00 150.00 0.00 120.00 0.00 130.00 0.00 1.1038
4 160.00 0.00 155.00 0.00 120.00 0.00 125.00 0.00 0.188155
4 155.00 0.00 150.00 0.00 125.00 0.00 130.00 0.00 0.39415
4 150.00 0.00 145.00 0.00 135.00 0.00 140.00 0.00 6.41216
4 160.00 0.00 155.00 0.00 125.00 0.00 130.00 0.00 0.286132
4 165.00 0.00 160.00 0.00 120.00 0.00 125.00 0.00 0.114984
4 155.00 0.00 150.00 0.00 130.00 0.00 135.00 0.00 0.796018
4 190.00 0.00 160.00 0.00 100.00 0.00 130.00 0.00 1.91902
4 190.00 0.00 180.00 0.00 100.00 0.00 110.00 0.00 0.0898935
4 250.00 0.00 220.00 0.00 40.00 0.00 70.00 0.00 0.0351999
4 220.00 0.00 190.00 0.00 70.00 0.00 100.00 0.00 0.197165
4 180.00 0.00 170.00 0.00 110.00 0.00 120.00 0.00 0.173024
4 280.00 0.00 250.00 0.00 10.00 0.00 40.00 0.00 0.00496982
4 270.00 0.00 220.00 0.00 20.00 0.00 70.00 0.00 0.0602799
4 170.00 0.00 160.00 0.00 120.00 0.00 130.00 0.00 0.504081
4 160.00 0.00 150.00 0.00 130.00 0.00 140.00 0.00 4.06631
4 170.00 0.00 165.00 0.00 120.00 0.00 125.00 0.00 0.0956376
4 160.00 0.00 155.00 0.00 130.00 0.00 135.00 0.00 0.50771
4 220.00 0.00 170.00 0.00 70.00 0.00 120.00 0.00 1.2776
4 165.00 0.00 160.00 0.00 125.00 0.00 130.00 0.00 0.16425
4 155.00 0.00 150.00 0.00 135.00 0.00 140.00 0.00 1.80443
4 155.00 0.00 150.00 0.00 140.00 0.00 145.00 0.00 7.19118
4 160.00 0.00 155.00 0.00 135.00 0.00 140.00 0.00 0.946148
4 170.00 0.00 165.00 0.00 125.00 0.00 130.00 0.00 0.129126
4 165.00 0.00 160.00 0.00 130.00 0.00 135.00 0.00 0.268108
4 190.00 0.00 180.00 0.00 110.00 0.00 120.00 0.00 0.12442
4 220.00 0.00 200.00 0.00 80.00 0.00 100.00 0.00 0.0733925
4 210.00 0.00 190.00 0.00 90.00 0.00 110.00 0.00 0.153168
4 200.00 0.00 180.00 0.00 100.00 0.00 120.00 0.00 0.341785
4 240.00 0.00 220.00 0.00 60.00 0.00 80.00 0.00 0.0258672
4 290.00 0.00 250.00 0.00 10.00 0.00 50.00 0.00 0.00790265
4 230.00 0.00 190.00 0.00 70.00 0.00 110.00 0.00 0.362435
4 200.00 0.00 190.00 0.00 100.00 0.00 110.00 0.00 0.0530525
4 180.00 0.00 170.00 0.00 120.00 0.00 130.00 0.00 0.288903
4 300.00 0.00 250.00 0.00 0.00 0.00 50.00 0.00 0.0111229
4 300.00 0.00 270.00 0.00 0.00 0.00 30.00 0.00 0.00264473
4 210.00 0.00 170.00 0.00 90.00 0.00 130.00 0.00 1.57231
4 170.00 0.00 160.00 0.00 130.00 0.00 140.00 0.00 1.20098
4 230.00 0.00 210.00 0.00 70.00 0.00 90.00 0.00 0.0462118
4 270.00 0.00 230.00 0.00 30.00 0.00 70.00 0.00 0.0231082
4 250.00 0.00 200.00 0.00 50.00 0.00 100.00 0.00 0.232709
4 270.00 0.00 240.00 0.00 30.00 0.00 60.00 0.00 0.00772153
4 240.00 0.00 210.00 0.00 60.00 0.00 90.00 0.00 0.0759488
4 210.00 0.00 180.00 0.00 90.00 0.00 120.00 0.00 0.545426
4 250.00 0.00 230.00 0.00 50.00 0.00 70.00 0.00 0.00930586
4 165.00 0.00 160.00 0.00 135.00 0.00 140.00 0.00 0.441234
4 250.00 0.00 210.00 0.00 50.00 0.00 90.00 0.00 0.102486
4 175.00 0.00 170.00 0.00 125.00 0.00 130.00 0.00 0.0954982
4 170.00 0.00 165.00 0.00 130.00 0.00 135.00 0.00 0.196891
4 190.00 0.00 170.00 0.00 110.00 0.00 130.00 0.00 0.781606
4 160.00 0.00 155.00 0.00 140.00 0.00 145.00 0.00 2.4669
4 180.00 0.00 160.00 0.00 120.00 0.00 140.00 0.00 2.53705
4 165.00 0.00 160.00 0.00 140.00 0.00 145.00 0.00 0.97184
4 175.00 0.00 170.00 0.00 130.00 0.00 135.00 0.00 0.136892
4 170.00 0.00 165.00 0.00 135.00 0.00 140.00 0.00 0.294059
4 160.00 0.00 155.00 0.00 145.00 0.00 150.00 0.00 9.06763
4 180.00 0.00 170.00 0.00 130.00 0.00 140.00 0.00 0.543843
4 200.00 0.00 190.00 0.00 110.00 0.00 120.00 0.00 0.0737761
4 190.00 0.00 180.00 0.00 120.00 0.00 130.00 0.00 0.194925
4 230.00 0.00 200.00 0.00 80.00 0.00 110.00 0.00 0.175988
4 290.00 0.00 260.00 0.00 20.00 0.00 50.00 0.00 0.00414569
4 280.00 0.00 230.00 0.00 30.00 0.00 80.00 0.00 0.0342596
4 200.00 0.00 170.00 0.00 110.00 0.00 140.00 0.00 2.01946
4 165.00 0.00 160.00 0.00 145.00 0.00 150.00 0.00 2.37032
4 170.00 0.00 160.00 0.00 140.00 0.00 150.00 0.00 5.02083
4 180.00 0.00 175.00 0.00 130.00 0.00 135.00 0.00 0.0929012
4 260.00 0.00 230.00 0.00 50.00 0.00 80.00 0.00 0.0195017
4 230.00 0.00 180.00 0.00 80.00 0.00 130.00 0.00 1.22184
4 175.00 0.00 170.00 0.00 135.00 0.00 140.00 0.00 0.190247
4 170.00 0.00 165.00 0.00 140.00 0.00 145.00 0.00 0.565271
4 180.00 0.00 175.00 0.00 135.00 0.00 140.00 0.00 0.123621
4 175.00 0.00 170.00 0.00 140.00 0.00 145.00 0.00 0.329039
4 170.00 0.00 165.00 0.00 145.00 0.00 150.00 0.00 1.10326
4 165.00 0.00 160.00 0.00 150.00 0.00 155.00 0.00 8.46605
4 175.00 0.00 170.00 0.00 145.00 0.00 150.00 0.00 0.547192
4 180.00 0.00 170.00 0.00 140.00 0.00 150.00 0.00 1.37908
4 240.00 0.00 220.00 0.00 80.00 0.00 100.00 0.00 0.0338443
4 210.00 0.00 200.00 0.00 110.00 0.00 120.00 0.00 0.0444836
4 190.00 0.00 170.00 0.00 130.00 0.00 150.00 0.00 2.92187
4 180.00 0.00 175.00 0.00 140.00 0.00 145.00 0.00 0.20066
4 220.00 0.00 180.00 0.00 100.00 0.00 140.00 0.00 1.55327
4 210.00 0.00 190.00 0.00 110.00 0.00 130.00 0.00 0.297121
4 230.00 0.00 210.00 0.00 90.00 0.00 110.00 0.00 0.072564
4 190.00 0.00 180.00 0.00 130.00 0.00 140.00 0.00 0.328016
4 220.00 0.00 190.00 0.00 100.00 0.00 130.00 0.00 0.481209
4 240.00 0.00 200.00 0.00 80.00 0.00 120.00 0.00 0.298967
4 200.00 0.00 180.00 0.00 120.00 0.00 140.00 0.00 0.815784
4 280.00 0.00 240.00 0.00 40.00 0.00 80.00 0.00 0.0145288
4 260.00 0.00 220.00 0.00 60.00 0.00 100.00 0.00 0.0717345
4 220.00 0.00 200.00 0.00 100.00 0.00 120.00 0.00 0.13514
4 250.00 0.00 220.00 0.00 70.00 0.00 100.00 0.00 0.0542007
4 250.00 0.00 230.00 0.00 70.00 0.00 90.00 0.00 0.0126
4 280.00 0.00 250.00 0.00 40.00 0.00 70.00 0.00 0.0056646
4 200.00 0.00 190.00 0.00 120.00 0.00 130.00 0.00 0.114401
4 260.00 0.00 240.00 0.00 60.00 0.00 80.00 0.00 0.00595294
4 300.00 0.00 260.00 0.00 20.00 0.00 60.00 0.00 0.00708166
4 260.00 0.00 210.00 0.00 60.00 0.00 110.00 0.00 0.179997
4 185.00 0.00 180.00 0.00 135.00 0.00 140.00 0.00 0.110197
4 170.00 0.00 165.00 0.00 150.00 0.00 155.00 0.00 2.53208
4 310.00 0.00 260.00 0.00 10.00 0.00 60.00 0.00 0.00919623
4 320.00 0.00 280.00 0.00 0.00 0.00 40.00 0.00 0.00454543
4 310.00 0.00 280.00 0.00 10.00 0.00 40.00 0.00 0.00225063
4 185.00 0.00 180.00 0.00 140.00 0.00 145.00 0.00 0.169925
4 180.00 0.00 175.00 0.00 145.00 0.00 150.00 0.00 0.302014
4 175.00 0.00 170.00 0.00 150.00 0.00 155.00 0.00 0.995609
4 170.00 0.00 165.00 0.00 155.00 0.00 160.00 0.00 11.0686
4 190.00 0.00 180.00 0.00 140.00 0.00 150.00 0.00 0.671815
4 240.00 0.00 210.00 0.00 90.00 0.00 120.00 0.00 0.146318
4 210.00 0.00 180.00 0.00 120.00 0.00 150.00 0.00 2.14954
4 175.00 0.00 170.00 0.00 155.00 0.00 160.00 0.00 2.83463
4 180.00 0.00 175.00 0.00 150.00 0.00 155.00 0.00 0.473091
4 290.00 0.00 240.00 0.00 40.00 0.00 90.00 0.00 0.0221553
4 270.00 0.00 240.00 0.00 60.00 0.00 90.00 0.00 0.0112618
4 240.00 0.00 190.00 0.00 90.00 0.00 140.00 0.00 1.06386
4 210.00 0.00 200.00 0.00 120.00 0.00 130.00 0.00 0.0638358
4 300.00 0.00 270.00 0.00 30.00 0.00 60.00 0.00 0.0036732
4 190.00 0.00 185.00 0.00 140.00 0.00 145.00 0.00 0.111226
4 200.00 0.00 190.00 0.00 130.00 0.00 140.00 0.00 0.177305
4 180.00 0.00 170.00 0.00 150.00 0.00 160.00 0.00 5.39312
4 185.00 0.00 180.00 0.00 145.00 0.00 150.00 0.00 0.240614
4 180.00 0.00 175.00 0.00 155.00 0.00 160.00 0.00 1.07015
4 190.00 0.00 185.00 0.00 145.00 0.00 150.00 0.00 0.150654
4 185.00 0.00 180.00 0.00 150.00 0.00 155.00 0.00 0.343246
4 175.00 0.00 170.00 0.00 160.00 0.00 165.00 0.00 8.68086
4 270.00 0.00 250.00 0.00 70.00 0.00 90.00 0.00 0.00432029
4 210.00 0.00 200.00 0.00 130.00 0.00 140.00 0.00 0.0994315
4 250.00 0.00 210.00 0.00 90.00 0.00 130.00 0.00 0.237483
4 230.00 0.00 210.00 0.00 110.00 0.00 130.00 0.00 0.116887
4 230.00 0.00 190.00 0.00 110.00 0.00 150.00 0.00 1.4503
4 240.00 0.00 220.00 0.00 100.00 0.00 120.00 0.00 0.0571089
4 200.00 0.00 190.00 0.00 140.00 0.00 150.00 0.00 0.330978
4 220.00 0.00 210.00 0.00 120.00 0.00 130.00 0.00 0.0395828
4 210.00 0.00 190.00 0.00 130.00 0.00 150.00 0.00 0.776471
4 260.00 0.00 230.00 0.00 80.00 0.00 110.00 0.00 0.0300821
4 230.00 0.00 200.00 0.00 110.00 0.00 140.00 0.00 0.421957
4 250.00 0.00 230.00 0.00 90.00 0.00 110.00 0.00 0.0186539
4 290.00 0.00 250.00 0.00 50.00 0.00 90.00 0.00 0.0110973
4 270.00 0.00 220.00 0.00 70.00 0.00 120.00 0.00 0.130534
4 270.00 0.00 230.00 0.00 70.00 0.00 110.00 0.00 0.0409622
4 190.00 0.00 180.00 0.00 150.00 0.00 160.00 0.00 1.5708
4 195.00 0.00 190.00 0.00 145.00 0.00 150.00 0.00 0.114517
4 260.00 0.00 240.00 0.00 80.00 0.00 100.00 0.00 0.00715287
4 200.00 0.00 180.00 0.00 140.00 0.00 160.00 0.00 3.2143
4 290.00 0.00 260.00 0.00 50.00 0.00 80.00 0.00 0.00483878
4 180.00 0.00 175.00 0.00 160.00 0.00 165.00 0.00 2.11246
4 185.00 0.00 180.00 0.00 155.00 0.00 160.00 0.00 0.66514
4 190.00 0.00 185.00 0.00 150.00 0.00 155.00 0.00 0.202733
4 220.00 0.00 200.00 0.00 120.00 0.00 140.00 0.00 0.261198
4 310.00 0.00 270.00 0.00 30.00 0.00 70.00 0.00 0.00586003
4 320.00 0.00 270.00 0.00 20.00 0.00 70.00 0.00 0.00857568
4 320.00 0.00 290.00 0.00 20.00 0.00 50.00 0.00 0.00229332
4 330.00 0.00 290.00 0.00 10.00 0.00 50.00 0.00 0.00366407
4 180.00 0.00 175.00 0.00 165.00 0.00 170.00 0.00 11.3744
4 190.00 0.00 185.00 0.00 155.00 0.00 160.00 0.00 0.36022
4 195.00 0.00 190.00 0.00 150.00 0.00 155.00 0.00 0.151172
4 185.00 0.00 180.00 0.00 160.00 0.00 165.00 0.00 1.01697
4 210.00 0.00 200.00 0.00 140.00 0.00 150.00 0.00 0.170118
4 185.00 0.00 180.00 0.00 165.00 0.00 170.00 0.00 3.10777
4 190.00 0.00 180.00 0.00 160.00 0.00 170.00 0.00 5.7088
4 200.00 0.00 190.00 0.00 150.00 0.00 160.00 0.00 0.642279
4 250.00 0.00 220.00 0.00 100.00 0.00 130.00 0.00 0.106489
4 200.00 0.00 195.00 0.00 150.00 0.00 155.00 0.00 0.090432
4 280.00 0.00 250.00 0.00 70.00 0.00 100.00 0.00 0.00909797
4 220.00 0.00 210.00 0.00 130.00 0.00 140.00 0.00 0.0594728
4 300.00 0.00 250.00 0.00 50.00 0.00 100.00 0.00 0.0137968
4 190.00 0.00 185.00 0.00 160.00 0.00 165.00 0.00 0.477193
4 250.00 0.00 200.00 0.00 100.00 0.00 150.00 0.00 0.93258
4 220.00 0.00 190.00 0.00 130.00 0.00 160.00 0.00 2.0369
4 195.00 0.00 190.00 0.00 155.00 0.00 160.00 0.00 0.252884
4 350.00 0.00 300.00 0.00 0.00 0.00 50.00 0.00 0.0101448
4 310.00 0.00 280.00 0.00 40.00 0.00 70.00 0.00 0.00291926
4 185.00 0.00 180.00 0.00 170.00 0.00 175.00 0.00 12.5604
4 190.00 0.00 185.00 0.00 165.00 0.00 170.00 0.00 1.08675
4 200.00 0.00 195.00 0.00 155.00 0.00 160.00 0.00 0.148678
4 195.00 0.00 190.00 0.00 160.00 0.00 165.00 0.00 0.310306
4 210.00 0.00 200.00 0.00 150.00 0.00 160.00 0.00 0.299512
4 200.00 0.00 190.00 0.00 160.00 0.00 170.00 0.00 1.39174
4 210.00 0.00 190.00 0.00 150.00 0.00 170.00 0.00 2.86883
4 190.00 0.00 185.00 0.00 170.00 0.00 175.00 0.00 2.6921
4 230.00 0.00 220.00 0.00 130.00 0.00 140.00 0.00 0.0382511
4 240.00 0.00 200.00 0.00 120.00 0.00 160.00 0.00 1.32121
4 220.00 0.00 210.00 0.00 140.00 0.00 150.00 0.00 0.0977941
4 280.00 0.00 230.00 0.00 80.00 0.00 130.00 0.00 0.0749628
4 300.00 0.00 270.00 0.00 60.00 0.00 90.00 0.00 0.00487342
4 240.00 0.00 220.00 0.00 120.00 0.00 140.00 0.00 0.0918485
4 220.00 0.00 200.00 0.00 140.00 0.00 160.00 0.00 0.729594
4 270.00 0.00 250.00 0.00 90.00 0.00 110.00 0.00 0.00579303
4 260.00 0.00 240.00 0.00 100.00 0.00 120.00 0.00 0.0117018
4 270.00 0.00 240.00 0.00 90.00 0.00 120.00 0.00 0.0187749
4 240.00 0.00 210.00 0.00 120.00 0.00 150.00 0.00 0.378908
4 250.00 0.00 230.00 0.00 110.00 0.00 130.00 0.00 0.0297358
4 280.00 0.00 240.00 0.00 80.00 0.00 120.00 0.00 0.0266491
4 280.00 0.00 260.00 0.00 80.00 0.00 100.00 0.00 0.00322049
4 260.00 0.00 220.00 0.00 100.00 0.00 140.00 0.00 0.176635
4 300.00 0.00 260.00 0.00 60.00 0.00 100.00 0.00 0.00630869
4 230.00 0.00 210.00 0.00 130.00 0.00 150.00 0.00 0.259846
4 200.00 0.00 195.00 0.00 160.00 0.00 165.00 0.00 0.172268
4 195.00 0.00 190.00 0.00 165.00 0.00 170.00 0.00 0.601478
4 205.00 0.00 200.00 0.00 155.00 0.00 160.00 0.00 0.102073
4 320.00 0.00 280.00 0.00 40.00 0.00 80.00 0.00 0.00572587
4 330.00 0.00 300.00 0.00 30.00 0.00 60.00 0.00 0.00246599
4 360.00 0.00 320.00 0.00 0.00 0.00 40.00 0.00 0.00798789
4 330.00 0.00 280.00 0.00 30.00 0.00 80.00 0.00 0.00888162
4 340.00 0.00 300.00 0.00 20.00 0.00 60.00 0.00 0.00520716
4 195.00 0.00 190.00 0.00 170.00 0.00 175.00 0.00 1.13774
4 200.00 0.00 195.00 0.00 165.00 0.00 170.00 0.00 0.305439
4 190.00 0.00 185.00 0.00 175.00 0.00 180.00 0.00 9.72651
4 205.00 0.00 200.00 0.00 160.00 0.00 165.00 0.00 0.114546
4 210.00 0.00 200.00 0.00 160.00 0.00 170.00 0.00 0.5364
4 230.00 0.00 200.00 0.00 140.00 0.00 170.00 0.00 1.87094
4 230.00 0.00 220.00 0.00 140.00 0.00 150.00 0.00 0.0647237
4 200.00 0.00 190.00 0.00 170.00 0.00 180.00 0.00 4.9964
4 290.00 0.00 260.00 0.00 80.00 0.00 110.00 0.00 0.00656942
4 220.00 0.00 210.00 0.00 150.00 0.00 160.00 0.00 0.161929
4 260.00 0.00 230.00 0.00 110.00 0.00 140.00 0.00 0.0613561
4 260.00 0.00 210.00 0.00 110.00 0.00 160.00 0.00 0.810934
4 200.00 0.00 195.00 0.00 170.00 0.00 175.00 0.00 0.500363
4 195.00 0.00 190.00 0.00 175.00 0.00 180.00 0.00 2.50837
4 320.00 0.00 290.00 0.00 50.00 0.00 80.00 0.00 0.00297803
4 360.00 0.00 310.00 0.00 10.00 0.00 60.00 0.00 0.0125075
4 310.00 0.00 260.00 0.00 60.00 0.00 110.00 0.00 0.0159784
4 210.00 0.00 205.00 0.00 160.00 0.00 165.00 0.00 0.0891882
4 205.00 0.00 200.00 0.00 165.00 0.00 170.00 0.00 0.190071
4 195.00 0.00 190.00 0.00 180.00 0.00 185.00 0.00 13.5512
4 200.00 0.00 195.00 0.00 175.00 0.00 180.00 0.00 0.83425
4 210.00 0.00 205.00 0.00 165.00 0.00 170.00 0.00 0.142335
4 205.00 0.00 200.00 0.00 170.00 0.00 175.00 0.00 0.285339
4 220.00 0.00 210.00 0.00 160.00 0.00 170.00 0.00 0.26931
4 210.00 0.00 200.00 0.00 170.00 0.00 180.00 0.00 1.15563
4 290.00 0.00 250.00 0.00 90.00 0.00 130.00 0.00 0.0203249
4 230.00 0.00 220.00 0.00 150.00 0.00 160.00 0.00 0.106205
4 280.00 0.00 250.00 0.00 100.00 0.00 130.00 0.00 0.0142489
4 240.00 0.00 230.00 0.00 140.00 0.00 150.00 0.00 0.0261319
4 240.00 0.00 220.00 0.00 140.00 0.00 160.00 0.00 0.238869
4 250.00 0.00 220.00 0.00 130.00 0.00 160.00 0.00 0.322402
4 290.00 0.00 240.00 0.00 90.00 0.00 140.00 0.00 0.0506362
4 250.00 0.00 210.00 0.00 130.00 0.00 170.00 0.00 1.16101
4 220.00 0.00 200.00 0.00 160.00 0.00 180.00 0.00 2.4559
4 250.00 0.00 230.00 0.00 130.00 0.00 150.00 0.00 0.0592136
4 280.00 0.00 260.00 0.00 100.00 0.00 120.00 0.00 0.00425531
4 270.00 0.00 230.00 0.00 110.00 0.00 150.00 0.00 0.11052
4 270.00 0.00 250.00 0.00 110.00 0.00 130.00 0.00 0.00775117
4 260.00 0.00 240.00 0.00 120.00 0.00 140.00 0.00 0.0185684
4 290.00 0.00 270.00 0.00 90.00 0.00 110.00 0.00 0.00208977
4 230.00 0.00 210.00 0.00 150.00 0.00 170.00 0.00 0.70248
4 200.00 0.00 195.00 0.00 180.00 0.00 185.00 0.00 2.55481
4 310.00 0.00 280.00 0.00 70.00 0.00 100.00 0.00 0.0047043
4 330.00 0.00 290.00 0.00 50.00 0.00 90.00 0.00 0.00538079
4 340.00 0.00 290.00 0.00 40.00 0.00 90.00 0.00 0.0103582
4 310.00 0.00 270.00 0.00 70.00 0.00 110.00 0.00 0.00929517
4 370.00 0.00 330.00 0.00 10.00 0.00 50.00 0.00 0.0096916
4 350.00 0.00 310.00 0.00 30.00 0.00 70.00 0.00 0.007709
4 340.00 0.00 310.00 0.00 40.00 0.00 70.00 0.00 0.00313309
4 215.00 0.00 210.00 0.00 165.00 0.00 170.00 0.00 0.0993155
4 210.00 0.00 205.00 0.00 170.00 0.00 175.00 0.00 0.202386
4 205.00 0.00 200.00 0.00 175.00 0.00 180.00 0.00 0.404121
4 200.00 0.00 195.00 0.00 185.00 0.00 190.00 0.00 10.4899
4 210.00 0.00 205.00 0.00 175.00 0.00 180.00 0.00 0.263696
4 215.00 0.00 210.00 0.00 170.00 0.00 175.00 0.00 0.135481
4 205.00 0.00 200.00 0.00 180.00 0.00 185.00 0.00 0.886783
4 240.00 0.00 210.00 0.00 150.00 0.00 180.00 0.00 1.68698
4 220.00 0.00 210.00 0.00 170.00 0.00 180.00 0.00 0.492103
4 240.00 0.00 230.00 0.00 150.00 0.00 160.00 0.00 0.0408703
4 230.00 0.00 220.00 0.00 160.00 0.00 170.00 0.00 0.165365
4 300.00 0.00 270.00 0.00 90.00 0.00 120.00 0.00 0.00660216
4 270.00 0.00 220.00 0.00 120.00 0.00 170.00 0.00 0.660124
4 270.00 0.00 240.00 0.00 120.00 0.00 150.00 0.00 0.0395892
4 210.00 0.00 200.00 0.00 180.00 0.00 190.00 0.00 4.23904
4 370.00 0.00 320.00 0.00 20.00 0.00 70.00 0.00 0.0157506
4 215.00 0.00 210.00 0.00 175.00 0.00 180.00 0.00 0.166611
4 330.00 0.00 300.00 0.00 60.00 0.00 90.00 0.00 0.00341384
4 320.00 0.00 270.00 0.00 70.00 0.00 120.00 0.00 0.0141062
4 205.00 0.00 200.00 0.00 185.00 0.00 190.00 0.00 2.01546
4 210.00 0.00 205.00 0.00 180.00 0.00 185.00 0.00 0.494331
4 220.00 0.00 215.00 0.00 170.00 0.00 175.00 0.00 0.0866811
4 220.00 0.00 215.00 0.00 175.00 0.00 180.00 0.00 0.103911
4 205.00 0.00 200.00 0.00 190.00 0.00 195.00 0.00 9.19525
4 210.00 0.00 205.00 0.00 185.00 0.00 190.00 0.00 0.826906
4 215.00 0.00 210.00 0.00 180.00 0.00 185.00 0.00 0.289293
4 260.00 0.00 220.00 0.00 140.00 0.00 180.00 0.00 0.968935
4 240.00 0.00 230.00 0.00 160.00 0.00 170.00 0.00 0.0636286
4 230.00 0.00 210.00 0.00 170.00 0.00 190.00 0.00 2.44082
4 240.00 0.00 220.00 0.00 160.00 0.00 180.00 0.00 0.6157
4 230.00 0.00 220.00 0.00 170.00 0.00 180.00 0.00 0.283775
4 280.00 0.00 240.00 0.00 120.00 0.00 160.00 0.00 0.0738029
4 270.00 0.00 250.00 0.00 130.00 0.00 150.00 0.00 0.0144194
4 290.00 0.00 270.00 0.00 110.00 0.00 130.00 0.00 0.00428946
4 290.00 0.00 260.00 0.00 110.00 0.00 140.00 0.00 0.0118044
4 300.00 0.00 260.00 0.00 100.00 0.00 140.00 0.00 0.0210137
4 220.00 0.00 210.00 0.00 180.00 0.00 190.00 0.00 1.11134
4 280.00 0.00 260.00 0.00 120.00 0.00 140.00 0.00 0.00680879
4 300.00 0.00 250.00 0.00 100.00 0.00 150.00 0.00 0.0462591
4 260.00 0.00 230.00 0.00 140.00 0.00 170.00 0.00 0.198426
4 260.00 0.00 240.00 0.00 140.00 0.00 160.00 0.00 0.0360764
4 250.00 0.00 240.00 0.00 150.00 0.00 160.00 0.00 0.0118909
4 300.00 0.00 280.00 0.00 100.00 0.00 120.00 0.00 0.00625015
4 250.00 0.00 230.00 0.00 150.00 0.00 170.00 0.00 0.138571
4 400.00 0.00 350.00 0.00 0.00 0.00 50.00 0.00 0.0117283
4 320.00 0.00 280.00 0.00 80.00 0.00 120.00 0.00 0.00896955
4 210.00 0.00 205.00 0.00 190.00 0.00 195.00 0.00 2.14119
4 350.00 0.00 320.00 0.00 50.00 0.00 80.00 0.00 0.0055887
4 400.00 0.00 360.00 0.00 0.00 0.00 40.00 0.00 0.0073913
4 350.00 0.00 300.00 0.00 50.00 0.00 100.00 0.00 0.013534
4 320.00 0.00 290.00 0.00 80.00 0.00 110.00 0.00 0.00385202
4 360.00 0.00 320.00 0.00 40.00 0.00 80.00 0.00 0.0101959
4 340.00 0.00 300.00 0.00 60.00 0.00 100.00 0.00 0.00709948
4 225.00 0.00 220.00 0.00 175.00 0.00 180.00 0.00 0.0911422
4 220.00 0.00 215.00 0.00 180.00 0.00 185.00 0.00 0.172755
4 215.00 0.00 210.00 0.00 185.00 0.00 190.00 0.00 0.416046
4 380.00 0.00 340.00 0.00 20.00 0.00 60.00 0.00 0.00924946
4 225.00 0.00 220.00 0.00 180.00 0.00 185.00 0.00 0.144777
4 210.00 0.00 205.00 0.00 195.00 0.00 200.00 0.00 6.12745
4 220.00 0.00 215.00 0.00 185.00 0.00 190.00 0.00 0.232436
4 215.00 0.00 210.00 0.00 190.00 0.00 195.00 0.00 0.841071
4 230.00 0.00 220.00 0.00 180.00 0.00 190.00 0.00 0.553282
4 280.00 0.00 230.00 0.00 130.00 0.00 180.00 0.00 0.416679
4 280.00 0.00 250.00 0.00 130.00 0.00 160.00 0.00 0.0333028
4 250.00 0.00 240.00 0.00 160.00 0.00 170.00 0.00 0.0208659
4 250.00 0.00 220.00 0.00 160.00 0.00 190.00 0.00 1.46819
4 240.00 0.00 230.00 0.00 170.00 0.00 180.00 0.00 0.103756
4 220.00 0.00 210.00 0.00 190.00 0.00 200.00 0.00 3.38358
4 340.00 0.00 310.00 0.00 70.00 0.00 100.00 0.00 0.00420011
4 330.00 0.00 280.00 0.00 80.00 0.00 130.00 0.00 0.0142041
4 215.00 0.00 210.00 0.00 195.00 0.00 200.00 0.00 1.49651
4 380.00 0.00 330.00 0.00 30.00 0.00 80.00 0.00 0.0168261
4 230.00 0.00 225.00 0.00 180.00 0.00 185.00 0.00 0.0982017
4 225.00 0.00 220.00 0.00 185.00 0.00 190.00 0.00 0.189502
4 220.00 0.00 215.00 0.00 190.00 0.00 195.00 0.00 0.424311
4 310.00 0.00 280.00 0.00 100.00 0.00 130.00 0.00 0.00621347
4 215.00 0.00 210.00 0.00 200.00 0.00 205.00 0.00 5.06103
4 230.00 0.00 225.00 0.00 185.00 0.00 190.00 0.00 0.120423
4 225.00 0.00 220.00 0.00 190.00 0.00 195.00 0.00 0.32256
4 220.00 0.00 215.00 0.00 195.00 0.00 200.00 0.00 0.654591
4 280.00 0.00 260.00 0.00 140.00 0.00 160.00 0.00 0.013388
4 290.00 0.00 250.00 0.00 130.00 0.00 170.00 0.00 0.0631687
4 240.00 0.00 230.00 0.00 180.00 0.00 190.00 0.00 0.188784
4 290.00 0.00 270.00 0.00 130.00 0.00 150.00 0.00 0.00650597
4 250.00 0.00 240.00 0.00 170.00 0.00 180.00 0.00 0.0337055
4 230.00 0.00 220.00 0.00 190.00 0.00 200.00 0.00 1.2435
4 270.00 0.00 230.00 0.00 150.00 0.00 190.00 0.00 0.613548
4 300.00 0.00 270.00 0.00 120.00 0.00 150.00 0.00 0.011503
4 240.00 0.00 220.00 0.00 180.00 0.00 200.00 0.00 2.35252
4 260.00 0.00 250.00 0.00 160.00 0.00 170.00 0.00 0.0115558
4 270.00 0.00 240.00 0.00 150.00 0.00 180.00 0.00 0.11899
4 270.00 0.00 250.00 0.00 150.00 0.00 170.00 0.00 0.0270571
4 260.00 0.00 240.00 0.00 160.00 0.00 180.00 0.00 0.082311
4 300.00 0.00 280.00 0.00 120.00 0.00 140.00 0.00 0.00407929
4 250.00 0.00 230.00 0.00 170.00 0.00 190.00 0.00 0.382352
4 310.00 0.00 260.00 0.00 110.00 0.00 160.00 0.00 0.0372533
4 330.00 0.00 300.00 0.00 90.00 0.00 120.00 0.00 0.00361697
4 310.00 0.00 290.00 0.00 110.00 0.00 130.00 0.00 0.00274205
4 370.00 0.00 330.00 0.00 50.00 0.00 90.00 0.00 0.0127294
4 220.00 0.00 215.00 0.00 200.00 0.00 205.00 0.00 1.41964
4 360.00 0.00 330.00 0.00 60.00 0.00 90.00 0.00 0.00754724
4 310.00 0.00 270.00 0.00 110.00 0.00 150.00 0.00 0.0168018
4 360.00 0.00 310.00 0.00 60.00 0.00 110.00 0.00 0.0177464
4 350.00 0.00 310.00 0.00 70.00 0.00 110.00 0.00 0.00968776
4 330.00 0.00 290.00 0.00 90.00 0.00 130.00 0.00 0.00872053
4 235.00 0.00 230.00 0.00 185.00 0.00 190.00 0.00 0.0718697
4 390.00 0.00 350.00 0.00 30.00 0.00 70.00 0.00 0.00908443
4 230.00 0.00 225.00 0.00 190.00 0.00 195.00 0.00 0.19547
4 225.00 0.00 220.00 0.00 195.00 0.00 200.00 0.00 0.455876
4 230.00 0.00 225.00 0.00 195.00 0.00 200.00 0.00 0.26634
4 225.00 0.00 220.00 0.00 200.00 0.00 205.00 0.00 0.8522
4 235.00 0.00 230.00 0.00 190.00 0.00 195.00 0.00 0.112764
4 220.00 0.00 215.00 0.00 205.00 0.00 210.00 0.00 6.39597
4 230.00 0.00 220.00 0.00 200.00 0.00 210.00 0.00 4.29687
4 240.00 0.00 230.00 0.00 190.00 0.00 200.00 0.00 0.369614
4 290.00 0.00 260.00 0.00 140.00 0.00 170.00 0.00 0.0305207
4 250.00 0.00 240.00 0.00 180.00 0.00 190.00 0.00 0.0570628
4 260.00 0.00 230.00 0.00 170.00 0.00 200.00 0.00 0.933255
4 290.00 0.00 240.00 0.00 140.00 0.00 190.00 0.00 0.265604
4 260.00 0.00 250.00 0.00 170.00 0.00 180.00 0.00 0.0165621
4 320.00 0.00 290.00 0.00 110.00 0.00 140.00 0.00 0.00619391
4 230.00 0.00 225.00 0.00 200.00 0.00 205.00 0.00 0.466829
4 240.00 0.00 235.00 0.00 190.00 0.00 195.00 0.00 0.0471246
4 350.00 0.00 320.00 0.00 80.00 0.00 110.00 0.00 0.00704572
4 225.00 0.00 220.00 0.00 205.00 0.00 210.00 0.00 2.07047
4 390.00 0.00 340.00 0.00 40.00 0.00 90.00 0.00 0.0172871
4 340.00 0.00 290.00 0.00 90.00 0.00 140.00 0.00 0.0155771
4 235.00 0.00 230.00 0.00 195.00 0.00 200.00 0.00 0.147791
4 235.00 0.00 230.00 0.00 200.00 0.00 205.00 0.00 0.246498
4 240.00 0.00 235.00 0.00 195.00 0.00 200.00 0.00 0.0599021
4 230.00 0.00 225.00 0.00 205.00 0.00 210.00 0.00 0.941847
4 225.00 0.00 220.00 0.00 210.00 0.00 215.00 0.00 6.26992
4 250.00 0.00 240.00 0.00 190.00 0.00 200.00 0.00 0.0990566
4 250.00 0.00 230.00 0.00 190.00 0.00 210.00 0.00 1.62515
4 280.00 0.00 240.00 0.00 160.00 0.00 200.00 0.00 0.382316
4 290.00 0.00 270.00 0.00 150.00 0.00 170.00 0.00 0.0154289
4 300.00 0.00 260.00 0.00 140.00 0.00 180.00 0.00 0.0578835
4 270.00 0.00 260.00 0.00 170.00 0.00 180.00 0.00 0.00775653
4 300.00 0.00 280.00 0.00 140.00 0.00 160.00 0.00 0.00742108
4 280.00 0.00 260.00 0.00 160.00 0.00 180.00 0.00 0.0204321
4 270.00 0.00 250.00 0.00 170.00 0.00 190.00 0.00 0.0657801
4 280.00 0.00 250.00 0.00 160.00 0.00 190.00 0.00 0.0986451
4 240.00 0.00 230.00 0.00 200.00 0.00 210.00 0.00 0.953186
4 260.00 0.00 240.00 0.00 180.00 0.00 200.00 0.00 0.223239
4 260.00 0.00 250.00 0.00 180.00 0.00 190.00 0.00 0.0258446
4 380.00 0.00 340.00 0.00 60.00 0.00 100.00 0.00 0.0127407
4 320.00 0.00 270.00 0.00 120.00 0.00 170.00 0.00 0.0382504
4 320.00 0.00 300.00 0.00 120.00 0.00 140.00 0.00 0.00262711
4 310.00 0.00 290.00 0.00 130.00 0.00 150.00 0.00 0.00394314
4 230.00 0.00 225.00 0.00 210.00 0.00 215.00 0.00 1.98161
4 400.00 0.00 360.00 0.00 40.00 0.00 80.00 0.00 0.00869566
4 370.00 0.00 320.00 0.00 70.00 0.00 120.00 0.00 0.0216471
4 320.00 0.00 280.00 0.00 120.00 0.00 160.00 0.00 0.0173217
4 370.00 0.00 340.00 0.00 70.00 0.00 100.00 0.00 0.008686
4 310.00 0.00 280.00 0.00 130.00 0.00 160.00 0.00 0.0120662
4 340.00 0.00 310.00 0.00 100.00 0.00 130.00 0.00 0.00564658
4 360.00 0.00 320.00 0.00 80.00 0.00 120.00 0.00 0.0137865
4 245.00 0.00 240.00 0.00 195.00 0.00 200.00 0.00 0.0285562
4 240.00 0.00 235.00 0.00 200.00 0.00 205.00 0.00 0.0949878
4 235.00 0.00 230.00 0.00 205.00 0.00 210.00 0.00 0.450231
4 340.00 0.00 300.00 0.00 100.00 0.00 140.00 0.00 0.00963661
4 245.00 0.00 240.00 0.00 200.00 0.00 205.00 0.00 0.0444436
4 235.00 0.00 230.00 0.00 210.00 0.00 215.00 0.00 0.78209
4 230.00 0.00 225.00 0.00 215.00 0.00 220.00 0.00 10.9803
4 240.00 0.00 235.00 0.00 205.00 0.00 210.00 0.00 0.161676
4 260.00 0.00 250.00 0.00 190.00 0.00 200.00 0.00 0.041054
4 240.00 0.00 230.00 0.00 210.00 0.00 220.00 0.00 3.77396
4 300.00 0.00 270.00 0.00 150.00 0.00 180.00 0.00 0.0334586
4 300.00 0.00 250.00 0.00 150.00 0.00 200.00 0.00 0.22854
4 270.00 0.00 240.00 0.00 180.00 0.00 210.00 0.00 0.583765
4 250.00 0.00 240.00 0.00 200.00 0.00 210.00 0.00 0.204746
4 270.00 0.00 260.00 0.00 180.00 0.00 190.00 0.00 0.0155397
4 330.00 0.00 300.00 0.00 120.00 0.00 150.00 0.00 0.00600704
4 245.00 0.00 240.00 0.00 205.00 0.00 210.00 0.00 0.0711406
4 350.00 0.00 300.00 0.00 100.00 0.00 150.00 0.00 0.0199339
4 360.00 0.00 330.00 0.00 90.00 0.00 120.00 0.00 0.00922174
4 400.00 0.00 350.00 0.00 50.00 0.00 100.00 0.00 0.015735
4 235.00 0.00 230.00 0.00 215.00 0.00 220.00 0.00 2.24587
4 250.00 0.00 245.00 0.00 200.00 0.00 205.00 0.00 0.034337
4 240.00 0.00 235.00 0.00 210.00 0.00 215.00 0.00 0.245073
4 245.00 0.00 240.00 0.00 210.00 0.00 215.00 0.00 0.0958564
4 240.00 0.00 235.00 0.00 215.00 0.00 220.00 0.00 0.486917
4 235.00 0.00 230.00 0.00 220.00 0.00 225.00 0.00 17.9773
4 250.00 0.00 245.00 0.00 205.00 0.00 210.00 0.00 0.0527442
4 280.00 0.00 270.00 0.00 180.00 0.00 190.00 0.00 0.00916693
4 260.00 0.00 250.00 0.00 200.00 0.00 210.00 0.00 0.0802177
4 250.00 0.00 240.00 0.00 210.00 0.00 220.00 0.00 0.379581
4 280.00 0.00 260.00 0.00 180.00 0.00 200.00 0.00 0.057576
4 300.00 0.00 280.00 0.00 160.00 0.00 180.00 0.00 0.0170854
4 290.00 0.00 260.00 0.00 170.00 0.00 200.00 0.00 0.0825502
4 290.00 0.00 270.00 0.00 170.00 0.00 190.00 0.00 0.0107832
4 270.00 0.00 260.00 0.00 190.00 0.00 200.00 0.00 0.0200022
4 270.00 0.00 250.00 0.00 190.00 0.00 210.00 0.00 0.18049
4 260.00 0.00 240.00 0.00 200.00 0.00 220.00 0.00 0.791154
4 290.00 0.00 250.00 0.00 170.00 0.00 210.00 0.00 0.32009
4 370.00 0.00 330.00 0.00 90.00 0.00 130.00 0.00 0.0161861
4 310.00 0.00 270.00 0.00 150.00 0.00 190.00 0.00 0.0583194
4 320.00 0.00 300.00 0.00 140.00 0.00 160.00 0.00 0.00397495
4 320.00 0.00 290.00 0.00 140.00 0.00 170.00 0.00 0.0132013
4 330.00 0.00 310.00 0.00 130.00 0.00 150.00 0.00 0.0032962
4 330.00 0.00 290.00 0.00 130.00 0.00 170.00 0.00 0.0192819
4 380.00 0.00 350.00 0.00 80.00 0.00 110.00 0.00 0.00742144
4 390.00 0.00 350.00 0.00 70.00 0.00 110.00 0.00 0.0123326
4 310.00 0.00 290.00 0.00 150.00 0.00 170.00 0.00 0.00795666
4 380.00 0.00 330.00 0.00 80.00 0.00 130.00 0.00 0.0226908
4 250.00 0.00 245.00 0.00 210.00 0.00 215.00 0.00 0.0662639
4 350.00 0.00 310.00 0.00 110.00 0.00 150.00 0.00 0.0137731
4 330.00 0.00 280.00 0.00 130.00 0.00 180.00 0.00 0.0394614
4 350.00 0.00 320.00 0.00 110.00 0.00 140.00 0.00 0.0078036
4 240.00 0.00 235.00 0.00 220.00 0.00 225.00 0.00 2.47537
4 255.00 0.00 250.00 0.00 205.00 0.00 210.00 0.00 0.0321888
4 245.00 0.00 240.00 0.00 215.00 0.00 220.00 0.00 0.137128
4 255.00 0.00 250.00 0.00 210.00 0.00 215.00 0.00 0.0393676
4 250.00 0.00 245.00 0.00 215.00 0.00 220.00 0.00 0.0813951
4 245.00 0.00 240.00 0.00 220.00 0.00 225.00 0.00 0.4123
4 240.00 0.00 235.00 0.00 225.00 0.00 230.00 0.00 10.6918
4 280.00 0.00 250.00 0.00 190.00 0.00 220.00 0.00 0.419216
4 270.00 0.00 260.00 0.00 200.00 0.00 210.00 0.00 0.0364119
4 250.00 0.00 240.00 0.00 220.00 0.00 230.00 0.00 2.0048
4 260.00 0.00 250.00 0.00 210.00 0.00 220.00 0.00 0.124981
4 280.00 0.00 270.00 0.00 190.00 0.00 200.00 0.00 0.0122377
4 340.00 0.00 310.00 0.00 130.00 0.00 160.00 0.00 0.00823541
4 370.00 0.00 340.00 0.00 100.00 0.00 130.00 0.00 0.0101871
4 310.00 0.00 260.00 0.00 160.00 0.00 210.00 0.00 0.211366
4 250.00 0.00 245.00 0.00 220.00 0.00 225.00 0.00 0.174706
4 310.00 0.00 280.00 0.00 160.00 0.00 190.00 0.00 0.0304628
4 360.00 0.00 310.00 0.00 110.00 0.00 160.00 0.00 0.0272976
4 260.00 0.00 255.00 0.00 210.00 0.00 215.00 0.00 0.0200335
4 245.00 0.00 240.00 0.00 225.00 0.00 230.00 0.00 1.09068
4 255.00 0.00 250.00 0.00 215.00 0.00 220.00 0.00 0.0448942
4 250.00 0.00 245.00 0.00 225.00 0.00 230.00 0.00 0.314841
4 245.00 0.00 240.00 0.00 230.00 0.00 235.00 0.00 4.79036
4 260.00 0.00 255.00 0.00 215.00 0.00 220.00 0.00 0.0224085
4 255.00 0.00 250.00 0.00 220.00 0.00 225.00 0.00 0.0841601
4 290.00 0.00 280.00 0.00 190.00 0.00 200.00 0.00 0.0165913
4 290.00 0.00 270.00 0.00 190.00 0.00 210.00 0.00 0.063852
4 280.00 0.00 260.00 0.00 200.00 0.00 220.00 0.00 0.138351
4 270.00 0.00 250.00 0.00 210.00 0.00 230.00 0.00 0.572493
4 280.00 0.00 270.00 0.00 200.00 0.00 210.00 0.00 0.0221903
4 300.00 0.00 280.00 0.00 180.00 0.00 200.00 0.00 0.0193902
4 300.00 0.00 260.00 0.00 180.00 0.00 220.00 0.00 0.259296
4 270.00 0.00 260.00 0.00 210.00 0.00 220.00 0.00 0.048719
4 300.00 0.00 270.00 0.00 180.00 0.00 210.00 0.00 0.0771567
4 260.00 0.00 250.00 0.00 220.00 0.00 230.00 0.00 0.304683
4 390.00 0.00 360.00 0.00 90.00 0.00 120.00 0.00 0.00674317
4 310.00 0.00 290.00 0.00 170.00 0.00 190.00 0.00 0.0137716
4 340.00 0.00 290.00 0.00 140.00 0.00 190.00 0.00 0.0475866
4 330.00 0.00 300.00 0.00 150.00 0.00 180.00 0.00 0.0137183
4 265.00 0.00 260.00 0.00 215.00 0.00 220.00 0.00 0.0138262
4 330.00 0.00 310.00 0.00 150.00 0.00 170.00 0.00 0.00438061
4 380.00 0.00 340.00 0.00 100.00 0.00 140.00 0.00 0.0167219
4 360.00 0.00 330.00 0.00 120.00 0.00 150.00 0.00 0.0111417
4 320.00 0.00 300.00 0.00 160.00 0.00 180.00 0.00 0.00746611
4 320.00 0.00 280.00 0.00 160.00 0.00 200.00 0.00 0.0578747
4 340.00 0.00 300.00 0.00 140.00 0.00 180.00 0.00 0.0231585
4 400.00 0.00 360.00 0.00 80.00 0.00 120.00 0.00 0.0106086
4 250.00 0.00 245.00 0.00 230.00 0.00 235.00 0.00 0.757335
4 360.00 0.00 320.00 0.00 120.00 0.00 160.00 0.00 0.0195145
4 340.00 0.00 320.00 0.00 140.00 0.00 160.00 0.00 0.00482072
4 390.00 0.00 340.00 0.00 90.00 0.00 140.00 0.00 0.0231515
4 260.00 0.00 255.00 0.00 220.00 0.00 225.00 0.00 0.0392794
4 255.00 0.00 250.00 0.00 225.00 0.00 230.00 0.00 0.125799
4 250.00 0.00 245.00 0.00 235.00 0.00 240.00 0.00 5.21331
4 265.00 0.00 260.00 0.00 220.00 0.00 225.00 0.00 0.0236797
4 260.00 0.00 255.00 0.00 225.00 0.00 230.00 0.00 0.0541259
4 255.00 0.00 250.00 0.00 230.00 0.00 235.00 0.00 0.213087
4 270.00 0.00 260.00 0.00 220.00 0.00 230.00 0.00 0.0952765
4 290.00 0.00 280.00 0.00 200.00 0.00 210.00 0.00 0.0135613
4 260.00 0.00 250.00 0.00 230.00 0.00 240.00 0.00 1.25539
4 290.00 0.00 260.00 0.00 200.00 0.00 230.00 0.00 0.342763
4 280.00 0.00 270.00 0.00 210.00 0.00 220.00 0.00 0.0293032
4 320.00 0.00 270.00 0.00 170.00 0.00 220.00 0.00 0.204969
4 370.00 0.00 320.00 0.00 120.00 0.00 170.00 0.00 0.0342061
4 350.00 0.00 320.00 0.00 140.00 0.00 170.00 0.00 0.0135778
4 260.00 0.00 255.00 0.00 230.00 0.00 235.00 0.00 0.0758329
4 380.00 0.00 350.00 0.00 110.00 0.00 140.00 0.00 0.00898367
4 255.00 0.00 250.00 0.00 235.00 0.00 240.00 0.00 0.761287
4 320.00 0.00 290.00 0.00 170.00 0.00 200.00 0.00 0.0324861
4 270.00 0.00 265.00 0.00 220.00 0.00 225.00 0.00 0.0185025
4 265.00 0.00 260.00 0.00 225.00 0.00 230.00 0.00 0.029656
4 260.00 0.00 255.00 0.00 235.00 0.00 240.00 0.00 0.182562
4 270.00 0.00 265.00 0.00 225.00 0.00 230.00 0.00 0.0221986
4 265.00 0.00 260.00 0.00 230.00 0.00 235.00 0.00 0.0374518
4 255.00 0.00 250.00 0.00 240.00 0.00 245.00 0.00 5.73948
4 300.00 0.00 290.00 0.00 200.00 0.00 210.00 0.00 0.00067258
4 280.00 0.00 270.00 0.00 220.00 0.00 230.00 0.00 0.0488821
4 280.00 0.00 260.00 0.00 220.00 0.00 240.00 0.00 0.386793
4 290.00 0.00 280.00 0.00 210.00 0.00 220.00 0.00 0.0177904
4 290.00 0.00 270.00 0.00 210.00 0.00 230.00 0.00 0.123245
4 270.00 0.00 260.00 0.00 230.00 0.00 240.00 0.00 0.175858
4 300.00 0.00 280.00 0.00 200.00 0.00 220.00 0.00 0.0460388
4 350.00 0.00 310.00 0.00 150.00 0.00 190.00 0.00 0.032427
4 330.00 0.00 310.00 0.00 170.00 0.00 190.00 0.00 0.00735766
4 330.00 0.00 290.00 0.00 170.00 0.00 210.00 0.00 0.0637414
4 340.00 0.00 320.00 0.00 160.00 0.00 180.00 0.00 0.00694706
4 310.00 0.00 290.00 0.00 190.00 0.00 210.00 0.00 0.0239648
4 390.00 0.00 350.00 0.00 110.00 0.00 150.00 0.00 0.0151084
4 370.00 0.00 330.00 0.00 130.00 0.00 170.00 0.00 0.0260669
4 320.00 0.00 300.00 0.00 180.00 0.00 200.00 0.00 0.0133087
4 350.00 0.00 300.00 0.00 150.00 0.00 200.00 0.00 0.058507
4 310.00 0.00 270.00 0.00 190.00 0.00 230.00 0.00 0.254149
4 310.00 0.00 280.00 0.00 190.00 0.00 220.00 0.00 0.0836405
4 400.00 0.00 350.00 0.00 100.00 0.00 150.00 0.00 0.0219306
4 370.00 0.00 340.00 0.00 130.00 0.00 160.00 0.00 0.0138329
4 350.00 0.00 330.00 0.00 150.00 0.00 170.00 0.00 0.00717055
4 340.00 0.00 310.00 0.00 160.00 0.00 190.00 0.00 0.0162952
4 400.00 0.00 370.00 0.00 100.00 0.00 130.00 0.00 0.00524354
4 275.00 0.00 270.00 0.00 225.00 0.00 230.00 0.00 0.0143971
4 270.00 0.00 265.00 0.00 230.00 0.00 235.00 0.00 0.0264093
4 265.00 0.00 260.00 0.00 235.00 0.00 240.00 0.00 0.0702697
4 260.00 0.00 255.00 0.00 240.00 0.00 245.00 0.00 0.764757
4 275.00 0.00 270.00 0.00 230.00 0.00 235.00 0.00 0.0160861
4 260.00 0.00 255.00 0.00 245.00 0.00 250.00 0.00 5.67712
4 270.00 0.00 265.00 0.00 235.00 0.00 240.00 0.00 0.041266
4 265.00 0.00 260.00 0.00 240.00 0.00 245.00 0.00 0.212966
4 280.00 0.00 270.00 0.00 230.00 0.00 240.00 0.00 0.0676457
4 300.00 0.00 290.00 0.00 210.00 0.00 220.00 0.00 0.0141892
4 300.00 0.00 270.00 0.00 210.00 0.00 240.00 0.00 0.281086
4 290.00 0.00 280.00 0.00 220.00 0.00 230.00 0.00 0.0268301
4 270.00 0.00 260.00 0.00 240.00 0.00 250.00 0.00 1.55689
4 330.00 0.00 300.00 0.00 180.00 0.00 210.00 0.00 0.0411326
4 330.00 0.00 280.00 0.00 180.00 0.00 230.00 0.00 0.196187
4 390.00 0.00 360.00 0.00 120.00 0.00 150.00 0.00 0.00734208
4 380.00 0.00 330.00 0.00 130.00 0.00 180.00 0.00 0.0424617
4 265.00 0.00 260.00 0.00 245.00 0.00 250.00 0.00 0.927191
4 280.00 0.00 275.00 0.00 230.00 0.00 235.00 0.00 0.0124303
4 275.00 0.00 270.00 0.00 235.00 0.00 240.00 0.00 0.0225206
4 270.00 0.00 265.00 0.00 240.00 0.00 245.00 0.00 0.100441
4 360.00 0.00 330.00 0.00 150.00 0.00 180.00 0.00 0.0206671
4 280.00 0.00 275.00 0.00 235.00 0.00 240.00 0.00 0.0163583
4 275.00 0.00 270.00 0.00 240.00 0.00 245.00 0.00 0.0495452
4 270.00 0.00 265.00 0.00 245.00 0.00 250.00 0.00 0.309053
4 265.00 0.00 260.00 0.00 250.00 0.00 255.00 0.00 6.7103
4 290.00 0.00 280.00 0.00 230.00 0.00 240.00 0.00 0.0310277
4 300.00 0.00 290.00 0.00 220.00 0.00 230.00 0.00 0.0253326
4 280.00 0.00 270.00 0.00 240.00 0.00 250.00 0.00 0.270113
4 300.00 0.00 280.00 0.00 220.00 0.00 240.00 0.00 0.103578
4 290.00 0.00 270.00 0.00 230.00 0.00 250.00 0.00 0.459964
4 320.00 0.00 290.00 0.00 200.00 0.00 230.00 0.00 0.085465
4 350.00 0.00 330.00 0.00 170.00 0.00 190.00 0.00 0.0124385
4 310.00 0.00 290.00 0.00 210.00 0.00 230.00 0.00 0.0511175
4 320.00 0.00 300.00 0.00 200.00 0.00 220.00 0.00 0.0305834
4 350.00 0.00 320.00 0.00 170.00 0.00 200.00 0.00 0.0257251
4 360.00 0.00 310.00 0.00 160.00 0.00 210.00 0.00 0.0788051
4 340.00 0.00 300.00 0.00 180.00 0.00 220.00 0.00 0.0723093
4 280.00 0.00 275.00 0.00 240.00 0.00 245.00 0.00 0.0320512
4 400.00 0.00 360.00 0.00 120.00 0.00 160.00 0.00 0.013686
4 320.00 0.00 280.00 0.00 200.00 0.00 240.00 0.00 0.210636
4 360.00 0.00 340.00 0.00 160.00 0.00 180.00 0.00 0.0103776
4 340.00 0.00 320.00 0.00 180.00 0.00 200.00 0.00 0.0111088
4 380.00 0.00 350.00 0.00 140.00 0.00 170.00 0.00 0.0136249
4 380.00 0.00 340.00 0.00 140.00 0.00 180.00 0.00 0.0303468
4 310.00 0.00 300.00 0.00 210.00 0.00 220.00 0.00 0.00620615
4 360.00 0.00 320.00 0.00 160.00 0.00 200.00 0.00 0.043909
4 330.00 0.00 310.00 0.00 190.00 0.00 210.00 0.00 0.0168987
4 285.00 0.00 280.00 0.00 235.00 0.00 240.00 0.00 0.0100371
4 275.00 0.00 270.00 0.00 245.00 0.00 250.00 0.00 0.120379
4 270.00 0.00 265.00 0.00 250.00 0.00 255.00 0.00 1.34406
4 280.00 0.00 275.00 0.00 245.00 0.00 250.00 0.00 0.0693942
4 285.00 0.00 280.00 0.00 240.00 0.00 245.00 0.00 0.019343
4 275.00 0.00 270.00 0.00 250.00 0.00 255.00 0.00 0.377489
4 270.00 0.00 265.00 0.00 255.00 0.00 260.00 0.00 7.36
4 280.00 0.00 270.00 0.00 250.00 0.00 260.00 0.00 2.54872
4 290.00 0.00 280.00 0.00 240.00 0.00 250.00 0.00 0.0911908
4 300.00 0.00 290.00 0.00 230.00 0.00 240.00 0.00 0.0206351
4 310.00 0.00 300.00 0.00 220.00 0.00 230.00 0.00 0.00629319
4 310.00 0.00 280.00 0.00 220.00 0.00 250.00 0.00 0.280672
4 275.00 0.00 270.00 0.00 255.00 0.00 260.00 0.00 1.48693
4 280.00 0.00 275.00 0.00 250.00 0.00 255.00 0.00 0.163459
4 340.00 0.00 290.00 0.00 190.00 0.00 240.00 0.00 0.180395
4 290.00 0.00 285.00 0.00 240.00 0.00 245.00 0.00 0.0114888
4 370.00 0.00 340.00 0.00 160.00 0.00 190.00 0.00 0.0251598
4 390.00 0.00 340.00 0.00 140.00 0.00 190.00 0.00 0.0464639
4 400.00 0.00 370.00 0.00 130.00 0.00 160.00 0.00 0.00685015
4 340.00 0.00 310.00 0.00 190.00 0.00 220.00 0.00 0.0389408
4 285.00 0.00 280.00 0.00 245.00 0.00 250.00 0.00 0.0366665
4 285.00 0.00 280.00 0.00 250.00 0.00 255.00 0.00 0.0713846
4 290.00 0.00 285.00 0.00 245.00 0.00 250.00 0.00 0.0224019
4 280.00 0.00 275.00 0.00 255.00 0.00 260.00 0.00 0.52215
4 275.00 0.00 270.00 0.00 260.00 0.00 265.00 0.00 9.1691
4 290.00 0.00 280.00 0.00 250.00 0.00 260.00 0.00 0.382166
4 300.00 0.00 290.00 0.00 240.00 0.00 250.00 0.00 0.0466528
4 300.00 0.00 280.00 0.00 240.00 0.00 260.00 0.00 0.64295
4 310.00 0.00 290.00 0.00 230.00 0.00 250.00 0.00 0.101296
4 320.00 0.00 300.00 0.00 220.00 0.00 240.00 0.00 0.0316833
4 330.00 0.00 310.00 0.00 210.00 0.00 230.00 0.00 0.0203096
4 370.00 0.00 330.00 0.00 170.00 0.00 210.00 0.00 0.0575915
4 310.00 0.00 300.00 0.00 230.00 0.00 240.00 0.00 0.0117024
4 370.00 0.00 320.00 0.00 170.00 0.00 220.00 0.00 0.0930209
4 360.00 0.00 340.00 0.00 180.00 0.00 200.00 0.00 0.0152211
4 390.00 0.00 360.00 0.00 150.00 0.00 180.00 0.00 0.012858
4 330.00 0.00 300.00 0.00 210.00 0.00 240.00 0.00 0.0560836
4 370.00 0.00 350.00 0.00 170.00 0.00 190.00 0.00 0.0120748
4 350.00 0.00 330.00 0.00 190.00 0.00 210.00 0.00 0.0173195
4 350.00 0.00 310.00 0.00 190.00 0.00 230.00 0.00 0.0789967
4 360.00 0.00 330.00 0.00 180.00 0.00 210.00 0.00 0.0366611
4 320.00 0.00 310.00 0.00 220.00 0.00 230.00 0.00 0.00599591
4 340.00 0.00 320.00 0.00 200.00 0.00 220.00 0.00 0.0174194
4 330.00 0.00 290.00 0.00 210.00 0.00 250.00 0.00 0.200058
4 295.00 0.00 290.00 0.00 245.00 0.00 250.00 0.00 0.0194285
4 290.00 0.00 285.00 0.00 250.00 0.00 255.00 0.00 0.03731
4 285.00 0.00 280.00 0.00 255.00 0.00 260.00 0.00 0.190164
4 280.00 0.00 275.00 0.00 260.00 0.00 265.00 0.00 2.22365
4 390.00 0.00 350.00 0.00 150.00 0.00 190.00 0.00 0.0292722
4 295.00 0.00 290.00 0.00 250.00 0.00 255.00 0.00 0.0275846
4 280.00 0.00 275.00 0.00 265.00 0.00 270.00 0.00 11.5378
4 290.00 0.00 285.00 0.00 255.00 0.00 260.00 0.00 0.0841916
4 285.00 0.00 280.00 0.00 260.00 0.00 265.00 0.00 0.696632
4 290.00 0.00 280.00 0.00 260.00 0.00 270.00 0.00 4.55608
4 300.00 0.00 290.00 0.00 250.00 0.00 260.00 0.00 0.124194
4 310.00 0.00 300.00 0.00 240.00 0.00 250.00 0.00 0.0231863
4 320.00 0.00 310.00 0.00 230.00 0.00 240.00 0.00 0.00589783
4 380.00 0.00 350.00 0.00 170.00 0.00 200.00 0.00 0.0231965
4 320.00 0.00 290.00 0.00 230.00 0.00 260.00 0.00 0.30734
4 295.00 0.00 290.00 0.00 255.00 0.00 260.00 0.00 0.0561965
4 400.00 0.00 350.00 0.00 150.00 0.00 200.00 0.00 0.0456449
4 350.00 0.00 300.00 0.00 200.00 0.00 250.00 0.00 0.180831
4 350.00 0.00 320.00 0.00 200.00 0.00 230.00 0.00 0.0479079
4 290.00 0.00 285.00 0.00 260.00 0.00 265.00 0.00 0.27586
4 300.00 0.00 295.00 0.00 250.00 0.00 255.00 0.00 0.0151437
4 285.00 0.00 280.00 0.00 265.00 0.00 270.00 0.00 2.66094
4 290.00 0.00 285.00 0.00 265.00 0.00 270.00 0.00 0.922347
4 295.00 0.00 290.00 0.00 260.00 0.00 265.00 0.00 0.16384
4 285.00 0.00 280.00 0.00 270.00 0.00 275.00 0.00 9.52005
4 300.00 0.00 295.00 0.00 255.00 0.00 260.00 0.00 0.0255205
4 300.00 0.00 290.00 0.00 260.00 0.00 270.00 0.00 0.944204
4 300.00 0.00 295.00 0.00 260.00 0.00 265.00 0.00 0.0693033
4 370.00 0.00 340.00 0.00 190.00 0.00 220.00 0.00 0.0422749
4 310.00 0.00 300.00 0.00 250.00 0.00 260.00 0.00 0.0433801
4 310.00 0.00 290.00 0.00 250.00 0.00 270.00 0.00 1.32806
4 320.00 0.00 300.00 0.00 240.00 0.00 260.00 0.00 0.0993952
4 370.00 0.00 350.00 0.00 190.00 0.00 210.00 0.00 0.0166397
4 360.00 0.00 340.00 0.00 200.00 0.00 220.00 0.00 0.0222464
4 340.00 0.00 310.00 0.00 220.00 0.00 250.00 0.00 0.0571511
4 350.00 0.00 330.00 0.00 210.00 0.00 230.00 0.00 0.0255409
4 380.00 0.00 340.00 0.00 180.00 0.00 220.00 0.00 0.0618086
4 380.00 0.00 360.00 0.00 180.00 0.00 200.00 0.00 0.00966883
4 360.00 0.00 320.00 0.00 200.00 0.00 240.00 0.00 0.0838639
4 340.00 0.00 320.00 0.00 220.00 0.00 240.00 0.00 0.0198098
4 330.00 0.00 320.00 0.00 230.00 0.00 240.00 0.00 0.00437238
4 400.00 0.00 360.00 0.00 160.00 0.00 200.00 0.00 0.0260863
4 380.00 0.00 330.00 0.00 180.00 0.00 230.00 0.00 0.105737
4 400.00 0.00 370.00 0.00 160.00 0.00 190.00 0.00 0.0116386
4 330.00 0.00 310.00 0.00 230.00 0.00 250.00 0.00 0.0270212
4 320.00 0.00 310.00 0.00 240.00 0.00 250.00 0.00 0.0124335
4 295.00 0.00 290.00 0.00 265.00 0.00 270.00 0.00 0.512499
4 340.00 0.00 300.00 0.00 220.00 0.00 260.00 0.00 0.181406
4 290.00 0.00 285.00 0.00 270.00 0.00 275.00 0.00 2.37364
4 305.00 0.00 300.00 0.00 255.00 0.00 260.00 0.00 0.0169788
4 295.00 0.00 290.00 0.00 270.00 0.00 275.00 0.00 1.20418
4 300.00 0.00 295.00 0.00 265.00 0.00 270.00 0.00 0.196586
4 290.00 0.00 285.00 0.00 275.00 0.00 280.00 0.00 9.91074
4 305.00 0.00 300.00 0.00 260.00 0.00 265.00 0.00 0.0379888
4 300.00 0.00 290.00 0.00 270.00 0.00 280.00 0.00 6.6677
4 330.00 0.00 320.00 0.00 240.00 0.00 250.00 0.00 0.00329309
4 330.00 0.00 300.00 0.00 240.00 0.00 270.00 0.00 0.419786
4 310.00 0.00 300.00 0.00 260.00 0.00 270.00 0.00 0.216772
4 300.00 0.00 295.00 0.00 270.00 0.00 275.00 0.00 0.421689
4 320.00 0.00 310.00 0.00 250.00 0.00 260.00 0.00 0.0188458
4 390.00 0.00 360.00 0.00 180.00 0.00 210.00 0.00 0.0194592
4 360.00 0.00 330.00 0.00 210.00 0.00 240.00 0.00 0.0523516
4 360.00 0.00 310.00 0.00 210.00 0.00 260.00 0.00 0.171518
4 295.00 0.00 290.00 0.00 275.00 0.00 280.00 0.00 3.86192
4 310.00 0.00 305.00 0.00 260.00 0.00 265.00 0.00 0.0204736
4 305.00 0.00 300.00 0.00 265.00 0.00 270.00 0.00 0.103529
4 300.00 0.00 295.00 0.00 275.00 0.00 280.00 0.00 1.17538
4 295.00 0.00 290.00 0.00 280.00 0.00 285.00 0.00 14.1113
4 310.00 0.00 305.00 0.00 265.00 0.00 270.00 0.00 0.0564994
4 305.00 0.00 300.00 0.00 270.00 0.00 275.00 0.00 0.207332
4 390.00 0.00 350.00 0.00 190.00 0.00 230.00 0.00 0.0557715
4 320.00 0.00 300.00 0.00 260.00 0.00 280.00 0.00 1.63634
4 360.00 0.00 340.00 0.00 220.00 0.00 240.00 0.00 0.0243797
4 380.00 0.00 360.00 0.00 200.00 0.00 220.00 0.00 0.0137616
4 330.00 0.00 320.00 0.00 250.00 0.00 260.00 0.00 0.0118178
4 390.00 0.00 340.00 0.00 190.00 0.00 240.00 0.00 0.0963387
4 380.00 0.00 350.00 0.00 200.00 0.00 230.00 0.00 0.0384454
4 320.00 0.00 310.00 0.00 260.00 0.00 270.00 0.00 0.0686635
4 310.00 0.00 300.00 0.00 270.00 0.00 280.00 0.00 1.08804
4 390.00 0.00 370.00 0.00 190.00 0.00 210.00 0.00 0.00608559
4 300.00 0.00 295.00 0.00 280.00 0.00 285.00 0.00 2.87818
4 370.00 0.00 350.00 0.00 210.00 0.00 230.00 0.00 0.0216241
4 370.00 0.00 330.00 0.00 210.00 0.00 250.00 0.00 0.0951835
4 330.00 0.00 310.00 0.00 250.00 0.00 270.00 0.00 0.120248
4 350.00 0.00 310.00 0.00 230.00 0.00 270.00 0.00 0.213239
4 350.00 0.00 320.00 0.00 230.00 0.00 260.00 0.00 0.0602658
4 350.00 0.00 330.00 0.00 230.00 0.00 250.00 0.00 0.0273766
4 340.00 0.00 330.00 0.00 240.00 0.00 250.00 0.00 0.00946189
4 340.00 0.00 320.00 0.00 240.00 0.00 260.00 0.00 0.0312625
4 315.00 0.00 310.00 0.00 265.00 0.00 270.00 0.00 0.0310718
4 310.00 0.00 305.00 0.00 270.00 0.00 275.00 0.00 0.101287
4 305.00 0.00 300.00 0.00 275.00 0.00 280.00 0.00 0.531371
4 300.00 0.00 295.00 0.00 285.00 0.00 290.00 0.00 12.1998
4 310.00 0.00 305.00 0.00 275.00 0.00 280.00 0.00 0.246601
4 315.00 0.00 310.00 0.00 270.00 0.00 275.00 0.00 0.0553942
4 305.00 0.00 300.00 0.00 280.00 0.00 285.00 0.00 1.11925
4 310.00 0.00 300.00 0.00 280.00 0.00 290.00 0.00 5.75322
4 320.00 0.00 310.00 0.00 270.00 0.00 280.00 0.00 0.264688
4 330.00 0.00 320.00 0.00 260.00 0.00 270.00 0.00 0.0211007
4 370.00 0.00 320.00 0.00 220.00 0.00 270.00 0.00 0.18578
4 400.00 0.00 370.00 0.00 190.00 0.00 220.00 0.00 0.0171518
4 340.00 0.00 330.00 0.00 250.00 0.00 260.00 0.00 0.00638713
4 340.00 0.00 310.00 0.00 250.00 0.00 280.00 0.00 0.483641
4 370.00 0.00 340.00 0.00 220.00 0.00 250.00 0.00 0.0531221
4 310.00 0.00 305.00 0.00 280.00 0.00 285.00 0.00 0.482838
4 305.00 0.00 300.00 0.00 285.00 0.00 290.00 0.00 3.03137
4 320.00 0.00 315.00 0.00 270.00 0.00 275.00 0.00 0.0261124
4 315.00 0.00 310.00 0.00 275.00 0.00 280.00 0.00 0.126926
4 305.00 0.00 300.00 0.00 290.00 0.00 295.00 0.00 14.2184
4 320.00 0.00 315.00 0.00 275.00 0.00 280.00 0.00 0.0576383
4 310.00 0.00 305.00 0.00 285.00 0.00 290.00 0.00 1.10642
4 315.00 0.00 310.00 0.00 280.00 0.00 285.00 0.00 0.231676
4 400.00 0.00 380.00 0.00 200.00 0.00 220.00 0.00 0.00885398
4 330.00 0.00 320.00 0.00 270.00 0.00 280.00 0.00 0.0516788
4 340.00 0.00 320.00 0.00 260.00 0.00 280.00 0.00 0.114467
4 360.00 0.00 340.00 0.00 240.00 0.00 260.00 0.00 0.026271
4 380.00 0.00 340.00 0.00 220.00 0.00 260.00 0.00 0.081594
4 340.00 0.00 330.00 0.00 260.00 0.00 270.00 0.00 0.0133061
4 320.00 0.00 310.00 0.00 280.00 0.00 290.00 0.00 1.00356
4 400.00 0.00 350.00 0.00 200.00 0.00 250.00 0.00 0.0851279
4 380.00 0.00 360.00 0.00 220.00 0.00 240.00 0.00 0.0153124
4 400.00 0.00 360.00 0.00 200.00 0.00 240.00 0.00 0.044178
4 330.00 0.00 310.00 0.00 270.00 0.00 290.00 0.00 1.46015
4 390.00 0.00 370.00 0.00 210.00 0.00 230.00 0.00 0.0108127
4 360.00 0.00 330.00 0.00 240.00 0.00 270.00 0.00 0.0784955
4 350.00 0.00 330.00 0.00 250.00 0.00 270.00 0.00 0.0396329
4 350.00 0.00 340.00 0.00 250.00 0.00 260.00 0.00 0.0059155
4 390.00 0.00 360.00 0.00 210.00 0.00 240.00 0.00 0.028169
4 360.00 0.00 320.00 0.00 240.00 0.00 280.00 0.00 0.230465
4 370.00 0.00 350.00 0.00 230.00 0.00 250.00 0.00 0.0203557
4 325.00 0.00 320.00 0.00 275.00 0.00 280.00 0.00 0.0223757
4 320.00 0.00 315.00 0.00 280.00 0.00 285.00 0.00 0.0987747
4 315.00 0.00 310.00 0.00 285.00 0.00 290.00 0.00 0.483578
4 310.00 0.00 305.00 0.00 290.00 0.00 295.00 0.00 3.73908
4 325.00 0.00 320.00 0.00 280.00 0.00 285.00 0.00 0.0366837
4 310.00 0.00 305.00 0.00 295.00 0.00 300.00 0.00 13.8006
4 320.00 0.00 315.00 0.00 285.00 0.00 290.00 0.00 0.189839
4 315.00 0.00 310.00 0.00 290.00 0.00 295.00 0.00 1.39049
4 350.00 0.00 320.00 0.00 260.00 0.00 290.00 0.00 0.379183
4 330.00 0.00 320.00 0.00 280.00 0.00 290.00 0.00 0.140653
4 380.00 0.00 330.00 0.00 230.00 0.00 280.00 0.00 0.2003
4 380.00 0.00 350.00 0.00 230.00 0.00 260.00 0.00 0.0393581
4 350.00 0.00 340.00 0.00 260.00 0.00 270.00 0.00 0.0129307
4 340.00 0.00 330.00 0.00 270.00 0.00 280.00 0.00 0.0280564
4 320.00 0.00 310.00 0.00 290.00 0.00 300.00 0.00 6.59729
4 315.00 0.00 310.00 0.00 295.00 0.00 300.00 0.00 3.60722
4 330.00 0.00 325.00 0.00 280.00 0.00 285.00 0.00 0.0149873
4 325.00 0.00 320.00 0.00 285.00 0.00 290.00 0.00 0.0641003
4 320.00 0.00 315.00 0.00 290.00 0.00 295.00 0.00 0.494771
4 330.00 0.00 325.00 0.00 285.00 0.00 290.00 0.00 0.0242087
4 325.00 0.00 320.00 0.00 290.00 0.00 295.00 0.00 0.14997
4 320.00 0.00 315.00 0.00 295.00 0.00 300.00 0.00 1.09531
4 315.00 0.00 310.00 0.00 300.00 0.00 305.00 0.00 16.2763
4 340.00 0.00 330.00 0.00 280.00 0.00 290.00 0.00 0.0535561
4 370.00 0.00 330.00 0.00 250.00 0.00 290.00 0.00 0.273713
4 400.00 0.00 380.00 0.00 220.00 0.00 240.00 0.00 0.00781527
4 350.00 0.00 340.00 0.00 270.00 0.00 280.00 0.00 0.020398
4 370.00 0.00 350.00 0.00 250.00 0.00 270.00 0.00 0.0279585
4 350.00 0.00 330.00 0.00 270.00 0.00 290.00 0.00 0.138525
4 400.00 0.00 370.00 0.00 220.00 0.00 250.00 0.00 0.0195417
4 390.00 0.00 370.00 0.00 230.00 0.00 250.00 0.00 0.00838423
4 370.00 0.00 340.00 0.00 250.00 0.00 280.00 0.00 0.0909078
4 340.00 0.00 320.00 0.00 280.00 0.00 300.00 0.00 0.91085
4 360.00 0.00 350.00 0.00 260.00 0.00 270.00 0.00 0.0105958
4 330.00 0.00 320.00 0.00 290.00 0.00 300.00 0.00 0.576517
4 360.00 0.00 340.00 0.00 260.00 0.00 280.00 0.00 0.0589972
4 390.00 0.00 350.00 0.00 230.00 0.00 270.00 0.00 0.0676741
4 380.00 0.00 360.00 0.00 240.00 0.00 260.00 0.00 0.0162125
4 330.00 0.00 325.00 0.00 290.00 0.00 295.00 0.00 0.0522129
4 320.00 0.00 315.00 0.00 300.00 0.00 305.00 0.00 3.48419
4 335.00 0.00 330.00 0.00 285.00 0.00 290.00 0.00 0.0171232
4 325.00 0.00 320.00 0.00 295.00 0.00 300.00 0.00 0.288345
4 330.00 0.00 325.00 0.00 295.00 0.00 300.00 0.00 0.0864775
4 335.00 0.00 330.00 0.00 290.00 0.00 295.00 0.00 0.0315276
4 325.00 0.00 320.00 0.00 300.00 0.00 305.00 0.00 0.746136
4 320.00 0.00 315.00 0.00 305.00 0.00 310.00 0.00 16.3543
4 360.00 0.00 350.00 0.00 270.00 0.00 280.00 0.00 0.0150253
4 330.00 0.00 320.00 0.00 300.00 0.00 310.00 0.00 3.71004
4 350.00 0.00 340.00 0.00 280.00 0.00 290.00 0.00 0.0381071
4 390.00 0.00 340.00 0.00 240.00 0.00 290.00 0.00 0.2274
4 340.00 0.00 330.00 0.00 290.00 0.00 300.00 0.00 0.141137
4 360.00 0.00 330.00 0.00 270.00 0.00 300.00 0.00 0.448257
4 390.00 0.00 360.00 0.00 240.00 0.00 270.00 0.00 0.0329949
4 325.00 0.00 320.00 0.00 305.00 0.00 310.00 0.00 2.27055
4 330.00 0.00 325.00 0.00 300.00 0.00 305.00 0.00 0.19437
4 340.00 0.00 335.00 0.00 290.00 0.00 295.00 0.00 0.0259213
4 335.00 0.00 330.00 0.00 295.00 0.00 300.00 0.00 0.0465133
4 335.00 0.00 330.00 0.00 300.00 0.00 305.00 0.00 0.0903791
4 330.00 0.00 325.00 0.00 305.00 0.00 310.00 0.00 0.489585
4 340.00 0.00 335.00 0.00 295.00 0.00 300.00 0.00 0.0354694
4 325.00 0.00 320.00 0.00 310.00 0.00 315.00 0.00 11.397
4 350.00 0.00 330.00 0.00 290.00 0.00 310.00 0.00 0.8589
4 390.00 0.00 370.00 0.00 250.00 0.00 270.00 0.00 0.0109203
4 380.00 0.00 340.00 0.00 260.00 0.00 300.00 0.00 0.346302
4 400.00 0.00 360.00 0.00 240.00 0.00 280.00 0.00 0.0631033
4 370.00 0.00 360.00 0.00 270.00 0.00 280.00 0.00 0.0106831
4 380.00 0.00 350.00 0.00 260.00 0.00 290.00 0.00 0.100379
4 380.00 0.00 360.00 0.00 260.00 0.00 280.00 0.00 0.0201784
4 360.00 0.00 350.00 0.00 280.00 0.00 290.00 0.00 0.0248917
4 340.00 0.00 330.00 0.00 300.00 0.00 310.00 0.00 0.451018
4 370.00 0.00 350.00 0.00 270.00 0.00 290.00 0.00 0.0677452
4 360.00 0.00 340.00 0.00 280.00 0.00 300.00 0.00 0.191306
4 350.00 0.00 340.00 0.00 290.00 0.00 300.00 0.00 0.0809018
4 400.00 0.00 380.00 0.00 240.00 0.00 260.00 0.00 0.00821838
4 330.00 0.00 325.00 0.00 310.00 0.00 315.00 0.00 1.81337
4 345.00 0.00 340.00 0.00 295.00 0.00 300.00 0.00 0.0258009
4 340.00 0.00 335.00 0.00 300.00 0.00 305.00 0.00 0.0615475
4 335.00 0.00 330.00 0.00 305.00 0.00 310.00 0.00 0.185588
4 345.00 0.00 340.00 0.00 300.00 0.00 305.00 0.00 0.0416891
4 330.00 0.00 325.00 0.00 315.00 0.00 320.00 0.00 8.9928
4 335.00 0.00 330.00 0.00 310.00 0.00 315.00 0.00 0.522797
4 340.00 0.00 335.00 0.00 305.00 0.00 310.00 0.00 0.112358
4 370.00 0.00 340.00 0.00 280.00 0.00 310.00 0.00 0.580808
4 370.00 0.00 360.00 0.00 280.00 0.00 290.00 0.00 0.0178656
4 400.00 0.00 370.00 0.00 250.00 0.00 280.00 0.00 0.0304778
4 350.00 0.00 340.00 0.00 300.00 0.00 310.00 0.00 0.187497
4 360.00 0.00 350.00 0.00 290.00 0.00 300.00 0.00 0.0482216
4 340.00 0.00 330.00 0.00 310.00 0.00 320.00 0.00 3.24984
4 400.00 0.00 350.00 0.00 250.00 0.00 300.00 0.00 0.247472
4 345.00 0.00 340.00 0.00 305.00 0.00 310.00 0.00 0.0681153
4 335.00 0.00 330.00 0.00 315.00 0.00 320.00 0.00 1.72527
4 340.00 0.00 335.00 0.00 310.00 0.00 315.00 0.00 0.272001
4 350.00 0.00 345.00 0.00 300.00 0.00 305.00 0.00 0.0298327
4 340.00 0.00 335.00 0.00 315.00 0.00 320.00 0.00 0.719197
4 345.00 0.00 340.00 0.00 310.00 0.00 315.00 0.00 0.148362
4 335.00 0.00 330.00 0.00 320.00 0.00 325.00 0.00 9.12723
4 350.00 0.00 345.00 0.00 305.00 0.00 310.00 0.00 0.0468528
4 380.00 0.00 370.00 0.00 280.00 0.00 290.00 0.00 0.0110394
4 390.00 0.00 350.00 0.00 270.00 0.00 310.00 0.00 0.378171
4 400.00 0.00 380.00 0.00 260.00 0.00 280.00 0.00 0.0186737
4 390.00 0.00 360.00 0.00 270.00 0.00 300.00 0.00 0.0993096
4 370.00 0.00 350.00 0.00 290.00 0.00 310.00 0.00 0.232305
4 360.00 0.00 340.00 0.00 300.00 0.00 320.00 0.00 1.39482
4 360.00 0.00 350.00 0.00 300.00 0.00 310.00 0.00 0.0950327
4 350.00 0.00 340.00 0.00 310.00 0.00 320.00 0.00 0.787405
4 390.00 0.00 370.00 0.00 270.00 0.00 290.00 0.00 0.0189805
4 370.00 0.00 360.00 0.00 290.00 0.00 300.00 0.00 0.0312752
4 380.00 0.00 360.00 0.00 280.00 0.00 300.00 0.00 0.0738651
4 350.00 0.00 345.00 0.00 310.00 0.00 315.00 0.00 0.0951662
4 340.00 0.00 335.00 0.00 320.00 0.00 325.00 0.00 2.41646
4 355.00 0.00 350.00 0.00 305.00 0.00 310.00 0.00 0.0320377
4 345.00 0.00 340.00 0.00 315.00 0.00 320.00 0.00 0.342667
4 345.00 0.00 340.00 0.00 320.00 0.00 325.00 0.00 0.877173
4 350.00 0.00 345.00 0.00 315.00 0.00 320.00 0.00 0.202221
4 340.00 0.00 335.00 0.00 325.00 0.00 330.00 0.00 9.60831
4 355.00 0.00 350.00 0.00 310.00 0.00 315.00 0.00 0.0606986
4 360.00 0.00 350.00 0.00 310.00 0.00 320.00 0.00 0.325417
4 380.00 0.00 370.00 0.00 290.00 0.00 300.00 0.00 0.0144699
4 380.00 0.00 350.00 0.00 290.00 0.00 320.00 0.00 0.844769
4 350.00 0.00 340.00 0.00 320.00 0.00 330.00 0.00 4.52613
4 370.00 0.00 360.00 0.00 300.00 0.00 310.00 0.00 0.0585113
4 355.00 0.00 350.00 0.00 315.00 0.00 320.00 0.00 0.1269
4 350.00 0.00 345.00 0.00 320.00 0.00 325.00 0.00 0.463901
4 345.00 0.00 340.00 0.00 325.00 0.00 330.00 0.00 2.21941
4 360.00 0.00 355.00 0.00 310.00 0.00 315.00 0.00 0.0472424
4 360.00 0.00 355.00 0.00 315.00 0.00 320.00 0.00 0.0907828
4 350.00 0.00 345.00 0.00 325.00 0.00 330.00 0.00 0.988317
4 355.00 0.00 350.00 0.00 320.00 0.00 325.00 0.00 0.265314
4 345.00 0.00 340.00 0.00 330.00 0.00 335.00 0.00 9.61632
4 400.00 0.00 360.00 0.00 280.00 0.00 320.00 0.00 0.499243
4 360.00 0.00 350.00 0.00 320.00 0.00 330.00 0.00 1.30648
4 380.00 0.00 370.00 0.00 300.00 0.00 310.00 0.00 0.0248601
4 390.00 0.00 380.00 0.00 290.00 0.00 300.00 0.00 0.0072228
4 400.00 0.00 380.00 0.00 280.00 0.00 300.00 0.00 0.0169739
4 380.00 0.00 360.00 0.00 300.00 0.00 320.00 0.00 0.331591
4 370.00 0.00 360.00 0.00 310.00 0.00 320.00 0.00 0.173131
4 390.00 0.00 370.00 0.00 290.00 0.00 310.00 0.00 0.059705
4 400.00 0.00 370.00 0.00 280.00 0.00 310.00 0.00 0.0887272
4 370.00 0.00 350.00 0.00 310.00 0.00 330.00 0.00 2.40492
4 365.00 0.00 360.00 0.00 315.00 0.00 320.00 0.00 0.0644648
4 350.00 0.00 345.00 0.00 330.00 0.00 335.00 0.00 2.79858
4 360.00 0.00 355.00 0.00 320.00 0.00 325.00 0.00 0.186591
4 355.00 0.00 350.00 0.00 325.00 0.00 330.00 0.00 0.515257
4 350.00 0.00 345.00 0.00 335.00 0.00 340.00 0.00 9.99768
4 365.00 0.00 360.00 0.00 320.00 0.00 325.00 0.00 0.125437
4 360.00 0.00 355.00 0.00 325.00 0.00 330.00 0.00 0.339638
4 355.00 0.00 350.00 0.00 330.00 0.00 335.00 0.00 1.26705
4 380.00 0.00 370.00 0.00 310.00 0.00 320.00 0.00 0.073107
4 360.00 0.00 350.00 0.00 330.00 0.00 340.00 0.00 6.70109
4 390.00 0.00 380.00 0.00 300.00 0.00 310.00 0.00 0.0129654
4 370.00 0.00 360.00 0.00 320.00 0.00 330.00 0.00 0.601408
4 390.00 0.00 360.00 0.00 300.00 0.00 330.00 0.00 1.31725
4 360.00 0.00 355.00 0.00 330.00 0.00 335.00 0.00 0.755971
4 355.00 0.00 350.00 0.00 335.00 0.00 340.00 0.00 3.10517
4 370.00 0.00 365.00 0.00 320.00 0.00 325.00 0.00 0.0937323
4 365.00 0.00 360.00 0.00 325.00 0.00 330.00 0.00 0.220931
4 360.00 0.00 355.00 0.00 335.00 0.00 340.00 0.00 1.56649
4 355.00 0.00 350.00 0.00 340.00 0.00 345.00 0.00 12.5438
4 365.00 0.00 360.00 0.00 330.00 0.00 335.00 0.00 0.46961
4 370.00 0.00 365.00 0.00 325.00 0.00 330.00 0.00 0.160486
4 370.00 0.00 360.00 0.00 330.00 0.00 340.00 0.00 2.27554
4 390.00 0.00 380.00 0.00 310.00 0.00 320.00 0.00 0.0335719
4 400.00 0.00 380.00 0.00 300.00 0.00 320.00 0.00 0.0773855
4 380.00 0.00 360.00 0.00 320.00 0.00 340.00 0.00 3.92412
4 400.00 0.00 390.00 0.00 300.00 0.00 310.00 0.00 0.00769188
4 380.00 0.00 370.00 0.00 320.00 0.00 330.00 0.00 0.237578
4 390.00 0.00 370.00 0.00 310.00 0.00 330.00 0.00 0.445248
4 365.00 0.00 360.00 0.00 335.00 0.00 340.00 0.00 0.886298
4 375.00 0.00 370.00 0.00 325.00 0.00 330.00 0.00 0.105249
4 370.00 0.00 365.00 0.00 330.00 0.00 335.00 0.00 0.330298
4 360.00 0.00 355.00 0.00 340.00 0.00 345.00 0.00 4.20123
4 375.00 0.00 370.00 0.00 330.00 0.00 335.00 0.00 0.212262
4 370.00 0.00 365.00 0.00 335.00 0.00 340.00 0.00 0.59097
4 360.00 0.00 355.00 0.00 345.00 0.00 350.00 0.00 15.2395
4 365.00 0.00 360.00 0.00 340.00 0.00 345.00 0.00 1.93065
4 380.00 0.00 370.00 0.00 330.00 0.00 340.00 0.00 0.813397
4 390.00 0.00 380.00 0.00 320.00 0.00 330.00 0.00 0.0998393
4 400.00 0.00 370.00 0.00 310.00 0.00 340.00 0.00 1.85564
4 400.00 0.00 390.00 0.00 310.00 0.00 320.00 0.00 0.0214977
4 370.00 0.00 360.00 0.00 340.00 0.00 350.00 0.00 9.72403
4 365.00 0.00 360.00 0.00 345.00 0.00 350.00 0.00 4.46043
4 380.00 0.00 375.00 0.00 330.00 0.00 335.00 0.00 0.0851027
4 375.00 0.00 370.00 0.00 335.00 0.00 340.00 0.00 0.370968
4 370.00 0.00 365.00 0.00 340.00 0.00 345.00 0.00 1.15403
4 380.00 0.00 375.00 0.00 335.00 0.00 340.00 0.00 0.144469
4 375.00 0.00 370.00 0.00 340.00 0.00 345.00 0.00 0.681135
4 370.00 0.00 365.00 0.00 345.00 0.00 350.00 0.00 2.17375
4 365.00 0.00 360.00 0.00 350.00 0.00 355.00 0.00 16.548
4 390.00 0.00 370.00 0.00 330.00 0.00 350.00 0.00 4.36717
4 380.00 0.00 370.00 0.00 340.00 0.00 350.00 0.00 2.49521
4 400.00 0.00 380.00 0.00 320.00 0.00 340.00 0.00 0.675443
4 390.00 0.00 380.00 0.00 330.00 0.00 340.00 0.00 0.306682
4 400.00 0.00 390.00 0.00 320.00 0.00 330.00 0.00 0.0714274
4 380.00 0.00 375.00 0.00 340.00 0.00 345.00 0.00 0.253733
4 385.00 0.00 380.00 0.00 335.00 0.00 340.00 0.00 0.0992834
4 375.00 0.00 370.00 0.00 345.00 0.00 350.00 0.00 1.16172
4 370.00 0.00 365.00 0.00 350.00 0.00 355.00 0.00 5.31892
4 385.00 0.00 380.00 0.00 340.00 0.00 345.00 0.00 0.165312
4 375.00 0.00 370.00 0.00 350.00 0.00 355.00 0.00 2.37657
4 380.00 0.00 375.00 0.00 345.00 0.00 350.00 0.00 0.399644
4 370.00 0.00 365.00 0.00 355.00 0.00 360.00 0.00 19.6121
4 380.00 0.00 370.00 0.00 350.00 0.00 360.00 0.00 10.8249
4 400.00 0.00 390.00 0.00 330.00 0.00 340.00 0.00 0.197514
4 390.00 0.00 380.00 0.00 340.00 0.00 350.00 0.00 0.752963
4 380.00 0.00 375.00 0.00 350.00 0.00 355.00 0.00 0.714748
4 390.00 0.00 385.00 0.00 340.00 0.00 345.00 0.00 0.144086
4 375.00 0.00 370.00 0.00 355.00 0.00 360.00 0.00 6.24953
4 385.00 0.00 380.00 0.00 345.00 0.00 350.00 0.00 0.240844
4 385.00 0.00 380.00 0.00 350.00 0.00 355.00 0.00 0.383877
4 380.00 0.00 375.00 0.00 355.00 0.00 360.00 0.00 1.48012
4 390.00 0.00 385.00 0.00 345.00 0.00 350.00 0.00 0.201233
4 375.00 0.00 370.00 0.00 360.00 0.00 365.00 0.00 17.3689
4 400.00 0.00 390.00 0.00 340.00 0.00 350.00 0.00 0.426992
4 400.00 0.00 380.00 0.00 340.00 0.00 360.00 0.00 3.86748
4 390.00 0.00 380.00 0.00 350.00 0.00 360.00 0.00 1.85809
4 380.00 0.00 375.00 0.00 360.00 0.00 365.00 0.00 2.87719
4 395.00 0.00 390.00 0.00 345.00 0.00 350.00 0.00 0.136371
4 390.00 0.00 385.00 0.00 350.00 0.00 355.00 0.00 0.304164
4 385.00 0.00 380.00 0.00 355.00 0.00 360.00 0.00 0.679563
4 380.00 0.00 375.00 0.00 365.00 0.00 370.00 0.00 9.77948
4 395.00 0.00 390.00 0.00 350.00 0.00 355.00 0.00 0.192785
4 390.00 0.00 385.00 0.00 355.00 0.00 360.00 0.00 0.49083
4 385.00 0.00 380.00 0.00 360.00 0.00 365.00 0.00 1.05745
4 390.00 0.00 380.00 0.00 360.00 0.00 370.00 0.00 4.98179
4 400.00 0.00 390.00 0.00 350.00 0.00 360.00 0.00 0.831093
4 385.00 0.00 380.00 0.00 365.00 0.00 370.00 0.00 2.10968
4 390.00 0.00 385.00 0.00 360.00 0.00 365.00 0.00 0.687688
4 395.00 0.00 390.00 0.00 355.00 0.00 360.00 0.00 0.288687
4 400.00 0.00 395.00 0.00 350.00 0.00 355.00 0.00 0.143245
4 390.00 0.00 385.00 0.00 365.00 0.00 370.00 0.00 1.12694
4 395.00 0.00 390.00 0.00 360.00 0.00 365.00 0.00 0.376842
4 400.00 0.00 395.00 0.00 355.00 0.00 360.00 0.00 0.204199
4 385.00 0.00 380.00 0.00 370.00 0.00 375.00 0.00 8.47832
4 400.00 0.00 390.00 0.00 360.00 0.00 370.00 0.00 1.50598
4 400.00 0.00 395.00 0.00 360.00 0.00 365.00 0.00 0.249505
4 395.00 0.00 390.00 0.00 365.00 0.00 370.00 0.00 0.548353
4 390.00 0.00 385.00 0.00 370.00 0.00 375.00 0.00 2.40259
4 400.00 0.00 395.00 0.00 365.00 0.00 370.00 0.00 0.330336
4 395.00 0.00 390.00 0.00 370.00 0.00 375.00 0.00 0.910037
4 390.00 0.00 385.00 0.00 375.00 0.00 380.00 0.00 12.4671
4 400.00 0.00 390.00 0.00 370.00 0.00 380.00 0.00 4.87327
4 400.00 0.00 395.00 0.00 370.00 0.00 375.00 0.00 0.465275
4 395.00 0.00 390.00 0.00 375.00 0.00 380.00 0.00 2.58674
4 400.00 0.00 395.00 0.00 375.00 0.00 380.00 0.00 0.919475
4 395.00 0.00 390.00 0.00 380.00 0.00 385.00 0.00 13.8709
4 400.00 0.00 395.00 0.00 380.00 0.00 385.00 0.00 2.97472
4 400.00 0.00 395.00 0.00 385.00 0.00 390.00 0.00 13.2436
Topography in a separate list
2
79
0 0
4.849 0.48
9.622 1.06
14.697 1.968
19.722 2.515
24.592 3.772
29.431 4.702
34.395 5.409
39.343 6.175
44.334 6.828
49.194 7.647
54.085 8.081
59.111 8.432
64.153 8.889
69.14 9.245
74.006 9.611
79.085 10.171
84.022 10.726
88.992 11.27
93.927 11.834
98.948 12.306
104.747 12.838
109.862 13.253
114.716 13.837
118.842 14.322
123.662 15.381
128.538 16.005
133.529 16.786
138.559 17.463
143.373 18.576
148.279 19.537
153.105 20.24
157.996 20.885
162.907 21.54
167.738 22.409
172.648 23.528
177.616 24.402
182.538 24.97
187.399 25.567
192.452 26.164
196.957 27.25
201.592 28.273
208.358 28.7364
212.498 29.1998
217.168 29.6632
221.611 30.1266
227.242 30.59
233.667 31.769
238.502 33.907
241.256 34.703
244.139 34.789
253.957 38.152
260.002 42.775
264.533 44.842
268.988 47.58
275.532 49.219
278.216 50.4195
283.591 51.62
289.96 51.094
294.801 54.365
298.201 54.375
303.613 53.475
309.224 54.0825
313.849 54.69
318.752 56.49
324.798 55.632
329.007 54.933
333.541 59.334
338.324 61.345
343.449 63.005
348.284 65.478
350.571 67.951
355.167 71.281
359.581 70.619
363.705 72.575
370.441 72.656
373.974 75.579
377.484 78.85
381.352 81.392
0
0
0
0
0
0


