Project6 Dipole-Dipole_1
2.50
11
3
Type of measurement (0=app.resistivity,1=resistance)
1
1469
2
0
4 7.50 0.00 5.00 0.00 0.00 0.00 2.50 0.00 11.6716
4 10.00 0.00 7.50 0.00 0.00 0.00 2.50 0.00 4.46714
4 10.00 0.00 7.50 0.00 2.50 0.00 5.00 0.00 18.7333
4 12.50 0.00 10.00 0.00 0.00 0.00 2.50 0.00 1.40493
4 12.50 0.00 10.00 0.00 2.50 0.00 5.00 0.00 3.34069
4 15.00 0.00 12.50 0.00 0.00 0.00 2.50 0.00 0.833251
4 15.00 0.00 10.00 0.00 0.00 0.00 5.00 0.00 7.19058
4 12.50 0.00 10.00 0.00 5.00 0.00 7.50 0.00 12.3108
4 15.00 0.00 12.50 0.00 2.50 0.00 5.00 0.00 1.61062
4 17.50 0.00 15.00 0.00 0.00 0.00 2.50 0.00 0.543018
4 15.00 0.00 12.50 0.00 5.00 0.00 7.50 0.00 3.41912
4 20.00 0.00 17.50 0.00 0.00 0.00 2.50 0.00 0.390561
4 17.50 0.00 15.00 0.00 2.50 0.00 5.00 0.00 0.912474
4 20.00 0.00 15.00 0.00 0.00 0.00 5.00 0.00 2.46607
4 15.00 0.00 12.50 0.00 7.50 0.00 10.00 0.00 19.0627
4 17.50 0.00 15.00 0.00 5.00 0.00 7.50 0.00 1.46134
4 20.00 0.00 17.50 0.00 2.50 0.00 5.00 0.00 0.619102
4 22.50 0.00 20.00 0.00 0.00 0.00 2.50 0.00 0.258065
4 20.00 0.00 17.50 0.00 5.00 0.00 7.50 0.00 0.871216
4 22.50 0.00 20.00 0.00 2.50 0.00 5.00 0.00 0.390343
4 25.00 0.00 22.50 0.00 0.00 0.00 2.50 0.00 0.131826
4 17.50 0.00 15.00 0.00 7.50 0.00 10.00 0.00 4.55627
4 25.00 0.00 20.00 0.00 0.00 0.00 5.00 0.00 0.970319
4 20.00 0.00 15.00 0.00 5.00 0.00 10.00 0.00 9.07986
4 22.50 0.00 20.00 0.00 5.00 0.00 7.50 0.00 0.50521
4 25.00 0.00 22.50 0.00 2.50 0.00 5.00 0.00 0.189605
4 17.50 0.00 15.00 0.00 10.00 0.00 12.50 0.00 14.5603
4 20.00 0.00 17.50 0.00 7.50 0.00 10.00 0.00 2.19748
4 25.00 0.00 22.50 0.00 5.00 0.00 7.50 0.00 0.234067
4 27.50 0.00 25.00 0.00 2.50 0.00 5.00 0.00 0.204568
4 22.50 0.00 20.00 0.00 7.50 0.00 10.00 0.00 1.14236
4 25.00 0.00 20.00 0.00 5.00 0.00 10.00 0.00 2.37014
4 20.00 0.00 17.50 0.00 10.00 0.00 12.50 0.00 4.18265
4 30.00 0.00 20.00 0.00 0.00 0.00 10.00 0.00 5.00933
4 30.00 0.00 25.00 0.00 0.00 0.00 5.00 0.00 0.564401
4 20.00 0.00 17.50 0.00 12.50 0.00 15.00 0.00 17.1274
4 22.50 0.00 20.00 0.00 10.00 0.00 12.50 0.00 1.77236
4 27.50 0.00 25.00 0.00 5.00 0.00 7.50 0.00 0.236973
4 25.00 0.00 22.50 0.00 7.50 0.00 10.00 0.00 0.489291
4 22.50 0.00 20.00 0.00 12.50 0.00 15.00 0.00 4.62364
4 27.50 0.00 25.00 0.00 7.50 0.00 10.00 0.00 0.468568
4 30.00 0.00 27.50 0.00 5.00 0.00 7.50 0.00 0.138046
4 25.00 0.00 22.50 0.00 10.00 0.00 12.50 0.00 0.665431
4 35.00 0.00 30.00 0.00 0.00 0.00 5.00 0.00 0.329649
4 30.00 0.00 25.00 0.00 5.00 0.00 10.00 0.00 1.10376
4 25.00 0.00 20.00 0.00 10.00 0.00 15.00 0.00 8.4639
4 22.50 0.00 20.00 0.00 15.00 0.00 17.50 0.00 17.2538
4 25.00 0.00 22.50 0.00 12.50 0.00 15.00 0.00 1.40462
4 27.50 0.00 25.00 0.00 10.00 0.00 12.50 0.00 0.593713
4 30.00 0.00 27.50 0.00 7.50 0.00 10.00 0.00 0.260225
4 25.00 0.00 22.50 0.00 15.00 0.00 17.50 0.00 3.60582
4 27.50 0.00 25.00 0.00 12.50 0.00 15.00 0.00 1.10281
4 30.00 0.00 27.50 0.00 10.00 0.00 12.50 0.00 0.307615
4 32.50 0.00 30.00 0.00 7.50 0.00 10.00 0.00 0.20461
4 35.00 0.00 25.00 0.00 5.00 0.00 15.00 0.00 5.18618
4 40.00 0.00 30.00 0.00 0.00 0.00 10.00 0.00 1.38043
4 40.00 0.00 35.00 0.00 0.00 0.00 5.00 0.00 0.199881
4 35.00 0.00 30.00 0.00 5.00 0.00 10.00 0.00 0.549104
4 30.00 0.00 25.00 0.00 10.00 0.00 15.00 0.00 2.53415
4 27.50 0.00 25.00 0.00 15.00 0.00 17.50 0.00 2.35544
4 30.00 0.00 27.50 0.00 12.50 0.00 15.00 0.00 0.529646
4 32.50 0.00 30.00 0.00 10.00 0.00 12.50 0.00 0.229857
4 25.00 0.00 22.50 0.00 17.50 0.00 20.00 0.00 13.6324
4 32.50 0.00 30.00 0.00 12.50 0.00 15.00 0.00 0.367214
4 30.00 0.00 27.50 0.00 15.00 0.00 17.50 0.00 1.01185
4 35.00 0.00 32.50 0.00 10.00 0.00 12.50 0.00 0.159308
4 30.00 0.00 25.00 0.00 15.00 0.00 20.00 0.00 11.1107
4 27.50 0.00 25.00 0.00 17.50 0.00 20.00 0.00 5.68503
4 45.00 0.00 30.00 0.00 0.00 0.00 15.00 0.00 3.60653
4 45.00 0.00 40.00 0.00 0.00 0.00 5.00 0.00 0.169908
4 40.00 0.00 35.00 0.00 5.00 0.00 10.00 0.00 0.302128
4 35.00 0.00 30.00 0.00 10.00 0.00 15.00 0.00 0.998283
4 27.50 0.00 25.00 0.00 20.00 0.00 22.50 0.00 21.0619
4 30.00 0.00 27.50 0.00 17.50 0.00 20.00 0.00 2.02918
4 32.50 0.00 30.00 0.00 15.00 0.00 17.50 0.00 0.64727
4 35.00 0.00 32.50 0.00 12.50 0.00 15.00 0.00 0.241432
4 30.00 0.00 27.50 0.00 20.00 0.00 22.50 0.00 4.90164
4 32.50 0.00 30.00 0.00 17.50 0.00 20.00 0.00 1.14461
4 35.00 0.00 32.50 0.00 15.00 0.00 17.50 0.00 0.399724
4 40.00 0.00 30.00 0.00 10.00 0.00 20.00 0.00 5.38532
4 35.00 0.00 30.00 0.00 15.00 0.00 20.00 0.00 2.84367
4 45.00 0.00 35.00 0.00 5.00 0.00 15.00 0.00 1.36054
4 50.00 0.00 45.00 0.00 0.00 0.00 5.00 0.00 0.109
4 45.00 0.00 40.00 0.00 5.00 0.00 10.00 0.00 0.241193
4 40.00 0.00 35.00 0.00 10.00 0.00 15.00 0.00 0.47366
4 50.00 0.00 40.00 0.00 0.00 0.00 10.00 0.00 0.671035
4 37.50 0.00 35.00 0.00 12.50 0.00 15.00 0.00 0.171238
4 32.50 0.00 30.00 0.00 20.00 0.00 22.50 0.00 2.17557
4 37.50 0.00 35.00 0.00 15.00 0.00 17.50 0.00 0.267104
4 30.00 0.00 27.50 0.00 22.50 0.00 25.00 0.00 12.3584
4 35.00 0.00 32.50 0.00 17.50 0.00 20.00 0.00 0.65284
4 32.50 0.00 30.00 0.00 22.50 0.00 25.00 0.00 3.83617
4 35.00 0.00 32.50 0.00 20.00 0.00 22.50 0.00 1.08897
4 37.50 0.00 35.00 0.00 17.50 0.00 20.00 0.00 0.40844
4 50.00 0.00 45.00 0.00 5.00 0.00 10.00 0.00 0.150526
4 40.00 0.00 37.50 0.00 15.00 0.00 17.50 0.00 0.161751
4 50.00 0.00 35.00 0.00 5.00 0.00 20.00 0.00 3.81189
4 45.00 0.00 40.00 0.00 10.00 0.00 15.00 0.00 0.343426
4 40.00 0.00 35.00 0.00 15.00 0.00 20.00 0.00 1.07099
4 35.00 0.00 30.00 0.00 20.00 0.00 25.00 0.00 8.7055
4 37.50 0.00 35.00 0.00 20.00 0.00 22.50 0.00 0.620138
4 40.00 0.00 37.50 0.00 17.50 0.00 20.00 0.00 0.232936
4 32.50 0.00 30.00 0.00 25.00 0.00 27.50 0.00 24.8028
4 35.00 0.00 32.50 0.00 22.50 0.00 25.00 0.00 1.58419
4 35.00 0.00 32.50 0.00 25.00 0.00 27.50 0.00 6.70859
4 40.00 0.00 37.50 0.00 20.00 0.00 22.50 0.00 0.326928
4 42.50 0.00 40.00 0.00 17.50 0.00 20.00 0.00 0.244698
4 60.00 0.00 50.00 0.00 0.00 0.00 10.00 0.00 0.331908
4 40.00 0.00 35.00 0.00 20.00 0.00 25.00 0.00 2.11057
4 55.00 0.00 45.00 0.00 5.00 0.00 15.00 0.00 0.619139
4 60.00 0.00 45.00 0.00 0.00 0.00 15.00 0.00 1.03478
4 37.50 0.00 35.00 0.00 22.50 0.00 25.00 0.00 0.789437
4 60.00 0.00 40.00 0.00 0.00 0.00 20.00 0.00 3.21761
4 50.00 0.00 40.00 0.00 10.00 0.00 20.00 0.00 1.57303
4 50.00 0.00 45.00 0.00 10.00 0.00 15.00 0.00 0.203259
4 45.00 0.00 35.00 0.00 15.00 0.00 25.00 0.00 4.86279
4 45.00 0.00 40.00 0.00 15.00 0.00 20.00 0.00 0.666329
4 55.00 0.00 50.00 0.00 5.00 0.00 10.00 0.00 0.114762
4 35.00 0.00 32.50 0.00 27.50 0.00 30.00 0.00 19.4556
4 37.50 0.00 35.00 0.00 25.00 0.00 27.50 0.00 2.68089
4 42.50 0.00 40.00 0.00 20.00 0.00 22.50 0.00 0.323687
4 40.00 0.00 37.50 0.00 22.50 0.00 25.00 0.00 0.373807
4 37.50 0.00 35.00 0.00 27.50 0.00 30.00 0.00 5.72515
4 40.00 0.00 37.50 0.00 25.00 0.00 27.50 0.00 1.06864
4 42.50 0.00 40.00 0.00 22.50 0.00 25.00 0.00 0.337088
4 45.00 0.00 42.50 0.00 20.00 0.00 22.50 0.00 0.177569
4 55.00 0.00 40.00 0.00 10.00 0.00 25.00 0.00 3.77995
4 40.00 0.00 35.00 0.00 25.00 0.00 30.00 0.00 11.3759
4 55.00 0.00 50.00 0.00 10.00 0.00 15.00 0.00 0.149538
4 50.00 0.00 45.00 0.00 15.00 0.00 20.00 0.00 0.360138
4 45.00 0.00 40.00 0.00 20.00 0.00 25.00 0.00 1.01596
4 42.50 0.00 40.00 0.00 25.00 0.00 27.50 0.00 0.857026
4 40.00 0.00 37.50 0.00 27.50 0.00 30.00 0.00 1.87611
4 45.00 0.00 42.50 0.00 22.50 0.00 25.00 0.00 0.176386
4 37.50 0.00 35.00 0.00 30.00 0.00 32.50 0.00 22.2146
4 45.00 0.00 42.50 0.00 25.00 0.00 27.50 0.00 0.406181
4 47.50 0.00 45.00 0.00 22.50 0.00 25.00 0.00 0.127712
4 45.00 0.00 40.00 0.00 25.00 0.00 30.00 0.00 3.11167
4 55.00 0.00 45.00 0.00 15.00 0.00 25.00 0.00 1.40155
4 65.00 0.00 50.00 0.00 5.00 0.00 20.00 0.00 1.04652
4 60.00 0.00 55.00 0.00 10.00 0.00 15.00 0.00 0.0908863
4 70.00 0.00 60.00 0.00 0.00 0.00 10.00 0.00 0.170662
4 65.00 0.00 45.00 0.00 5.00 0.00 25.00 0.00 2.83737
4 65.00 0.00 55.00 0.00 5.00 0.00 15.00 0.00 0.279251
4 40.00 0.00 37.50 0.00 30.00 0.00 32.50 0.00 5.17988
4 60.00 0.00 50.00 0.00 10.00 0.00 20.00 0.00 0.641839
4 55.00 0.00 50.00 0.00 15.00 0.00 20.00 0.00 0.25408
4 50.00 0.00 40.00 0.00 20.00 0.00 30.00 0.00 5.69017
4 42.50 0.00 40.00 0.00 27.50 0.00 30.00 0.00 1.2924
4 50.00 0.00 45.00 0.00 20.00 0.00 25.00 0.00 0.478274
4 45.00 0.00 42.50 0.00 27.50 0.00 30.00 0.00 0.552679
4 47.50 0.00 45.00 0.00 25.00 0.00 27.50 0.00 0.272543
4 40.00 0.00 37.50 0.00 32.50 0.00 35.00 0.00 16.7507
4 42.50 0.00 40.00 0.00 30.00 0.00 32.50 0.00 2.94212
4 45.00 0.00 42.50 0.00 30.00 0.00 32.50 0.00 1.09942
4 47.50 0.00 45.00 0.00 27.50 0.00 30.00 0.00 0.344982
4 50.00 0.00 47.50 0.00 25.00 0.00 27.50 0.00 0.21506
4 42.50 0.00 40.00 0.00 32.50 0.00 35.00 0.00 6.53794
4 75.00 0.00 60.00 0.00 0.00 0.00 15.00 0.00 0.382944
4 75.00 0.00 50.00 0.00 0.00 0.00 25.00 0.00 2.34827
4 50.00 0.00 45.00 0.00 25.00 0.00 30.00 0.00 1.08874
4 60.00 0.00 45.00 0.00 15.00 0.00 30.00 0.00 3.7173
4 60.00 0.00 55.00 0.00 15.00 0.00 20.00 0.00 0.147938
4 55.00 0.00 50.00 0.00 20.00 0.00 25.00 0.00 0.309934
4 45.00 0.00 40.00 0.00 30.00 0.00 35.00 0.00 12.609
4 47.50 0.00 45.00 0.00 30.00 0.00 32.50 0.00 0.623397
4 42.50 0.00 40.00 0.00 35.00 0.00 37.50 0.00 23.4082
4 45.00 0.00 42.50 0.00 32.50 0.00 35.00 0.00 2.00935
4 50.00 0.00 47.50 0.00 27.50 0.00 30.00 0.00 0.254835
4 52.50 0.00 50.00 0.00 27.50 0.00 30.00 0.00 0.181794
4 50.00 0.00 47.50 0.00 30.00 0.00 32.50 0.00 0.429826
4 47.50 0.00 45.00 0.00 32.50 0.00 35.00 0.00 1.01042
4 75.00 0.00 65.00 0.00 5.00 0.00 15.00 0.00 0.166148
4 70.00 0.00 50.00 0.00 10.00 0.00 30.00 0.00 2.86656
4 65.00 0.00 55.00 0.00 15.00 0.00 25.00 0.00 0.536467
4 70.00 0.00 55.00 0.00 10.00 0.00 25.00 0.00 0.914499
4 80.00 0.00 70.00 0.00 0.00 0.00 10.00 0.00 0.0977575
4 60.00 0.00 50.00 0.00 20.00 0.00 30.00 0.00 1.39206
4 70.00 0.00 60.00 0.00 10.00 0.00 20.00 0.00 0.298472
4 45.00 0.00 42.50 0.00 35.00 0.00 37.50 0.00 5.01103
4 50.00 0.00 45.00 0.00 30.00 0.00 35.00 0.00 2.70025
4 65.00 0.00 60.00 0.00 15.00 0.00 20.00 0.00 0.101896
4 60.00 0.00 55.00 0.00 20.00 0.00 25.00 0.00 0.173512
4 55.00 0.00 45.00 0.00 25.00 0.00 35.00 0.00 5.5303
4 55.00 0.00 50.00 0.00 25.00 0.00 30.00 0.00 0.601972
4 80.00 0.00 60.00 0.00 0.00 0.00 20.00 0.00 0.72999
4 50.00 0.00 47.50 0.00 32.50 0.00 35.00 0.00 0.634039
4 45.00 0.00 42.50 0.00 37.50 0.00 40.00 0.00 14.3986
4 47.50 0.00 45.00 0.00 35.00 0.00 37.50 0.00 2.1131
4 52.50 0.00 50.00 0.00 30.00 0.00 32.50 0.00 0.286883
4 52.50 0.00 50.00 0.00 32.50 0.00 35.00 0.00 0.392004
4 55.00 0.00 52.50 0.00 30.00 0.00 32.50 0.00 0.203501
4 65.00 0.00 60.00 0.00 20.00 0.00 25.00 0.00 0.114381
4 80.00 0.00 55.00 0.00 5.00 0.00 30.00 0.00 2.20521
4 60.00 0.00 55.00 0.00 25.00 0.00 30.00 0.00 0.305197
4 47.50 0.00 45.00 0.00 37.50 0.00 40.00 0.00 4.42861
4 50.00 0.00 47.50 0.00 35.00 0.00 37.50 0.00 1.15841
4 80.00 0.00 65.00 0.00 5.00 0.00 20.00 0.00 0.393923
4 50.00 0.00 45.00 0.00 35.00 0.00 40.00 0.00 9.77126
4 55.00 0.00 50.00 0.00 30.00 0.00 35.00 0.00 1.14313
4 65.00 0.00 50.00 0.00 20.00 0.00 35.00 0.00 3.62176
4 50.00 0.00 47.50 0.00 37.50 0.00 40.00 0.00 2.0504
4 52.50 0.00 50.00 0.00 35.00 0.00 37.50 0.00 0.638607
4 55.00 0.00 52.50 0.00 32.50 0.00 35.00 0.00 0.260038
4 47.50 0.00 45.00 0.00 40.00 0.00 42.50 0.00 26.5853
4 52.50 0.00 50.00 0.00 37.50 0.00 40.00 0.00 0.973356
4 55.00 0.00 52.50 0.00 35.00 0.00 37.50 0.00 0.38432
4 57.50 0.00 55.00 0.00 32.50 0.00 35.00 0.00 0.164198
4 50.00 0.00 47.50 0.00 40.00 0.00 42.50 0.00 8.30098
4 75.00 0.00 60.00 0.00 15.00 0.00 30.00 0.00 0.940068
4 85.00 0.00 75.00 0.00 5.00 0.00 15.00 0.00 0.0932615
4 70.00 0.00 60.00 0.00 20.00 0.00 30.00 0.00 0.537367
4 90.00 0.00 80.00 0.00 0.00 0.00 10.00 0.00 0.0657634
4 90.00 0.00 75.00 0.00 0.00 0.00 15.00 0.00 0.17325
4 85.00 0.00 65.00 0.00 5.00 0.00 25.00 0.00 0.708977
4 60.00 0.00 55.00 0.00 30.00 0.00 35.00 0.00 0.499884
4 65.00 0.00 60.00 0.00 25.00 0.00 30.00 0.00 0.190177
4 80.00 0.00 70.00 0.00 10.00 0.00 20.00 0.00 0.163183
4 75.00 0.00 55.00 0.00 15.00 0.00 35.00 0.00 2.6901
4 70.00 0.00 65.00 0.00 20.00 0.00 25.00 0.00 0.0899655
4 65.00 0.00 55.00 0.00 25.00 0.00 35.00 0.00 1.28115
4 60.00 0.00 50.00 0.00 30.00 0.00 40.00 0.00 4.98444
4 55.00 0.00 50.00 0.00 35.00 0.00 40.00 0.00 2.51698
4 75.00 0.00 65.00 0.00 15.00 0.00 25.00 0.00 0.29147
4 55.00 0.00 52.50 0.00 37.50 0.00 40.00 0.00 0.518506
4 50.00 0.00 47.50 0.00 42.50 0.00 45.00 0.00 23.2781
4 57.50 0.00 55.00 0.00 35.00 0.00 37.50 0.00 0.228962
4 52.50 0.00 50.00 0.00 40.00 0.00 42.50 0.00 3.22447
4 52.50 0.00 50.00 0.00 42.50 0.00 45.00 0.00 6.52881
4 55.00 0.00 52.50 0.00 40.00 0.00 42.50 0.00 1.44325
4 57.50 0.00 55.00 0.00 37.50 0.00 40.00 0.00 0.285183
4 60.00 0.00 57.50 0.00 35.00 0.00 37.50 0.00 0.144781
4 65.00 0.00 60.00 0.00 30.00 0.00 35.00 0.00 0.285366
4 85.00 0.00 70.00 0.00 10.00 0.00 25.00 0.00 0.36857
4 55.00 0.00 50.00 0.00 40.00 0.00 45.00 0.00 13.6081
4 70.00 0.00 55.00 0.00 25.00 0.00 40.00 0.00 3.12238
4 70.00 0.00 65.00 0.00 25.00 0.00 30.00 0.00 0.142758
4 60.00 0.00 55.00 0.00 35.00 0.00 40.00 0.00 0.828815
4 85.00 0.00 60.00 0.00 10.00 0.00 35.00 0.00 2.21353
4 55.00 0.00 52.50 0.00 42.50 0.00 45.00 0.00 2.38739
4 57.50 0.00 55.00 0.00 40.00 0.00 42.50 0.00 0.698826
4 60.00 0.00 57.50 0.00 37.50 0.00 40.00 0.00 0.16994
4 52.50 0.00 50.00 0.00 45.00 0.00 47.50 0.00 21.831
4 55.00 0.00 52.50 0.00 45.00 0.00 47.50 0.00 5.87481
4 62.50 0.00 60.00 0.00 37.50 0.00 40.00 0.00 0.114204
4 75.00 0.00 65.00 0.00 25.00 0.00 35.00 0.00 0.57876
4 85.00 0.00 75.00 0.00 15.00 0.00 25.00 0.00 0.156893
4 95.00 0.00 80.00 0.00 5.00 0.00 20.00 0.00 0.17796
4 100.00 0.00 75.00 0.00 0.00 0.00 25.00 0.00 0.476867
4 90.00 0.00 80.00 0.00 10.00 0.00 20.00 0.00 0.10408
4 95.00 0.00 85.00 0.00 5.00 0.00 15.00 0.00 0.0539638
4 100.00 0.00 90.00 0.00 0.00 0.00 10.00 0.00 0.0265081
4 80.00 0.00 60.00 0.00 20.00 0.00 40.00 0.00 2.4543
4 65.00 0.00 60.00 0.00 35.00 0.00 40.00 0.00 0.404442
4 60.00 0.00 57.50 0.00 40.00 0.00 42.50 0.00 0.375066
4 80.00 0.00 65.00 0.00 20.00 0.00 35.00 0.00 0.924854
4 75.00 0.00 70.00 0.00 25.00 0.00 30.00 0.00 0.098038
4 70.00 0.00 60.00 0.00 30.00 0.00 40.00 0.00 1.15639
4 70.00 0.00 65.00 0.00 30.00 0.00 35.00 0.00 0.201748
4 80.00 0.00 70.00 0.00 20.00 0.00 30.00 0.00 0.268465
4 60.00 0.00 55.00 0.00 40.00 0.00 45.00 0.00 2.54659
4 57.50 0.00 55.00 0.00 42.50 0.00 45.00 0.00 0.997978
4 90.00 0.00 70.00 0.00 10.00 0.00 30.00 0.00 0.70556
4 65.00 0.00 55.00 0.00 35.00 0.00 45.00 0.00 4.66671
4 100.00 0.00 80.00 0.00 0.00 0.00 20.00 0.00 0.236542
4 55.00 0.00 52.50 0.00 47.50 0.00 50.00 0.00 20.5801
4 60.00 0.00 57.50 0.00 42.50 0.00 45.00 0.00 0.472984
4 62.50 0.00 60.00 0.00 40.00 0.00 42.50 0.00 0.231159
4 57.50 0.00 55.00 0.00 45.00 0.00 47.50 0.00 2.08161
4 60.00 0.00 57.50 0.00 45.00 0.00 47.50 0.00 0.858241
4 62.50 0.00 60.00 0.00 42.50 0.00 45.00 0.00 0.263165
4 90.00 0.00 65.00 0.00 15.00 0.00 40.00 0.00 2.14857
4 90.00 0.00 75.00 0.00 15.00 0.00 30.00 0.00 0.374593
4 65.00 0.00 60.00 0.00 40.00 0.00 45.00 0.00 0.88812
4 75.00 0.00 60.00 0.00 30.00 0.00 45.00 0.00 3.12733
4 60.00 0.00 55.00 0.00 45.00 0.00 50.00 0.00 10.5093
4 105.00 0.00 90.00 0.00 0.00 0.00 15.00 0.00 0.0511186
4 75.00 0.00 70.00 0.00 30.00 0.00 35.00 0.00 0.134982
4 65.00 0.00 62.50 0.00 40.00 0.00 42.50 0.00 0.19068
4 70.00 0.00 65.00 0.00 35.00 0.00 40.00 0.00 0.264808
4 57.50 0.00 55.00 0.00 47.50 0.00 50.00 0.00 5.63164
4 57.50 0.00 55.00 0.00 50.00 0.00 52.50 0.00 19.7884
4 62.50 0.00 60.00 0.00 45.00 0.00 47.50 0.00 0.425786
4 65.00 0.00 62.50 0.00 42.50 0.00 45.00 0.00 0.200684
4 60.00 0.00 57.50 0.00 47.50 0.00 50.00 0.00 1.92432
4 62.50 0.00 60.00 0.00 47.50 0.00 50.00 0.00 0.804593
4 65.00 0.00 62.50 0.00 45.00 0.00 47.50 0.00 0.290845
4 75.00 0.00 65.00 0.00 35.00 0.00 45.00 0.00 1.21343
4 100.00 0.00 85.00 0.00 10.00 0.00 25.00 0.00 0.137534
4 90.00 0.00 80.00 0.00 20.00 0.00 30.00 0.00 0.164405
4 105.00 0.00 95.00 0.00 5.00 0.00 15.00 0.00 0.0162225
4 85.00 0.00 70.00 0.00 25.00 0.00 40.00 0.00 0.882333
4 105.00 0.00 85.00 0.00 5.00 0.00 25.00 0.00 0.182116
4 105.00 0.00 80.00 0.00 5.00 0.00 30.00 0.00 0.446626
4 95.00 0.00 85.00 0.00 15.00 0.00 25.00 0.00 0.0851757
4 100.00 0.00 90.00 0.00 10.00 0.00 20.00 0.00 0.0412738
4 95.00 0.00 75.00 0.00 15.00 0.00 35.00 0.00 0.684562
4 60.00 0.00 57.50 0.00 50.00 0.00 52.50 0.00 5.03465
4 85.00 0.00 65.00 0.00 25.00 0.00 45.00 0.00 2.59284
4 85.00 0.00 75.00 0.00 25.00 0.00 35.00 0.00 0.286327
4 80.00 0.00 70.00 0.00 30.00 0.00 40.00 0.00 0.493641
4 75.00 0.00 70.00 0.00 35.00 0.00 40.00 0.00 0.166018
4 70.00 0.00 65.00 0.00 40.00 0.00 45.00 0.00 0.494505
4 65.00 0.00 60.00 0.00 45.00 0.00 50.00 0.00 2.01959
4 70.00 0.00 60.00 0.00 40.00 0.00 50.00 0.00 4.22603
4 80.00 0.00 75.00 0.00 30.00 0.00 35.00 0.00 0.0857961
4 67.50 0.00 65.00 0.00 42.50 0.00 45.00 0.00 0.144424
4 62.50 0.00 60.00 0.00 50.00 0.00 52.50 0.00 1.73463
4 65.00 0.00 62.50 0.00 47.50 0.00 50.00 0.00 0.49403
4 60.00 0.00 57.50 0.00 52.50 0.00 55.00 0.00 19.6852
4 67.50 0.00 65.00 0.00 45.00 0.00 47.50 0.00 0.193431
4 62.50 0.00 60.00 0.00 52.50 0.00 55.00 0.00 4.71121
4 67.50 0.00 65.00 0.00 47.50 0.00 50.00 0.00 0.304472
4 80.00 0.00 65.00 0.00 35.00 0.00 50.00 0.00 2.9663
4 110.00 0.00 95.00 0.00 5.00 0.00 20.00 0.00 0.0383773
4 95.00 0.00 80.00 0.00 20.00 0.00 35.00 0.00 0.370816
4 65.00 0.00 62.50 0.00 50.00 0.00 52.50 0.00 0.892364
4 95.00 0.00 70.00 0.00 20.00 0.00 45.00 0.00 2.08676
4 70.00 0.00 67.50 0.00 45.00 0.00 47.50 0.00 0.131065
4 80.00 0.00 75.00 0.00 35.00 0.00 40.00 0.00 0.10487
4 65.00 0.00 60.00 0.00 50.00 0.00 55.00 0.00 9.23592
4 70.00 0.00 65.00 0.00 45.00 0.00 50.00 0.00 0.828489
4 75.00 0.00 70.00 0.00 40.00 0.00 45.00 0.00 0.287608
4 62.50 0.00 60.00 0.00 55.00 0.00 57.50 0.00 13.6189
4 67.50 0.00 65.00 0.00 50.00 0.00 52.50 0.00 0.492685
4 70.00 0.00 67.50 0.00 47.50 0.00 50.00 0.00 0.197015
4 65.00 0.00 62.50 0.00 52.50 0.00 55.00 0.00 1.88202
4 67.50 0.00 65.00 0.00 52.50 0.00 55.00 0.00 0.888717
4 90.00 0.00 75.00 0.00 30.00 0.00 45.00 0.00 0.890219
4 95.00 0.00 85.00 0.00 25.00 0.00 35.00 0.00 0.15204
4 100.00 0.00 80.00 0.00 20.00 0.00 40.00 0.00 0.61356
4 105.00 0.00 95.00 0.00 15.00 0.00 25.00 0.00 0.0253235
4 75.00 0.00 65.00 0.00 45.00 0.00 55.00 0.00 4.22721
4 110.00 0.00 100.00 0.00 10.00 0.00 20.00 0.00 0.0156062
4 110.00 0.00 90.00 0.00 10.00 0.00 30.00 0.00 0.141147
4 120.00 0.00 105.00 0.00 0.00 0.00 15.00 0.00 0.0155001
4 90.00 0.00 80.00 0.00 30.00 0.00 40.00 0.00 0.282365
4 75.00 0.00 70.00 0.00 45.00 0.00 50.00 0.00 0.418071
4 65.00 0.00 62.50 0.00 55.00 0.00 57.50 0.00 3.74475
4 105.00 0.00 90.00 0.00 15.00 0.00 30.00 0.00 0.103999
4 110.00 0.00 85.00 0.00 10.00 0.00 35.00 0.00 0.369224
4 90.00 0.00 70.00 0.00 30.00 0.00 50.00 0.00 2.43721
4 85.00 0.00 75.00 0.00 35.00 0.00 45.00 0.00 0.515474
4 85.00 0.00 80.00 0.00 35.00 0.00 40.00 0.00 0.0903151
4 120.00 0.00 100.00 0.00 0.00 0.00 20.00 0.00 0.0378129
4 80.00 0.00 70.00 0.00 40.00 0.00 50.00 0.00 1.10973
4 72.50 0.00 70.00 0.00 47.50 0.00 50.00 0.00 0.14392
4 70.00 0.00 65.00 0.00 50.00 0.00 55.00 0.00 2.14328
4 80.00 0.00 75.00 0.00 40.00 0.00 45.00 0.00 0.172567
4 70.00 0.00 67.50 0.00 50.00 0.00 52.50 0.00 0.290835
4 100.00 0.00 90.00 0.00 20.00 0.00 30.00 0.00 0.0629736
4 72.50 0.00 70.00 0.00 50.00 0.00 52.50 0.00 0.200941
4 70.00 0.00 67.50 0.00 52.50 0.00 55.00 0.00 0.467831
4 65.00 0.00 62.50 0.00 57.50 0.00 60.00 0.00 12.3186
4 67.50 0.00 65.00 0.00 55.00 0.00 57.50 0.00 1.42197
4 70.00 0.00 67.50 0.00 55.00 0.00 57.50 0.00 0.654508
4 72.50 0.00 70.00 0.00 52.50 0.00 55.00 0.00 0.302849
4 85.00 0.00 70.00 0.00 40.00 0.00 55.00 0.00 3.03294
4 100.00 0.00 75.00 0.00 25.00 0.00 50.00 0.00 1.92128
4 125.00 0.00 100.00 0.00 0.00 0.00 25.00 0.00 0.0548296
4 115.00 0.00 100.00 0.00 10.00 0.00 25.00 0.00 0.0323905
4 100.00 0.00 85.00 0.00 25.00 0.00 40.00 0.00 0.295228
4 80.00 0.00 75.00 0.00 45.00 0.00 50.00 0.00 0.231629
4 70.00 0.00 65.00 0.00 55.00 0.00 60.00 0.00 6.15545
4 75.00 0.00 72.50 0.00 50.00 0.00 52.50 0.00 0.137815
4 85.00 0.00 80.00 0.00 40.00 0.00 45.00 0.00 0.145269
4 67.50 0.00 65.00 0.00 57.50 0.00 60.00 0.00 2.99798
4 75.00 0.00 70.00 0.00 50.00 0.00 55.00 0.00 0.840409
4 72.50 0.00 70.00 0.00 55.00 0.00 57.50 0.00 0.387312
4 75.00 0.00 72.50 0.00 52.50 0.00 55.00 0.00 0.199486
4 70.00 0.00 67.50 0.00 57.50 0.00 60.00 0.00 1.05082
4 67.50 0.00 65.00 0.00 60.00 0.00 62.50 0.00 13.2346
4 72.50 0.00 70.00 0.00 57.50 0.00 60.00 0.00 0.545359
4 90.00 0.00 85.00 0.00 40.00 0.00 45.00 0.00 0.0971314
4 90.00 0.00 80.00 0.00 40.00 0.00 50.00 0.00 0.552176
4 75.00 0.00 70.00 0.00 55.00 0.00 60.00 0.00 1.49859
4 95.00 0.00 85.00 0.00 35.00 0.00 45.00 0.00 0.255374
4 105.00 0.00 85.00 0.00 25.00 0.00 45.00 0.00 0.517342
4 115.00 0.00 105.00 0.00 15.00 0.00 25.00 0.00 0.0138521
4 115.00 0.00 90.00 0.00 15.00 0.00 40.00 0.00 0.276509
4 85.00 0.00 75.00 0.00 45.00 0.00 55.00 0.00 1.16792
4 75.00 0.00 72.50 0.00 55.00 0.00 57.50 0.00 0.243761
4 100.00 0.00 90.00 0.00 30.00 0.00 40.00 0.00 0.10308
4 115.00 0.00 95.00 0.00 15.00 0.00 35.00 0.00 0.104532
4 110.00 0.00 95.00 0.00 20.00 0.00 35.00 0.00 0.0722837
4 105.00 0.00 95.00 0.00 25.00 0.00 35.00 0.00 0.0424445
4 85.00 0.00 80.00 0.00 45.00 0.00 50.00 0.00 0.187852
4 95.00 0.00 75.00 0.00 35.00 0.00 55.00 0.00 2.43912
4 80.00 0.00 75.00 0.00 50.00 0.00 55.00 0.00 0.424739
4 110.00 0.00 100.00 0.00 20.00 0.00 30.00 0.00 0.0218104
4 77.50 0.00 75.00 0.00 52.50 0.00 55.00 0.00 0.125832
4 125.00 0.00 105.00 0.00 5.00 0.00 25.00 0.00 0.0332596
4 125.00 0.00 110.00 0.00 5.00 0.00 20.00 0.00 0.0141365
4 95.00 0.00 80.00 0.00 35.00 0.00 50.00 0.00 0.873013
4 80.00 0.00 70.00 0.00 50.00 0.00 60.00 0.00 3.41565
4 70.00 0.00 67.50 0.00 60.00 0.00 62.50 0.00 2.35382
4 75.00 0.00 72.50 0.00 57.50 0.00 60.00 0.00 0.320108
4 77.50 0.00 75.00 0.00 55.00 0.00 57.50 0.00 0.149395
4 72.50 0.00 70.00 0.00 60.00 0.00 62.50 0.00 0.898597
4 70.00 0.00 67.50 0.00 62.50 0.00 65.00 0.00 16.9905
4 90.00 0.00 75.00 0.00 45.00 0.00 60.00 0.00 2.85861
4 90.00 0.00 85.00 0.00 45.00 0.00 50.00 0.00 0.119065
4 120.00 0.00 105.00 0.00 15.00 0.00 30.00 0.00 0.0304297
4 77.50 0.00 75.00 0.00 57.50 0.00 60.00 0.00 0.188374
4 75.00 0.00 70.00 0.00 60.00 0.00 65.00 0.00 5.10803
4 130.00 0.00 105.00 0.00 5.00 0.00 30.00 0.00 0.0528799
4 105.00 0.00 90.00 0.00 30.00 0.00 45.00 0.00 0.220818
4 135.00 0.00 120.00 0.00 0.00 0.00 15.00 0.00 0.00703066
4 85.00 0.00 80.00 0.00 50.00 0.00 55.00 0.00 0.32313
4 105.00 0.00 80.00 0.00 30.00 0.00 55.00 0.00 1.87926
4 80.00 0.00 75.00 0.00 55.00 0.00 60.00 0.00 0.652114
4 75.00 0.00 72.50 0.00 60.00 0.00 62.50 0.00 0.469693
4 72.50 0.00 70.00 0.00 62.50 0.00 65.00 0.00 2.64628
4 80.00 0.00 77.50 0.00 55.00 0.00 57.50 0.00 0.140353
4 75.00 0.00 72.50 0.00 62.50 0.00 65.00 0.00 1.05378
4 80.00 0.00 77.50 0.00 57.50 0.00 60.00 0.00 0.174242
4 72.50 0.00 70.00 0.00 65.00 0.00 67.50 0.00 14.6265
4 77.50 0.00 75.00 0.00 60.00 0.00 62.50 0.00 0.259093
4 90.00 0.00 85.00 0.00 50.00 0.00 55.00 0.00 0.197635
4 100.00 0.00 80.00 0.00 40.00 0.00 60.00 0.00 2.34823
4 105.00 0.00 95.00 0.00 35.00 0.00 45.00 0.00 0.0672525
4 110.00 0.00 90.00 0.00 30.00 0.00 50.00 0.00 0.381073
4 95.00 0.00 85.00 0.00 45.00 0.00 55.00 0.00 0.501627
4 100.00 0.00 85.00 0.00 40.00 0.00 55.00 0.00 0.749588
4 100.00 0.00 90.00 0.00 40.00 0.00 50.00 0.00 0.186146
4 75.00 0.00 72.50 0.00 65.00 0.00 67.50 0.00 2.92415
4 115.00 0.00 105.00 0.00 25.00 0.00 35.00 0.00 0.0224787
4 130.00 0.00 115.00 0.00 10.00 0.00 25.00 0.00 0.0110906
4 120.00 0.00 95.00 0.00 20.00 0.00 45.00 0.00 0.200773
4 90.00 0.00 80.00 0.00 50.00 0.00 60.00 0.00 1.24097
4 140.00 0.00 120.00 0.00 0.00 0.00 20.00 0.00 0.0126866
4 82.50 0.00 80.00 0.00 57.50 0.00 60.00 0.00 0.119344
4 115.00 0.00 100.00 0.00 25.00 0.00 40.00 0.00 0.0606984
4 120.00 0.00 100.00 0.00 20.00 0.00 40.00 0.00 0.0829093
4 85.00 0.00 75.00 0.00 55.00 0.00 65.00 0.00 3.38002
4 85.00 0.00 80.00 0.00 55.00 0.00 60.00 0.00 0.459201
4 120.00 0.00 110.00 0.00 20.00 0.00 30.00 0.00 0.0100948
4 110.00 0.00 100.00 0.00 30.00 0.00 40.00 0.00 0.034086
4 95.00 0.00 90.00 0.00 45.00 0.00 50.00 0.00 0.0714717
4 130.00 0.00 110.00 0.00 10.00 0.00 30.00 0.00 0.029222
4 80.00 0.00 75.00 0.00 60.00 0.00 65.00 0.00 1.42085
4 80.00 0.00 77.50 0.00 60.00 0.00 62.50 0.00 0.23239
4 77.50 0.00 75.00 0.00 62.50 0.00 65.00 0.00 0.511152
4 75.00 0.00 72.50 0.00 67.50 0.00 70.00 0.00 17.35
4 80.00 0.00 77.50 0.00 62.50 0.00 65.00 0.00 0.415162
4 82.50 0.00 80.00 0.00 60.00 0.00 62.50 0.00 0.152451
4 77.50 0.00 75.00 0.00 65.00 0.00 67.50 0.00 1.02883
4 95.00 0.00 80.00 0.00 50.00 0.00 65.00 0.00 3.06932
4 95.00 0.00 90.00 0.00 50.00 0.00 55.00 0.00 0.114256
4 125.00 0.00 110.00 0.00 20.00 0.00 35.00 0.00 0.0243953
4 110.00 0.00 95.00 0.00 35.00 0.00 50.00 0.00 0.148637
4 90.00 0.00 85.00 0.00 55.00 0.00 60.00 0.00 0.266801
4 140.00 0.00 125.00 0.00 5.00 0.00 20.00 0.00 0.00673645
4 135.00 0.00 110.00 0.00 10.00 0.00 35.00 0.00 0.0457805
4 85.00 0.00 80.00 0.00 60.00 0.00 65.00 0.00 0.855095
4 80.00 0.00 75.00 0.00 65.00 0.00 70.00 0.00 6.42271
4 85.00 0.00 82.50 0.00 60.00 0.00 62.50 0.00 0.163269
4 80.00 0.00 77.50 0.00 65.00 0.00 67.50 0.00 0.681876
4 110.00 0.00 85.00 0.00 35.00 0.00 60.00 0.00 1.52212
4 82.50 0.00 80.00 0.00 62.50 0.00 65.00 0.00 0.267645
4 77.50 0.00 75.00 0.00 67.50 0.00 70.00 0.00 3.31574
4 77.50 0.00 75.00 0.00 70.00 0.00 72.50 0.00 16.2406
4 80.00 0.00 77.50 0.00 67.50 0.00 70.00 0.00 1.36303
4 85.00 0.00 82.50 0.00 62.50 0.00 65.00 0.00 0.26952
4 82.50 0.00 80.00 0.00 65.00 0.00 67.50 0.00 0.410014
4 95.00 0.00 90.00 0.00 55.00 0.00 60.00 0.00 0.1476
4 110.00 0.00 100.00 0.00 40.00 0.00 50.00 0.00 0.0579108
4 105.00 0.00 95.00 0.00 45.00 0.00 55.00 0.00 0.117986
4 100.00 0.00 90.00 0.00 50.00 0.00 60.00 0.00 0.36858
4 120.00 0.00 110.00 0.00 30.00 0.00 40.00 0.00 0.0168062
4 145.00 0.00 125.00 0.00 5.00 0.00 25.00 0.00 0.0130953
4 115.00 0.00 95.00 0.00 35.00 0.00 55.00 0.00 0.275489
4 100.00 0.00 95.00 0.00 50.00 0.00 55.00 0.00 0.0342873
4 90.00 0.00 85.00 0.00 60.00 0.00 65.00 0.00 0.467571
4 150.00 0.00 125.00 0.00 0.00 0.00 25.00 0.00 0.0164881
4 150.00 0.00 135.00 0.00 0.00 0.00 15.00 0.00 0.00401137
4 105.00 0.00 85.00 0.00 45.00 0.00 65.00 0.00 1.97661
4 85.00 0.00 80.00 0.00 65.00 0.00 70.00 0.00 2.07253
4 115.00 0.00 105.00 0.00 35.00 0.00 45.00 0.00 0.0337718
4 135.00 0.00 115.00 0.00 15.00 0.00 35.00 0.00 0.0253234
4 125.00 0.00 100.00 0.00 25.00 0.00 50.00 0.00 0.167577
4 135.00 0.00 120.00 0.00 15.00 0.00 30.00 0.00 0.0113293
4 120.00 0.00 105.00 0.00 30.00 0.00 45.00 0.00 0.0564527
4 105.00 0.00 90.00 0.00 45.00 0.00 60.00 0.00 0.541581
4 125.00 0.00 115.00 0.00 25.00 0.00 35.00 0.00 0.00929808
4 82.50 0.00 80.00 0.00 67.50 0.00 70.00 0.00 0.677298
4 125.00 0.00 105.00 0.00 25.00 0.00 45.00 0.00 0.0788588
4 87.50 0.00 85.00 0.00 62.50 0.00 65.00 0.00 0.141245
4 85.00 0.00 82.50 0.00 65.00 0.00 67.50 0.00 0.387934
4 95.00 0.00 85.00 0.00 55.00 0.00 65.00 0.00 1.12781
4 80.00 0.00 77.50 0.00 70.00 0.00 72.50 0.00 3.58032
4 90.00 0.00 80.00 0.00 60.00 0.00 70.00 0.00 4.33051
4 82.50 0.00 80.00 0.00 70.00 0.00 72.50 0.00 1.33751
4 87.50 0.00 85.00 0.00 65.00 0.00 67.50 0.00 0.19834
4 85.00 0.00 82.50 0.00 67.50 0.00 70.00 0.00 0.593314
4 80.00 0.00 77.50 0.00 72.50 0.00 75.00 0.00 11.2664
4 90.00 0.00 85.00 0.00 65.00 0.00 70.00 0.00 0.941362
4 100.00 0.00 95.00 0.00 55.00 0.00 60.00 0.00 0.0720022
4 95.00 0.00 90.00 0.00 60.00 0.00 65.00 0.00 0.246629
4 115.00 0.00 100.00 0.00 40.00 0.00 55.00 0.00 0.145935
4 145.00 0.00 130.00 0.00 10.00 0.00 25.00 0.00 0.00622891
4 140.00 0.00 115.00 0.00 15.00 0.00 40.00 0.00 0.0401576
4 100.00 0.00 85.00 0.00 55.00 0.00 70.00 0.00 2.8463
4 82.50 0.00 80.00 0.00 72.50 0.00 75.00 0.00 2.3723
4 85.00 0.00 80.00 0.00 70.00 0.00 75.00 0.00 6.33326
4 90.00 0.00 87.50 0.00 65.00 0.00 67.50 0.00 0.192567
4 130.00 0.00 115.00 0.00 25.00 0.00 40.00 0.00 0.0197419
4 115.00 0.00 90.00 0.00 40.00 0.00 65.00 0.00 1.19507
4 87.50 0.00 85.00 0.00 67.50 0.00 70.00 0.00 0.286711
4 85.00 0.00 82.50 0.00 70.00 0.00 72.50 0.00 1.0257
4 90.00 0.00 87.50 0.00 67.50 0.00 70.00 0.00 0.264159
4 87.50 0.00 85.00 0.00 70.00 0.00 72.50 0.00 0.456024
4 85.00 0.00 82.50 0.00 72.50 0.00 75.00 0.00 1.54694
4 82.50 0.00 80.00 0.00 75.00 0.00 77.50 0.00 6.4941
4 87.50 0.00 85.00 0.00 72.50 0.00 75.00 0.00 0.632257
4 90.00 0.00 85.00 0.00 70.00 0.00 75.00 0.00 1.9836
4 120.00 0.00 110.00 0.00 40.00 0.00 50.00 0.00 0.0277739
4 105.00 0.00 100.00 0.00 55.00 0.00 60.00 0.00 0.0162777
4 95.00 0.00 85.00 0.00 65.00 0.00 75.00 0.00 4.15501
4 90.00 0.00 87.50 0.00 70.00 0.00 72.50 0.00 0.387833
4 110.00 0.00 90.00 0.00 50.00 0.00 70.00 0.00 1.62318
4 105.00 0.00 95.00 0.00 55.00 0.00 65.00 0.00 0.229168
4 115.00 0.00 105.00 0.00 45.00 0.00 55.00 0.00 0.0559344
4 95.00 0.00 90.00 0.00 65.00 0.00 70.00 0.00 0.449999
4 110.00 0.00 95.00 0.00 50.00 0.00 65.00 0.00 0.378727
4 120.00 0.00 100.00 0.00 40.00 0.00 60.00 0.00 0.224092
4 100.00 0.00 90.00 0.00 60.00 0.00 70.00 0.00 0.955781
4 140.00 0.00 120.00 0.00 20.00 0.00 40.00 0.00 0.0247643
4 130.00 0.00 110.00 0.00 30.00 0.00 50.00 0.00 0.0656422
4 110.00 0.00 100.00 0.00 50.00 0.00 60.00 0.00 0.0977072
4 125.00 0.00 110.00 0.00 35.00 0.00 50.00 0.00 0.0455277
4 125.00 0.00 115.00 0.00 35.00 0.00 45.00 0.00 0.0130258
4 140.00 0.00 125.00 0.00 20.00 0.00 35.00 0.00 0.0122656
4 100.00 0.00 95.00 0.00 60.00 0.00 65.00 0.00 0.09604
4 130.00 0.00 120.00 0.00 30.00 0.00 40.00 0.00 0.00856707
4 150.00 0.00 130.00 0.00 10.00 0.00 30.00 0.00 0.0116419
4 130.00 0.00 105.00 0.00 30.00 0.00 55.00 0.00 0.154545
4 92.50 0.00 90.00 0.00 67.50 0.00 70.00 0.00 0.159566
4 85.00 0.00 82.50 0.00 75.00 0.00 77.50 0.00 2.76855
4 155.00 0.00 130.00 0.00 5.00 0.00 30.00 0.00 0.0172314
4 160.00 0.00 140.00 0.00 0.00 0.00 20.00 0.00 0.00687781
4 155.00 0.00 140.00 0.00 5.00 0.00 20.00 0.00 0.00454259
4 92.50 0.00 90.00 0.00 70.00 0.00 72.50 0.00 0.226284
4 90.00 0.00 87.50 0.00 72.50 0.00 75.00 0.00 0.505172
4 87.50 0.00 85.00 0.00 75.00 0.00 77.50 0.00 0.961524
4 85.00 0.00 82.50 0.00 77.50 0.00 80.00 0.00 31.5734
4 95.00 0.00 90.00 0.00 70.00 0.00 75.00 0.00 0.782291
4 120.00 0.00 105.00 0.00 45.00 0.00 60.00 0.00 0.112101
4 105.00 0.00 90.00 0.00 60.00 0.00 75.00 0.00 2.19282
4 87.50 0.00 85.00 0.00 77.50 0.00 80.00 0.00 6.35689
4 90.00 0.00 87.50 0.00 75.00 0.00 77.50 0.00 0.674851
4 145.00 0.00 120.00 0.00 20.00 0.00 45.00 0.00 0.0407309
4 135.00 0.00 120.00 0.00 30.00 0.00 45.00 0.00 0.0190459
4 120.00 0.00 95.00 0.00 45.00 0.00 70.00 0.00 0.858645
4 105.00 0.00 100.00 0.00 60.00 0.00 65.00 0.00 0.0429129
4 150.00 0.00 135.00 0.00 15.00 0.00 30.00 0.00 0.0072858
4 95.00 0.00 92.50 0.00 70.00 0.00 72.50 0.00 0.129661
4 100.00 0.00 95.00 0.00 65.00 0.00 70.00 0.00 0.16108
4 90.00 0.00 85.00 0.00 75.00 0.00 80.00 0.00 11.0088
4 92.50 0.00 90.00 0.00 72.50 0.00 75.00 0.00 0.27545
4 90.00 0.00 87.50 0.00 77.50 0.00 80.00 0.00 2.97729
4 95.00 0.00 92.50 0.00 72.50 0.00 75.00 0.00 0.150482
4 92.50 0.00 90.00 0.00 75.00 0.00 77.50 0.00 0.338502
4 87.50 0.00 85.00 0.00 80.00 0.00 82.50 0.00 25.6164
4 135.00 0.00 125.00 0.00 35.00 0.00 45.00 0.00 0.00912279
4 105.00 0.00 100.00 0.00 65.00 0.00 70.00 0.00 0.0710133
4 125.00 0.00 105.00 0.00 45.00 0.00 65.00 0.00 0.20127
4 115.00 0.00 105.00 0.00 55.00 0.00 65.00 0.00 0.0919427
4 115.00 0.00 95.00 0.00 55.00 0.00 75.00 0.00 1.08523
4 120.00 0.00 110.00 0.00 50.00 0.00 60.00 0.00 0.0407002
4 100.00 0.00 95.00 0.00 70.00 0.00 75.00 0.00 0.246791
4 110.00 0.00 105.00 0.00 60.00 0.00 65.00 0.00 0.0330215
4 105.00 0.00 95.00 0.00 65.00 0.00 75.00 0.00 0.575703
4 130.00 0.00 115.00 0.00 40.00 0.00 55.00 0.00 0.0378442
4 115.00 0.00 100.00 0.00 55.00 0.00 70.00 0.00 0.306695
4 125.00 0.00 115.00 0.00 45.00 0.00 55.00 0.00 0.0200796
4 145.00 0.00 125.00 0.00 25.00 0.00 45.00 0.00 0.0260892
4 135.00 0.00 110.00 0.00 35.00 0.00 60.00 0.00 0.126573
4 135.00 0.00 115.00 0.00 35.00 0.00 55.00 0.00 0.0554711
4 95.00 0.00 90.00 0.00 75.00 0.00 80.00 0.00 2.2464
4 97.50 0.00 95.00 0.00 72.50 0.00 75.00 0.00 0.0898215
4 130.00 0.00 120.00 0.00 40.00 0.00 50.00 0.00 0.0131939
4 100.00 0.00 90.00 0.00 70.00 0.00 80.00 0.00 3.753
4 145.00 0.00 130.00 0.00 25.00 0.00 40.00 0.00 0.0115629
4 90.00 0.00 87.50 0.00 80.00 0.00 82.50 0.00 8.22172
4 92.50 0.00 90.00 0.00 77.50 0.00 80.00 0.00 1.18016
4 95.00 0.00 92.50 0.00 75.00 0.00 77.50 0.00 0.176979
4 110.00 0.00 100.00 0.00 60.00 0.00 70.00 0.00 0.201863
4 155.00 0.00 135.00 0.00 15.00 0.00 35.00 0.00 0.0131671
4 160.00 0.00 135.00 0.00 10.00 0.00 35.00 0.00 0.0177856
4 160.00 0.00 145.00 0.00 10.00 0.00 25.00 0.00 0.00480275
4 165.00 0.00 145.00 0.00 5.00 0.00 25.00 0.00 0.00719976
4 90.00 0.00 87.50 0.00 82.50 0.00 85.00 0.00 46.8216
4 95.00 0.00 92.50 0.00 77.50 0.00 80.00 0.00 0.547508
4 97.50 0.00 95.00 0.00 75.00 0.00 77.50 0.00 0.0965487
4 92.50 0.00 90.00 0.00 80.00 0.00 82.50 0.00 2.70211
4 105.00 0.00 100.00 0.00 70.00 0.00 75.00 0.00 0.0956698
4 92.50 0.00 90.00 0.00 82.50 0.00 85.00 0.00 10.2658
4 95.00 0.00 90.00 0.00 80.00 0.00 85.00 0.00 18.0339
4 100.00 0.00 95.00 0.00 75.00 0.00 80.00 0.00 0.483047
4 125.00 0.00 110.00 0.00 50.00 0.00 65.00 0.00 0.0917092
4 100.00 0.00 97.50 0.00 75.00 0.00 77.50 0.00 0.0405717
4 140.00 0.00 125.00 0.00 35.00 0.00 50.00 0.00 0.0202686
4 110.00 0.00 105.00 0.00 65.00 0.00 70.00 0.00 0.0529974
4 150.00 0.00 125.00 0.00 25.00 0.00 50.00 0.00 0.035226
4 95.00 0.00 92.50 0.00 80.00 0.00 82.50 0.00 1.15095
4 125.00 0.00 100.00 0.00 50.00 0.00 75.00 0.00 0.683502
4 110.00 0.00 95.00 0.00 65.00 0.00 80.00 0.00 1.39463
4 97.50 0.00 95.00 0.00 77.50 0.00 80.00 0.00 0.254681
4 175.00 0.00 150.00 0.00 0.00 0.00 25.00 0.00 0.00847753
4 155.00 0.00 140.00 0.00 20.00 0.00 35.00 0.00 0.00701282
4 92.50 0.00 90.00 0.00 85.00 0.00 87.50 0.00 19.4274
4 95.00 0.00 92.50 0.00 82.50 0.00 85.00 0.00 3.8996
4 100.00 0.00 97.50 0.00 77.50 0.00 80.00 0.00 0.0893464
4 97.50 0.00 95.00 0.00 80.00 0.00 82.50 0.00 0.47958
4 105.00 0.00 100.00 0.00 75.00 0.00 80.00 0.00 0.137613
4 100.00 0.00 95.00 0.00 80.00 0.00 85.00 0.00 2.4744
4 105.00 0.00 95.00 0.00 75.00 0.00 85.00 0.00 3.50259
4 95.00 0.00 92.50 0.00 85.00 0.00 87.50 0.00 5.98331
4 115.00 0.00 110.00 0.00 65.00 0.00 70.00 0.00 0.0305877
4 120.00 0.00 100.00 0.00 60.00 0.00 80.00 0.00 0.786309
4 110.00 0.00 105.00 0.00 70.00 0.00 75.00 0.00 0.0667179
4 140.00 0.00 115.00 0.00 40.00 0.00 65.00 0.00 0.113996
4 150.00 0.00 135.00 0.00 30.00 0.00 45.00 0.00 0.0113878
4 120.00 0.00 110.00 0.00 60.00 0.00 70.00 0.00 0.0771377
4 110.00 0.00 100.00 0.00 70.00 0.00 80.00 0.00 0.380335
4 135.00 0.00 125.00 0.00 45.00 0.00 55.00 0.00 0.0130305
4 130.00 0.00 120.00 0.00 50.00 0.00 60.00 0.00 0.0199599
4 135.00 0.00 120.00 0.00 45.00 0.00 60.00 0.00 0.0363159
4 120.00 0.00 105.00 0.00 60.00 0.00 75.00 0.00 0.291989
4 125.00 0.00 115.00 0.00 55.00 0.00 65.00 0.00 0.0328191
4 140.00 0.00 120.00 0.00 40.00 0.00 60.00 0.00 0.0543221
4 140.00 0.00 130.00 0.00 40.00 0.00 50.00 0.00 0.00846101
4 130.00 0.00 110.00 0.00 50.00 0.00 70.00 0.00 0.177307
4 150.00 0.00 130.00 0.00 30.00 0.00 50.00 0.00 0.0196449
4 115.00 0.00 105.00 0.00 65.00 0.00 75.00 0.00 0.189181
4 100.00 0.00 97.50 0.00 80.00 0.00 82.50 0.00 0.142831
4 97.50 0.00 95.00 0.00 82.50 0.00 85.00 0.00 1.46406
4 102.50 0.00 100.00 0.00 77.50 0.00 80.00 0.00 0.0549869
4 160.00 0.00 140.00 0.00 20.00 0.00 40.00 0.00 0.0124524
4 165.00 0.00 150.00 0.00 15.00 0.00 30.00 0.00 0.00491391
4 180.00 0.00 160.00 0.00 0.00 0.00 20.00 0.00 0.00413364
4 165.00 0.00 140.00 0.00 15.00 0.00 40.00 0.00 0.0172982
4 170.00 0.00 150.00 0.00 10.00 0.00 30.00 0.00 0.00715743
4 97.50 0.00 95.00 0.00 85.00 0.00 87.50 0.00 2.01014
4 100.00 0.00 97.50 0.00 82.50 0.00 85.00 0.00 0.383895
4 95.00 0.00 92.50 0.00 87.50 0.00 90.00 0.00 27.181
4 102.50 0.00 100.00 0.00 80.00 0.00 82.50 0.00 0.078764
4 105.00 0.00 100.00 0.00 80.00 0.00 85.00 0.00 0.411986
4 115.00 0.00 100.00 0.00 70.00 0.00 85.00 0.00 1.13433
4 115.00 0.00 110.00 0.00 70.00 0.00 75.00 0.00 0.0386858
4 100.00 0.00 95.00 0.00 85.00 0.00 90.00 0.00 10.7325
4 145.00 0.00 130.00 0.00 40.00 0.00 55.00 0.00 0.0192871
4 110.00 0.00 105.00 0.00 75.00 0.00 80.00 0.00 0.0805858
4 130.00 0.00 115.00 0.00 55.00 0.00 70.00 0.00 0.0833141
4 130.00 0.00 105.00 0.00 55.00 0.00 80.00 0.00 0.579322
4 100.00 0.00 97.50 0.00 85.00 0.00 87.50 0.00 0.47051
4 97.50 0.00 95.00 0.00 87.50 0.00 90.00 0.00 6.8786
4 160.00 0.00 145.00 0.00 25.00 0.00 40.00 0.00 0.00681463
4 180.00 0.00 155.00 0.00 5.00 0.00 30.00 0.00 0.00889587
4 155.00 0.00 130.00 0.00 30.00 0.00 55.00 0.00 0.0410138
4 105.00 0.00 102.50 0.00 80.00 0.00 82.50 0.00 0.0439759
4 102.50 0.00 100.00 0.00 82.50 0.00 85.00 0.00 0.190714
4 97.50 0.00 95.00 0.00 90.00 0.00 92.50 0.00 22.7821
4 100.00 0.00 97.50 0.00 87.50 0.00 90.00 0.00 1.36051
4 105.00 0.00 102.50 0.00 82.50 0.00 85.00 0.00 0.0965404
4 102.50 0.00 100.00 0.00 85.00 0.00 87.50 0.00 0.213913
4 110.00 0.00 105.00 0.00 80.00 0.00 85.00 0.00 0.175257
4 105.00 0.00 100.00 0.00 85.00 0.00 90.00 0.00 1.08776
4 145.00 0.00 125.00 0.00 45.00 0.00 65.00 0.00 0.0547192
4 115.00 0.00 110.00 0.00 75.00 0.00 80.00 0.00 0.045348
4 140.00 0.00 125.00 0.00 50.00 0.00 65.00 0.00 0.0382416
4 120.00 0.00 115.00 0.00 70.00 0.00 75.00 0.00 0.0219493
4 120.00 0.00 110.00 0.00 70.00 0.00 80.00 0.00 0.127395
4 125.00 0.00 110.00 0.00 65.00 0.00 80.00 0.00 0.209942
4 145.00 0.00 120.00 0.00 45.00 0.00 70.00 0.00 0.117815
4 125.00 0.00 105.00 0.00 65.00 0.00 85.00 0.00 0.731367
4 110.00 0.00 100.00 0.00 80.00 0.00 90.00 0.00 1.9874
4 125.00 0.00 115.00 0.00 65.00 0.00 75.00 0.00 0.0609428
4 140.00 0.00 130.00 0.00 50.00 0.00 60.00 0.00 0.0126489
4 135.00 0.00 115.00 0.00 55.00 0.00 75.00 0.00 0.149233
4 135.00 0.00 125.00 0.00 55.00 0.00 65.00 0.00 0.0196431
4 130.00 0.00 120.00 0.00 60.00 0.00 70.00 0.00 0.0377623
4 145.00 0.00 135.00 0.00 45.00 0.00 55.00 0.00 0.00761398
4 115.00 0.00 105.00 0.00 75.00 0.00 85.00 0.00 0.385307
4 100.00 0.00 97.50 0.00 90.00 0.00 92.50 0.00 3.1568
4 155.00 0.00 140.00 0.00 35.00 0.00 50.00 0.00 0.0115582
4 165.00 0.00 145.00 0.00 25.00 0.00 45.00 0.00 0.0121665
4 170.00 0.00 145.00 0.00 20.00 0.00 45.00 0.00 0.0164847
4 155.00 0.00 135.00 0.00 35.00 0.00 55.00 0.00 0.025527
4 185.00 0.00 165.00 0.00 5.00 0.00 25.00 0.00 0.00400562
4 175.00 0.00 155.00 0.00 15.00 0.00 35.00 0.00 0.00805086
4 170.00 0.00 155.00 0.00 20.00 0.00 35.00 0.00 0.0049095
4 107.50 0.00 105.00 0.00 82.50 0.00 85.00 0.00 0.0884773
4 105.00 0.00 102.50 0.00 85.00 0.00 87.50 0.00 0.0981165
4 102.50 0.00 100.00 0.00 87.50 0.00 90.00 0.00 0.550183
4 100.00 0.00 97.50 0.00 92.50 0.00 95.00 0.00 9.71533
4 105.00 0.00 102.50 0.00 87.50 0.00 90.00 0.00 0.224092
4 107.50 0.00 105.00 0.00 85.00 0.00 87.50 0.00 0.0828272
4 102.50 0.00 100.00 0.00 90.00 0.00 92.50 0.00 1.08734
4 120.00 0.00 105.00 0.00 75.00 0.00 90.00 0.00 0.939279
4 110.00 0.00 105.00 0.00 85.00 0.00 90.00 0.00 0.312112
4 120.00 0.00 115.00 0.00 75.00 0.00 80.00 0.00 0.0208558
4 115.00 0.00 110.00 0.00 80.00 0.00 85.00 0.00 0.0854301
4 150.00 0.00 135.00 0.00 45.00 0.00 60.00 0.00 0.0191434
4 135.00 0.00 110.00 0.00 60.00 0.00 85.00 0.00 0.49201
4 135.00 0.00 120.00 0.00 60.00 0.00 75.00 0.00 0.0804091
4 105.00 0.00 100.00 0.00 90.00 0.00 95.00 0.00 4.79833
4 185.00 0.00 160.00 0.00 10.00 0.00 35.00 0.00 0.00888375
4 107.50 0.00 105.00 0.00 87.50 0.00 90.00 0.00 0.164508
4 165.00 0.00 150.00 0.00 30.00 0.00 45.00 0.00 0.00784363
4 160.00 0.00 135.00 0.00 35.00 0.00 60.00 0.00 0.0402607
4 102.50 0.00 100.00 0.00 92.50 0.00 95.00 0.00 2.57035
4 105.00 0.00 102.50 0.00 90.00 0.00 92.50 0.00 0.377214
4 110.00 0.00 107.50 0.00 85.00 0.00 87.50 0.00 0.0244451
4 110.00 0.00 107.50 0.00 87.50 0.00 90.00 0.00 0.0423868
4 102.50 0.00 100.00 0.00 95.00 0.00 97.50 0.00 12.7288
4 105.00 0.00 102.50 0.00 92.50 0.00 95.00 0.00 0.744124
4 107.50 0.00 105.00 0.00 90.00 0.00 92.50 0.00 0.23648
4 130.00 0.00 110.00 0.00 70.00 0.00 90.00 0.00 0.572409
4 120.00 0.00 115.00 0.00 80.00 0.00 85.00 0.00 0.039744
4 115.00 0.00 105.00 0.00 85.00 0.00 95.00 0.00 1.40778
4 120.00 0.00 110.00 0.00 80.00 0.00 90.00 0.00 0.304767
4 115.00 0.00 110.00 0.00 85.00 0.00 90.00 0.00 0.126873
4 140.00 0.00 120.00 0.00 60.00 0.00 80.00 0.00 0.137043
4 135.00 0.00 125.00 0.00 65.00 0.00 75.00 0.00 0.0368882
4 145.00 0.00 135.00 0.00 55.00 0.00 65.00 0.00 0.0134398
4 145.00 0.00 130.00 0.00 55.00 0.00 70.00 0.00 0.0384893
4 150.00 0.00 130.00 0.00 50.00 0.00 70.00 0.00 0.0604514
4 110.00 0.00 105.00 0.00 90.00 0.00 95.00 0.00 0.75624
4 140.00 0.00 130.00 0.00 60.00 0.00 70.00 0.00 0.0214687
4 150.00 0.00 125.00 0.00 50.00 0.00 75.00 0.00 0.120305
4 130.00 0.00 115.00 0.00 70.00 0.00 85.00 0.00 0.169247
4 130.00 0.00 120.00 0.00 70.00 0.00 80.00 0.00 0.0472727
4 125.00 0.00 120.00 0.00 75.00 0.00 80.00 0.00 0.0133869
4 150.00 0.00 140.00 0.00 50.00 0.00 60.00 0.00 0.0129052
4 125.00 0.00 115.00 0.00 75.00 0.00 85.00 0.00 0.0964084
4 200.00 0.00 175.00 0.00 0.00 0.00 25.00 0.00 0.00619991
4 160.00 0.00 140.00 0.00 40.00 0.00 60.00 0.00 0.0245258
4 105.00 0.00 102.50 0.00 95.00 0.00 97.50 0.00 2.59184
4 175.00 0.00 160.00 0.00 25.00 0.00 40.00 0.00 0.00469261
4 200.00 0.00 180.00 0.00 0.00 0.00 20.00 0.00 0.00400264
4 175.00 0.00 150.00 0.00 25.00 0.00 50.00 0.00 0.0189895
4 160.00 0.00 145.00 0.00 40.00 0.00 55.00 0.00 0.0116149
4 180.00 0.00 160.00 0.00 20.00 0.00 40.00 0.00 0.00770136
4 170.00 0.00 150.00 0.00 30.00 0.00 50.00 0.00 0.0142976
4 112.50 0.00 110.00 0.00 87.50 0.00 90.00 0.00 0.0437074
4 110.00 0.00 107.50 0.00 90.00 0.00 92.50 0.00 0.0550537
4 107.50 0.00 105.00 0.00 92.50 0.00 95.00 0.00 0.387158
4 190.00 0.00 170.00 0.00 10.00 0.00 30.00 0.00 0.00494991
4 112.50 0.00 110.00 0.00 90.00 0.00 92.50 0.00 0.0543063
4 105.00 0.00 102.50 0.00 97.50 0.00 100.00 0.00 12.7246
4 110.00 0.00 107.50 0.00 92.50 0.00 95.00 0.00 0.077698
4 107.50 0.00 105.00 0.00 95.00 0.00 97.50 0.00 1.09262
4 115.00 0.00 110.00 0.00 90.00 0.00 95.00 0.00 0.213886
4 140.00 0.00 115.00 0.00 65.00 0.00 90.00 0.00 0.403463
4 140.00 0.00 125.00 0.00 65.00 0.00 80.00 0.00 0.0747061
4 125.00 0.00 120.00 0.00 80.00 0.00 85.00 0.00 0.0209308
4 125.00 0.00 110.00 0.00 80.00 0.00 95.00 0.00 0.682811
4 120.00 0.00 115.00 0.00 85.00 0.00 90.00 0.00 0.0533937
4 110.00 0.00 105.00 0.00 95.00 0.00 100.00 0.00 5.23898
4 170.00 0.00 155.00 0.00 35.00 0.00 50.00 0.00 0.00756869
4 165.00 0.00 140.00 0.00 40.00 0.00 65.00 0.00 0.0403499
4 107.50 0.00 105.00 0.00 97.50 0.00 100.00 0.00 3.48636
4 190.00 0.00 165.00 0.00 15.00 0.00 40.00 0.00 0.00961768
4 115.00 0.00 112.50 0.00 90.00 0.00 92.50 0.00 0.0382075
4 112.50 0.00 110.00 0.00 92.50 0.00 95.00 0.00 0.0715731
4 110.00 0.00 107.50 0.00 95.00 0.00 97.50 0.00 0.183274
4 155.00 0.00 140.00 0.00 50.00 0.00 65.00 0.00 0.0195546
4 107.50 0.00 105.00 0.00 100.00 0.00 102.50 0.00 15.6216
4 115.00 0.00 112.50 0.00 92.50 0.00 95.00 0.00 0.0460446
4 112.50 0.00 110.00 0.00 95.00 0.00 97.50 0.00 0.151139
4 110.00 0.00 107.50 0.00 97.50 0.00 100.00 0.00 0.472602
4 140.00 0.00 130.00 0.00 70.00 0.00 80.00 0.00 0.0298777
4 145.00 0.00 125.00 0.00 65.00 0.00 85.00 0.00 0.138546
4 120.00 0.00 115.00 0.00 90.00 0.00 95.00 0.00 0.0751906
4 145.00 0.00 135.00 0.00 65.00 0.00 75.00 0.00 0.0214419
4 125.00 0.00 120.00 0.00 85.00 0.00 90.00 0.00 0.0307887
4 115.00 0.00 110.00 0.00 95.00 0.00 100.00 0.00 0.766726
4 135.00 0.00 115.00 0.00 75.00 0.00 95.00 0.00 0.424608
4 150.00 0.00 135.00 0.00 60.00 0.00 75.00 0.00 0.0389886
4 120.00 0.00 110.00 0.00 90.00 0.00 100.00 0.00 1.23249
4 130.00 0.00 125.00 0.00 80.00 0.00 85.00 0.00 0.0183565
4 135.00 0.00 120.00 0.00 75.00 0.00 90.00 0.00 0.153221
4 135.00 0.00 125.00 0.00 75.00 0.00 85.00 0.00 0.0482738
4 130.00 0.00 120.00 0.00 80.00 0.00 90.00 0.00 0.0946924
4 150.00 0.00 140.00 0.00 60.00 0.00 70.00 0.00 0.0134441
4 125.00 0.00 115.00 0.00 85.00 0.00 95.00 0.00 0.198037
4 155.00 0.00 130.00 0.00 55.00 0.00 80.00 0.00 0.106883
4 165.00 0.00 150.00 0.00 45.00 0.00 60.00 0.00 0.0120381
4 155.00 0.00 145.00 0.00 55.00 0.00 65.00 0.00 0.00787398
4 185.00 0.00 165.00 0.00 25.00 0.00 45.00 0.00 0.00745907
4 110.00 0.00 107.50 0.00 100.00 0.00 102.50 0.00 1.47605
4 180.00 0.00 165.00 0.00 30.00 0.00 45.00 0.00 0.00449085
4 155.00 0.00 135.00 0.00 55.00 0.00 75.00 0.00 0.0570638
4 180.00 0.00 155.00 0.00 30.00 0.00 55.00 0.00 0.018386
4 175.00 0.00 155.00 0.00 35.00 0.00 55.00 0.00 0.013416
4 165.00 0.00 145.00 0.00 45.00 0.00 65.00 0.00 0.0255168
4 117.50 0.00 115.00 0.00 92.50 0.00 95.00 0.00 0.0239353
4 195.00 0.00 175.00 0.00 15.00 0.00 35.00 0.00 0.00515952
4 115.00 0.00 112.50 0.00 95.00 0.00 97.50 0.00 0.0895024
4 112.50 0.00 110.00 0.00 97.50 0.00 100.00 0.00 0.344073
4 115.00 0.00 112.50 0.00 97.50 0.00 100.00 0.00 0.176468
4 112.50 0.00 110.00 0.00 100.00 0.00 102.50 0.00 0.943257
4 117.50 0.00 115.00 0.00 95.00 0.00 97.50 0.00 0.0411983
4 110.00 0.00 107.50 0.00 102.50 0.00 105.00 0.00 6.16727
4 115.00 0.00 110.00 0.00 100.00 0.00 105.00 0.00 5.76603
4 120.00 0.00 115.00 0.00 95.00 0.00 100.00 0.00 0.182484
4 145.00 0.00 130.00 0.00 70.00 0.00 85.00 0.00 0.0705709
4 125.00 0.00 120.00 0.00 90.00 0.00 95.00 0.00 0.0376334
4 130.00 0.00 115.00 0.00 85.00 0.00 100.00 0.00 0.541651
4 145.00 0.00 120.00 0.00 70.00 0.00 95.00 0.00 0.338995
4 130.00 0.00 125.00 0.00 85.00 0.00 90.00 0.00 0.0230959
4 160.00 0.00 145.00 0.00 55.00 0.00 70.00 0.00 0.0207102
4 115.00 0.00 112.50 0.00 100.00 0.00 102.50 0.00 0.413664
4 120.00 0.00 117.50 0.00 95.00 0.00 97.50 0.00 0.0258429
4 175.00 0.00 160.00 0.00 40.00 0.00 55.00 0.00 0.00717389
4 112.50 0.00 110.00 0.00 102.50 0.00 105.00 0.00 3.23575
4 195.00 0.00 170.00 0.00 20.00 0.00 45.00 0.00 0.00858259
4 170.00 0.00 145.00 0.00 45.00 0.00 70.00 0.00 0.0426097
4 117.50 0.00 115.00 0.00 97.50 0.00 100.00 0.00 0.0737038
4 117.50 0.00 115.00 0.00 100.00 0.00 102.50 0.00 0.153587
4 120.00 0.00 117.50 0.00 97.50 0.00 100.00 0.00 0.041436
4 115.00 0.00 112.50 0.00 102.50 0.00 105.00 0.00 1.14429
4 112.50 0.00 110.00 0.00 105.00 0.00 107.50 0.00 36.9712
4 125.00 0.00 120.00 0.00 95.00 0.00 100.00 0.00 0.0718312
4 125.00 0.00 115.00 0.00 95.00 0.00 105.00 0.00 1.23051
4 140.00 0.00 120.00 0.00 80.00 0.00 100.00 0.00 0.385036
4 145.00 0.00 135.00 0.00 75.00 0.00 85.00 0.00 0.0322098
4 150.00 0.00 130.00 0.00 70.00 0.00 90.00 0.00 0.121323
4 135.00 0.00 130.00 0.00 85.00 0.00 90.00 0.00 0.0165371
4 150.00 0.00 140.00 0.00 70.00 0.00 80.00 0.00 0.0176355
4 140.00 0.00 130.00 0.00 80.00 0.00 90.00 0.00 0.0458822
4 135.00 0.00 125.00 0.00 85.00 0.00 95.00 0.00 0.0818925
4 140.00 0.00 125.00 0.00 80.00 0.00 95.00 0.00 0.143481
4 120.00 0.00 115.00 0.00 100.00 0.00 105.00 0.00 0.763394
4 130.00 0.00 120.00 0.00 90.00 0.00 100.00 0.00 0.177097
4 130.00 0.00 125.00 0.00 90.00 0.00 95.00 0.00 0.0262491
4 190.00 0.00 170.00 0.00 30.00 0.00 50.00 0.00 0.00734113
4 160.00 0.00 135.00 0.00 60.00 0.00 85.00 0.00 0.108058
4 160.00 0.00 150.00 0.00 60.00 0.00 70.00 0.00 0.0102224
4 155.00 0.00 145.00 0.00 65.00 0.00 75.00 0.00 0.0139322
4 115.00 0.00 112.50 0.00 105.00 0.00 107.50 0.00 7.79739
4 200.00 0.00 180.00 0.00 20.00 0.00 40.00 0.00 0.00685499
4 185.00 0.00 160.00 0.00 35.00 0.00 60.00 0.00 0.0182346
4 160.00 0.00 140.00 0.00 60.00 0.00 80.00 0.00 0.0525887
4 185.00 0.00 170.00 0.00 35.00 0.00 50.00 0.00 0.00466309
4 155.00 0.00 140.00 0.00 65.00 0.00 80.00 0.00 0.0352139
4 170.00 0.00 155.00 0.00 50.00 0.00 65.00 0.00 0.0124598
4 180.00 0.00 160.00 0.00 40.00 0.00 60.00 0.00 0.0130968
4 122.50 0.00 120.00 0.00 97.50 0.00 100.00 0.00 0.0254569
4 120.00 0.00 117.50 0.00 100.00 0.00 102.50 0.00 0.0804809
4 117.50 0.00 115.00 0.00 102.50 0.00 105.00 0.00 0.361665
4 170.00 0.00 150.00 0.00 50.00 0.00 70.00 0.00 0.0281925
4 122.50 0.00 120.00 0.00 100.00 0.00 102.50 0.00 0.0459909
4 117.50 0.00 115.00 0.00 105.00 0.00 107.50 0.00 1.87451
4 115.00 0.00 112.50 0.00 107.50 0.00 110.00 0.00 12.6329
4 120.00 0.00 117.50 0.00 102.50 0.00 105.00 0.00 0.168152
4 130.00 0.00 125.00 0.00 95.00 0.00 100.00 0.00 0.0417242
4 120.00 0.00 115.00 0.00 105.00 0.00 110.00 0.00 5.68032
4 150.00 0.00 135.00 0.00 75.00 0.00 90.00 0.00 0.064561
4 150.00 0.00 125.00 0.00 75.00 0.00 100.00 0.00 0.3158
4 135.00 0.00 120.00 0.00 90.00 0.00 105.00 0.00 0.580301
4 125.00 0.00 120.00 0.00 100.00 0.00 105.00 0.00 0.213374
4 135.00 0.00 130.00 0.00 90.00 0.00 95.00 0.00 0.0165786
4 165.00 0.00 150.00 0.00 60.00 0.00 75.00 0.00 0.0231389
4 122.50 0.00 120.00 0.00 102.50 0.00 105.00 0.00 0.0877432
4 175.00 0.00 150.00 0.00 50.00 0.00 75.00 0.00 0.0434677
4 180.00 0.00 165.00 0.00 45.00 0.00 60.00 0.00 0.0068786
4 200.00 0.00 175.00 0.00 25.00 0.00 50.00 0.00 0.012859
4 117.50 0.00 115.00 0.00 107.50 0.00 110.00 0.00 2.28722
4 125.00 0.00 122.50 0.00 100.00 0.00 102.50 0.00 0.0276537
4 120.00 0.00 117.50 0.00 105.00 0.00 107.50 0.00 0.731615
4 122.50 0.00 120.00 0.00 105.00 0.00 107.50 0.00 0.325636
4 120.00 0.00 117.50 0.00 107.50 0.00 110.00 0.00 0.787997
4 117.50 0.00 115.00 0.00 110.00 0.00 112.50 0.00 11.5354
4 125.00 0.00 122.50 0.00 102.50 0.00 105.00 0.00 0.0501915
4 140.00 0.00 135.00 0.00 90.00 0.00 95.00 0.00 0.0133411
4 130.00 0.00 125.00 0.00 100.00 0.00 105.00 0.00 0.101516
4 125.00 0.00 120.00 0.00 105.00 0.00 110.00 0.00 0.924168
4 140.00 0.00 130.00 0.00 90.00 0.00 100.00 0.00 0.0697898
4 150.00 0.00 140.00 0.00 80.00 0.00 90.00 0.00 0.0280296
4 145.00 0.00 130.00 0.00 85.00 0.00 100.00 0.00 0.11641
4 145.00 0.00 135.00 0.00 85.00 0.00 95.00 0.00 0.031156
4 135.00 0.00 130.00 0.00 95.00 0.00 100.00 0.00 0.0227118
4 135.00 0.00 125.00 0.00 95.00 0.00 105.00 0.00 0.21532
4 130.00 0.00 120.00 0.00 100.00 0.00 110.00 0.00 1.5408
4 145.00 0.00 125.00 0.00 85.00 0.00 105.00 0.00 0.410199
4 185.00 0.00 165.00 0.00 45.00 0.00 65.00 0.00 0.0125904
4 155.00 0.00 135.00 0.00 75.00 0.00 95.00 0.00 0.109967
4 160.00 0.00 150.00 0.00 70.00 0.00 80.00 0.00 0.0125654
4 160.00 0.00 145.00 0.00 70.00 0.00 85.00 0.00 0.0344618
4 165.00 0.00 155.00 0.00 65.00 0.00 75.00 0.00 0.00937459
4 165.00 0.00 145.00 0.00 65.00 0.00 85.00 0.00 0.0533741
4 190.00 0.00 175.00 0.00 40.00 0.00 55.00 0.00 0.00452987
4 195.00 0.00 175.00 0.00 35.00 0.00 55.00 0.00 0.00766748
4 155.00 0.00 145.00 0.00 75.00 0.00 85.00 0.00 0.0176625
4 190.00 0.00 165.00 0.00 40.00 0.00 65.00 0.00 0.0201379
4 125.00 0.00 122.50 0.00 105.00 0.00 107.50 0.00 0.159285
4 175.00 0.00 155.00 0.00 55.00 0.00 75.00 0.00 0.0261365
4 165.00 0.00 140.00 0.00 65.00 0.00 90.00 0.00 0.100575
4 175.00 0.00 160.00 0.00 55.00 0.00 70.00 0.00 0.0123394
4 120.00 0.00 117.50 0.00 110.00 0.00 112.50 0.00 3.16994
4 127.50 0.00 125.00 0.00 102.50 0.00 105.00 0.00 0.0353555
4 122.50 0.00 120.00 0.00 107.50 0.00 110.00 0.00 0.305875
4 127.50 0.00 125.00 0.00 105.00 0.00 107.50 0.00 0.102719
4 125.00 0.00 122.50 0.00 107.50 0.00 110.00 0.00 0.133459
4 122.50 0.00 120.00 0.00 110.00 0.00 112.50 0.00 1.09074
4 120.00 0.00 117.50 0.00 112.50 0.00 115.00 0.00 14.9245
4 140.00 0.00 125.00 0.00 95.00 0.00 110.00 0.00 0.757657
4 135.00 0.00 130.00 0.00 100.00 0.00 105.00 0.00 0.0494743
4 125.00 0.00 120.00 0.00 110.00 0.00 115.00 0.00 6.70225
4 130.00 0.00 125.00 0.00 105.00 0.00 110.00 0.00 0.303708
4 140.00 0.00 135.00 0.00 95.00 0.00 100.00 0.00 0.0162027
4 170.00 0.00 155.00 0.00 65.00 0.00 80.00 0.00 0.0196286
4 185.00 0.00 170.00 0.00 50.00 0.00 65.00 0.00 0.00699081
4 155.00 0.00 130.00 0.00 80.00 0.00 105.00 0.00 0.318104
4 125.00 0.00 122.50 0.00 110.00 0.00 112.50 0.00 0.428093
4 155.00 0.00 140.00 0.00 80.00 0.00 95.00 0.00 0.057325
4 180.00 0.00 155.00 0.00 55.00 0.00 80.00 0.00 0.0398483
4 130.00 0.00 127.50 0.00 105.00 0.00 107.50 0.00 0.0737907
4 122.50 0.00 120.00 0.00 112.50 0.00 115.00 0.00 3.87727
4 127.50 0.00 125.00 0.00 107.50 0.00 110.00 0.00 0.0766133
4 125.00 0.00 122.50 0.00 112.50 0.00 115.00 0.00 1.31973
4 122.50 0.00 120.00 0.00 115.00 0.00 117.50 0.00 13.9919
4 130.00 0.00 127.50 0.00 107.50 0.00 110.00 0.00 0.0515275
4 127.50 0.00 125.00 0.00 110.00 0.00 112.50 0.00 0.226134
4 145.00 0.00 140.00 0.00 95.00 0.00 100.00 0.00 0.0136715
4 145.00 0.00 135.00 0.00 95.00 0.00 105.00 0.00 0.0821993
4 140.00 0.00 130.00 0.00 100.00 0.00 110.00 0.00 0.272583
4 135.00 0.00 125.00 0.00 105.00 0.00 115.00 0.00 2.15123
4 140.00 0.00 135.00 0.00 100.00 0.00 105.00 0.00 0.0321911
4 150.00 0.00 140.00 0.00 90.00 0.00 100.00 0.00 0.0275121
4 150.00 0.00 130.00 0.00 90.00 0.00 110.00 0.00 0.443854
4 135.00 0.00 130.00 0.00 105.00 0.00 110.00 0.00 0.120618
4 150.00 0.00 135.00 0.00 90.00 0.00 105.00 0.00 0.119536
4 130.00 0.00 125.00 0.00 110.00 0.00 115.00 0.00 1.34985
4 195.00 0.00 180.00 0.00 45.00 0.00 60.00 0.00 0.00564972
4 155.00 0.00 145.00 0.00 85.00 0.00 95.00 0.00 0.0230434
4 170.00 0.00 145.00 0.00 70.00 0.00 95.00 0.00 0.0899903
4 165.00 0.00 150.00 0.00 75.00 0.00 90.00 0.00 0.0338664
4 132.50 0.00 130.00 0.00 107.50 0.00 110.00 0.00 0.0276179
4 165.00 0.00 155.00 0.00 75.00 0.00 85.00 0.00 0.0118167
4 190.00 0.00 170.00 0.00 50.00 0.00 70.00 0.00 0.0139945
4 180.00 0.00 165.00 0.00 60.00 0.00 75.00 0.00 0.0130271
4 160.00 0.00 150.00 0.00 80.00 0.00 90.00 0.00 0.0185842
4 160.00 0.00 140.00 0.00 80.00 0.00 100.00 0.00 0.0952417
4 170.00 0.00 150.00 0.00 70.00 0.00 90.00 0.00 0.0508758
4 200.00 0.00 180.00 0.00 40.00 0.00 60.00 0.00 0.010683
4 125.00 0.00 122.50 0.00 115.00 0.00 117.50 0.00 3.29833
4 180.00 0.00 160.00 0.00 60.00 0.00 80.00 0.00 0.0245306
4 170.00 0.00 160.00 0.00 70.00 0.00 80.00 0.00 0.00790867
4 195.00 0.00 170.00 0.00 45.00 0.00 70.00 0.00 0.0208118
4 130.00 0.00 127.50 0.00 110.00 0.00 112.50 0.00 0.139623
4 127.50 0.00 125.00 0.00 112.50 0.00 115.00 0.00 0.627175
4 125.00 0.00 122.50 0.00 117.50 0.00 120.00 0.00 12.4072
4 132.50 0.00 130.00 0.00 110.00 0.00 112.50 0.00 0.0726979
4 130.00 0.00 127.50 0.00 112.50 0.00 115.00 0.00 0.358011
4 127.50 0.00 125.00 0.00 115.00 0.00 117.50 0.00 1.36276
4 135.00 0.00 130.00 0.00 110.00 0.00 115.00 0.00 0.377847
4 145.00 0.00 140.00 0.00 100.00 0.00 105.00 0.00 0.0192553
4 130.00 0.00 125.00 0.00 115.00 0.00 120.00 0.00 7.39519
4 145.00 0.00 130.00 0.00 100.00 0.00 115.00 0.00 0.940731
4 140.00 0.00 135.00 0.00 105.00 0.00 110.00 0.00 0.0682179
4 160.00 0.00 135.00 0.00 85.00 0.00 110.00 0.00 0.346534
4 185.00 0.00 160.00 0.00 60.00 0.00 85.00 0.00 0.0403653
4 175.00 0.00 160.00 0.00 70.00 0.00 85.00 0.00 0.0188004
4 130.00 0.00 127.50 0.00 115.00 0.00 117.50 0.00 0.707619
4 190.00 0.00 175.00 0.00 55.00 0.00 70.00 0.00 0.00785785
4 127.50 0.00 125.00 0.00 117.50 0.00 120.00 0.00 3.66213
4 160.00 0.00 145.00 0.00 85.00 0.00 100.00 0.00 0.0477964
4 135.00 0.00 132.50 0.00 110.00 0.00 112.50 0.00 0.0412659
4 132.50 0.00 130.00 0.00 112.50 0.00 115.00 0.00 0.171204
4 130.00 0.00 127.50 0.00 117.50 0.00 120.00 0.00 1.65721
4 135.00 0.00 132.50 0.00 112.50 0.00 115.00 0.00 0.0928247
4 132.50 0.00 130.00 0.00 115.00 0.00 117.50 0.00 0.316429
4 127.50 0.00 125.00 0.00 120.00 0.00 122.50 0.00 17.8103
4 150.00 0.00 145.00 0.00 100.00 0.00 105.00 0.00 0.010443
4 140.00 0.00 135.00 0.00 110.00 0.00 115.00 0.00 0.165322
4 140.00 0.00 130.00 0.00 110.00 0.00 120.00 0.00 2.54778
4 145.00 0.00 140.00 0.00 105.00 0.00 110.00 0.00 0.0357021
4 145.00 0.00 135.00 0.00 105.00 0.00 115.00 0.00 0.340681
4 135.00 0.00 130.00 0.00 115.00 0.00 120.00 0.00 1.48926
4 150.00 0.00 140.00 0.00 100.00 0.00 110.00 0.00 0.0753193
4 175.00 0.00 155.00 0.00 75.00 0.00 95.00 0.00 0.0422225
4 165.00 0.00 155.00 0.00 85.00 0.00 95.00 0.00 0.0138569
4 165.00 0.00 145.00 0.00 85.00 0.00 105.00 0.00 0.092026
4 170.00 0.00 160.00 0.00 80.00 0.00 90.00 0.00 0.0112487
4 155.00 0.00 145.00 0.00 95.00 0.00 105.00 0.00 0.0353823
4 195.00 0.00 175.00 0.00 55.00 0.00 75.00 0.00 0.0151205
4 185.00 0.00 165.00 0.00 65.00 0.00 85.00 0.00 0.0232453
4 160.00 0.00 150.00 0.00 90.00 0.00 100.00 0.00 0.0205403
4 175.00 0.00 150.00 0.00 75.00 0.00 100.00 0.00 0.0810978
4 155.00 0.00 135.00 0.00 95.00 0.00 115.00 0.00 0.557753
4 155.00 0.00 140.00 0.00 95.00 0.00 110.00 0.00 0.13829
4 200.00 0.00 175.00 0.00 50.00 0.00 75.00 0.00 0.0236535
4 185.00 0.00 170.00 0.00 65.00 0.00 80.00 0.00 0.0118888
4 175.00 0.00 165.00 0.00 75.00 0.00 85.00 0.00 0.00375626
4 170.00 0.00 155.00 0.00 80.00 0.00 95.00 0.00 0.028338
4 200.00 0.00 185.00 0.00 50.00 0.00 65.00 0.00 0.00742762
4 137.50 0.00 135.00 0.00 112.50 0.00 115.00 0.00 0.066415
4 135.00 0.00 132.50 0.00 115.00 0.00 117.50 0.00 0.161618
4 132.50 0.00 130.00 0.00 117.50 0.00 120.00 0.00 0.679738
4 130.00 0.00 127.50 0.00 120.00 0.00 122.50 0.00 5.15005
4 137.50 0.00 135.00 0.00 115.00 0.00 117.50 0.00 0.109343
4 130.00 0.00 127.50 0.00 122.50 0.00 125.00 0.00 20.6837
4 135.00 0.00 132.50 0.00 117.50 0.00 120.00 0.00 0.330134
4 132.50 0.00 130.00 0.00 120.00 0.00 122.50 0.00 1.75458
4 140.00 0.00 135.00 0.00 115.00 0.00 120.00 0.00 0.520881
4 150.00 0.00 145.00 0.00 105.00 0.00 110.00 0.00 0.00889413
4 150.00 0.00 135.00 0.00 105.00 0.00 120.00 0.00 1.19472
4 145.00 0.00 140.00 0.00 110.00 0.00 115.00 0.00 0.0718269
4 135.00 0.00 130.00 0.00 120.00 0.00 125.00 0.00 9.17915
4 165.00 0.00 150.00 0.00 90.00 0.00 105.00 0.00 0.0508072
4 165.00 0.00 140.00 0.00 90.00 0.00 115.00 0.00 0.365226
4 195.00 0.00 180.00 0.00 60.00 0.00 75.00 0.00 0.00854845
4 190.00 0.00 165.00 0.00 65.00 0.00 90.00 0.00 0.0361717
4 132.50 0.00 130.00 0.00 122.50 0.00 125.00 0.00 4.87453
4 140.00 0.00 137.50 0.00 115.00 0.00 117.50 0.00 0.0681414
4 137.50 0.00 135.00 0.00 117.50 0.00 120.00 0.00 0.2132
4 135.00 0.00 132.50 0.00 120.00 0.00 122.50 0.00 0.767031
4 180.00 0.00 165.00 0.00 75.00 0.00 90.00 0.00 0.0169192
4 140.00 0.00 137.50 0.00 117.50 0.00 120.00 0.00 0.128177
4 137.50 0.00 135.00 0.00 120.00 0.00 122.50 0.00 0.467162
4 135.00 0.00 132.50 0.00 122.50 0.00 125.00 0.00 1.76973
4 132.50 0.00 130.00 0.00 125.00 0.00 127.50 0.00 20.2874
4 145.00 0.00 140.00 0.00 115.00 0.00 120.00 0.00 0.190325
4 150.00 0.00 145.00 0.00 110.00 0.00 115.00 0.00 0.050968
4 140.00 0.00 135.00 0.00 120.00 0.00 125.00 0.00 2.22355
4 150.00 0.00 140.00 0.00 110.00 0.00 120.00 0.00 0.397464
4 145.00 0.00 135.00 0.00 115.00 0.00 125.00 0.00 3.62812
4 160.00 0.00 145.00 0.00 100.00 0.00 115.00 0.00 0.160665
4 175.00 0.00 165.00 0.00 85.00 0.00 95.00 0.00 0.00970425
4 155.00 0.00 145.00 0.00 105.00 0.00 115.00 0.00 0.105232
4 160.00 0.00 150.00 0.00 100.00 0.00 110.00 0.00 0.0668593
4 175.00 0.00 160.00 0.00 85.00 0.00 100.00 0.00 0.023491
4 180.00 0.00 155.00 0.00 80.00 0.00 105.00 0.00 0.0726398
4 170.00 0.00 150.00 0.00 90.00 0.00 110.00 0.00 0.123447
4 140.00 0.00 137.50 0.00 120.00 0.00 122.50 0.00 0.26905
4 200.00 0.00 180.00 0.00 60.00 0.00 80.00 0.00 0.0169502
4 160.00 0.00 140.00 0.00 100.00 0.00 120.00 0.00 0.641874
4 180.00 0.00 170.00 0.00 80.00 0.00 90.00 0.00 0.00800845
4 170.00 0.00 160.00 0.00 90.00 0.00 100.00 0.00 0.0108818
4 190.00 0.00 175.00 0.00 70.00 0.00 85.00 0.00 0.0110443
4 190.00 0.00 170.00 0.00 70.00 0.00 90.00 0.00 0.0232129
4 155.00 0.00 150.00 0.00 105.00 0.00 110.00 0.00 0.0363178
4 180.00 0.00 160.00 0.00 80.00 0.00 100.00 0.00 0.0376799
4 165.00 0.00 155.00 0.00 95.00 0.00 105.00 0.00 0.018621
4 142.50 0.00 140.00 0.00 117.50 0.00 120.00 0.00 0.0781604
4 137.50 0.00 135.00 0.00 122.50 0.00 125.00 0.00 0.963992
4 135.00 0.00 132.50 0.00 125.00 0.00 127.50 0.00 5.05593
4 140.00 0.00 137.50 0.00 122.50 0.00 125.00 0.00 0.525287
4 142.50 0.00 140.00 0.00 120.00 0.00 122.50 0.00 0.160043
4 137.50 0.00 135.00 0.00 125.00 0.00 127.50 0.00 2.21059
4 135.00 0.00 132.50 0.00 127.50 0.00 130.00 0.00 22.274
4 140.00 0.00 135.00 0.00 125.00 0.00 130.00 0.00 11.558
4 145.00 0.00 140.00 0.00 120.00 0.00 125.00 0.00 0.695162
4 150.00 0.00 145.00 0.00 115.00 0.00 120.00 0.00 0.0841165
4 155.00 0.00 150.00 0.00 110.00 0.00 115.00 0.00 0.00662729
4 155.00 0.00 140.00 0.00 110.00 0.00 125.00 0.00 1.60163
4 137.50 0.00 135.00 0.00 127.50 0.00 130.00 0.00 5.76094
4 140.00 0.00 137.50 0.00 125.00 0.00 127.50 0.00 1.10568
4 170.00 0.00 145.00 0.00 95.00 0.00 120.00 0.00 0.407691
4 145.00 0.00 142.50 0.00 120.00 0.00 122.50 0.00 0.0839619
4 185.00 0.00 170.00 0.00 80.00 0.00 95.00 0.00 0.0156024
4 195.00 0.00 170.00 0.00 70.00 0.00 95.00 0.00 0.0348122
4 200.00 0.00 185.00 0.00 65.00 0.00 80.00 0.00 0.0105978
4 170.00 0.00 155.00 0.00 95.00 0.00 110.00 0.00 0.0519564
4 142.50 0.00 140.00 0.00 122.50 0.00 125.00 0.00 0.300629
4 142.50 0.00 140.00 0.00 125.00 0.00 127.50 0.00 0.597038
4 145.00 0.00 142.50 0.00 122.50 0.00 125.00 0.00 0.151288
4 140.00 0.00 137.50 0.00 127.50 0.00 130.00 0.00 2.47705
4 137.50 0.00 135.00 0.00 130.00 0.00 132.50 0.00 20.0898
4 145.00 0.00 140.00 0.00 125.00 0.00 130.00 0.00 2.65818
4 150.00 0.00 145.00 0.00 120.00 0.00 125.00 0.00 0.275618
4 150.00 0.00 140.00 0.00 120.00 0.00 130.00 0.00 4.55042
4 155.00 0.00 145.00 0.00 115.00 0.00 125.00 0.00 0.578991
4 160.00 0.00 150.00 0.00 110.00 0.00 120.00 0.00 0.104086
4 165.00 0.00 155.00 0.00 105.00 0.00 115.00 0.00 0.0432497
4 185.00 0.00 165.00 0.00 85.00 0.00 105.00 0.00 0.0326271
4 155.00 0.00 150.00 0.00 115.00 0.00 120.00 0.00 0.0563277
4 185.00 0.00 160.00 0.00 85.00 0.00 110.00 0.00 0.075602
4 180.00 0.00 170.00 0.00 90.00 0.00 100.00 0.00 0.00761059
4 195.00 0.00 180.00 0.00 75.00 0.00 90.00 0.00 0.0111897
4 165.00 0.00 150.00 0.00 105.00 0.00 120.00 0.00 0.180584
4 185.00 0.00 175.00 0.00 85.00 0.00 95.00 0.00 0.00613759
4 175.00 0.00 165.00 0.00 95.00 0.00 105.00 0.00 0.0101934
4 175.00 0.00 155.00 0.00 95.00 0.00 115.00 0.00 0.0981088
4 180.00 0.00 165.00 0.00 90.00 0.00 105.00 0.00 0.020891
4 160.00 0.00 155.00 0.00 110.00 0.00 115.00 0.00 0.015572
4 170.00 0.00 160.00 0.00 100.00 0.00 110.00 0.00 0.0247908
4 165.00 0.00 145.00 0.00 105.00 0.00 125.00 0.00 0.87693
4 147.50 0.00 145.00 0.00 122.50 0.00 125.00 0.00 0.0952867
4 145.00 0.00 142.50 0.00 125.00 0.00 127.50 0.00 0.289957
4 142.50 0.00 140.00 0.00 127.50 0.00 130.00 0.00 1.21483
4 140.00 0.00 137.50 0.00 130.00 0.00 132.50 0.00 5.65589
4 195.00 0.00 175.00 0.00 75.00 0.00 95.00 0.00 0.0219161
4 147.50 0.00 145.00 0.00 125.00 0.00 127.50 0.00 0.178879
4 140.00 0.00 137.50 0.00 132.50 0.00 135.00 0.00 18.3462
4 145.00 0.00 142.50 0.00 127.50 0.00 130.00 0.00 0.558188
4 142.50 0.00 140.00 0.00 130.00 0.00 132.50 0.00 2.25512
4 145.00 0.00 140.00 0.00 130.00 0.00 135.00 0.00 9.50214
4 150.00 0.00 145.00 0.00 125.00 0.00 130.00 0.00 0.921542
4 155.00 0.00 150.00 0.00 120.00 0.00 125.00 0.00 0.163666
4 160.00 0.00 155.00 0.00 115.00 0.00 120.00 0.00 0.0254412
4 190.00 0.00 175.00 0.00 85.00 0.00 100.00 0.00 0.0122542
4 160.00 0.00 145.00 0.00 115.00 0.00 130.00 0.00 2.30446
4 147.50 0.00 145.00 0.00 127.50 0.00 130.00 0.00 0.331243
4 200.00 0.00 175.00 0.00 75.00 0.00 100.00 0.00 0.0326495
4 175.00 0.00 150.00 0.00 100.00 0.00 125.00 0.00 0.562157
4 175.00 0.00 160.00 0.00 100.00 0.00 115.00 0.00 0.0526838
4 145.00 0.00 142.50 0.00 130.00 0.00 132.50 0.00 0.935032
4 150.00 0.00 147.50 0.00 125.00 0.00 127.50 0.00 0.144925
4 142.50 0.00 140.00 0.00 132.50 0.00 135.00 0.00 4.73688
4 145.00 0.00 142.50 0.00 132.50 0.00 135.00 0.00 1.57881
4 147.50 0.00 145.00 0.00 130.00 0.00 132.50 0.00 0.526227
4 142.50 0.00 140.00 0.00 135.00 0.00 137.50 0.00 26.9492
4 150.00 0.00 147.50 0.00 127.50 0.00 130.00 0.00 0.266018
4 150.00 0.00 145.00 0.00 130.00 0.00 135.00 0.00 2.36986
4 150.00 0.00 147.50 0.00 130.00 0.00 132.50 0.00 0.411748
4 185.00 0.00 170.00 0.00 95.00 0.00 110.00 0.00 0.0230547
4 155.00 0.00 150.00 0.00 125.00 0.00 130.00 0.00 0.513307
4 155.00 0.00 145.00 0.00 125.00 0.00 135.00 0.00 5.0108
4 160.00 0.00 150.00 0.00 120.00 0.00 130.00 0.00 0.942523
4 185.00 0.00 175.00 0.00 95.00 0.00 105.00 0.00 0.00675153
4 180.00 0.00 170.00 0.00 100.00 0.00 110.00 0.00 0.0153994
4 170.00 0.00 155.00 0.00 110.00 0.00 125.00 0.00 0.210386
4 175.00 0.00 165.00 0.00 105.00 0.00 115.00 0.00 0.0228982
4 190.00 0.00 170.00 0.00 90.00 0.00 110.00 0.00 0.0342314
4 190.00 0.00 180.00 0.00 90.00 0.00 100.00 0.00 0.00488703
4 180.00 0.00 160.00 0.00 100.00 0.00 120.00 0.00 0.0988957
4 170.00 0.00 160.00 0.00 110.00 0.00 120.00 0.00 0.0344416
4 165.00 0.00 160.00 0.00 115.00 0.00 120.00 0.00 0.0118954
4 200.00 0.00 180.00 0.00 80.00 0.00 100.00 0.00 0.0185516
4 190.00 0.00 165.00 0.00 90.00 0.00 115.00 0.00 0.0662465
4 200.00 0.00 185.00 0.00 80.00 0.00 95.00 0.00 0.0124497
4 165.00 0.00 155.00 0.00 115.00 0.00 125.00 0.00 0.15003
4 160.00 0.00 155.00 0.00 120.00 0.00 125.00 0.00 0.0687877
4 147.50 0.00 145.00 0.00 132.50 0.00 135.00 0.00 0.821575
4 170.00 0.00 150.00 0.00 110.00 0.00 130.00 0.00 1.30435
4 145.00 0.00 142.50 0.00 135.00 0.00 137.50 0.00 4.77656
4 152.50 0.00 150.00 0.00 127.50 0.00 130.00 0.00 0.213281
4 147.50 0.00 145.00 0.00 135.00 0.00 137.50 0.00 1.89964
4 150.00 0.00 147.50 0.00 132.50 0.00 135.00 0.00 0.612908
4 145.00 0.00 142.50 0.00 137.50 0.00 140.00 0.00 20.2768
4 152.50 0.00 150.00 0.00 130.00 0.00 132.50 0.00 0.322531
4 150.00 0.00 145.00 0.00 135.00 0.00 140.00 0.00 9.92398
4 165.00 0.00 160.00 0.00 120.00 0.00 125.00 0.00 0.0438219
4 165.00 0.00 150.00 0.00 120.00 0.00 135.00 0.00 2.92336
4 155.00 0.00 150.00 0.00 130.00 0.00 135.00 0.00 1.2061
4 150.00 0.00 147.50 0.00 135.00 0.00 137.50 0.00 1.3296
4 160.00 0.00 155.00 0.00 125.00 0.00 130.00 0.00 0.196098
4 195.00 0.00 180.00 0.00 90.00 0.00 105.00 0.00 0.010828
4 180.00 0.00 165.00 0.00 105.00 0.00 120.00 0.00 0.0557861
4 180.00 0.00 155.00 0.00 105.00 0.00 130.00 0.00 0.68499
4 147.50 0.00 145.00 0.00 137.50 0.00 140.00 0.00 4.27746
4 155.00 0.00 152.50 0.00 130.00 0.00 132.50 0.00 0.170687
4 152.50 0.00 150.00 0.00 132.50 0.00 135.00 0.00 0.471584
4 150.00 0.00 147.50 0.00 137.50 0.00 140.00 0.00 2.42075
4 147.50 0.00 145.00 0.00 140.00 0.00 142.50 0.00 16.8355
4 155.00 0.00 152.50 0.00 132.50 0.00 135.00 0.00 0.241054
4 152.50 0.00 150.00 0.00 135.00 0.00 137.50 0.00 0.977108
4 195.00 0.00 175.00 0.00 95.00 0.00 115.00 0.00 0.0310035
4 160.00 0.00 150.00 0.00 130.00 0.00 140.00 0.00 6.67843
4 180.00 0.00 170.00 0.00 110.00 0.00 120.00 0.00 0.0247991
4 190.00 0.00 180.00 0.00 100.00 0.00 110.00 0.00 0.00657532
4 165.00 0.00 160.00 0.00 125.00 0.00 130.00 0.00 0.103104
4 195.00 0.00 170.00 0.00 95.00 0.00 120.00 0.00 0.0658035
4 190.00 0.00 175.00 0.00 100.00 0.00 115.00 0.00 0.0207747
4 160.00 0.00 155.00 0.00 130.00 0.00 135.00 0.00 0.421556
4 155.00 0.00 150.00 0.00 135.00 0.00 140.00 0.00 3.87856
4 195.00 0.00 185.00 0.00 95.00 0.00 105.00 0.00 0.00421595
4 150.00 0.00 147.50 0.00 140.00 0.00 142.50 0.00 6.10782
4 185.00 0.00 175.00 0.00 105.00 0.00 115.00 0.00 0.0132373
4 185.00 0.00 165.00 0.00 105.00 0.00 125.00 0.00 0.105962
4 165.00 0.00 155.00 0.00 125.00 0.00 135.00 0.00 0.929068
4 175.00 0.00 155.00 0.00 115.00 0.00 135.00 0.00 1.36527
4 175.00 0.00 160.00 0.00 115.00 0.00 130.00 0.00 0.291871
4 175.00 0.00 165.00 0.00 115.00 0.00 125.00 0.00 0.0511838
4 170.00 0.00 165.00 0.00 120.00 0.00 125.00 0.00 0.0203755
4 170.00 0.00 160.00 0.00 120.00 0.00 130.00 0.00 0.223043
4 157.50 0.00 155.00 0.00 132.50 0.00 135.00 0.00 0.156289
4 155.00 0.00 152.50 0.00 135.00 0.00 137.50 0.00 0.484692
4 152.50 0.00 150.00 0.00 137.50 0.00 140.00 0.00 1.66268
4 150.00 0.00 147.50 0.00 142.50 0.00 145.00 0.00 16.5301
4 155.00 0.00 152.50 0.00 137.50 0.00 140.00 0.00 0.755112
4 157.50 0.00 155.00 0.00 135.00 0.00 137.50 0.00 0.307646
4 152.50 0.00 150.00 0.00 140.00 0.00 142.50 0.00 3.53254
4 155.00 0.00 150.00 0.00 140.00 0.00 145.00 0.00 14.178
4 160.00 0.00 155.00 0.00 135.00 0.00 140.00 0.00 1.17376
4 165.00 0.00 160.00 0.00 130.00 0.00 135.00 0.00 0.206914
4 185.00 0.00 160.00 0.00 110.00 0.00 135.00 0.00 0.760046
4 200.00 0.00 185.00 0.00 95.00 0.00 110.00 0.00 0.0134055
4 170.00 0.00 165.00 0.00 125.00 0.00 130.00 0.00 0.0508257
4 170.00 0.00 155.00 0.00 125.00 0.00 140.00 0.00 3.03502
4 185.00 0.00 170.00 0.00 110.00 0.00 125.00 0.00 0.0494213
4 155.00 0.00 152.50 0.00 140.00 0.00 142.50 0.00 1.42113
4 152.50 0.00 150.00 0.00 142.50 0.00 145.00 0.00 6.9831
4 160.00 0.00 157.50 0.00 135.00 0.00 137.50 0.00 0.164308
4 157.50 0.00 155.00 0.00 137.50 0.00 140.00 0.00 0.461111
4 152.50 0.00 150.00 0.00 145.00 0.00 147.50 0.00 32.0913
4 160.00 0.00 157.50 0.00 137.50 0.00 140.00 0.00 0.239479
4 155.00 0.00 152.50 0.00 142.50 0.00 145.00 0.00 2.24539
4 157.50 0.00 155.00 0.00 140.00 0.00 142.50 0.00 0.803957
4 200.00 0.00 190.00 0.00 100.00 0.00 110.00 0.00 0.00903571
4 165.00 0.00 160.00 0.00 135.00 0.00 140.00 0.00 0.530606
4 170.00 0.00 160.00 0.00 130.00 0.00 140.00 0.00 1.08789
4 180.00 0.00 170.00 0.00 120.00 0.00 130.00 0.00 0.0611696
4 190.00 0.00 170.00 0.00 110.00 0.00 130.00 0.00 0.114668
4 170.00 0.00 165.00 0.00 130.00 0.00 135.00 0.00 0.103082
4 160.00 0.00 155.00 0.00 140.00 0.00 145.00 0.00 2.87819
4 200.00 0.00 175.00 0.00 100.00 0.00 125.00 0.00 0.0676343
4 190.00 0.00 180.00 0.00 110.00 0.00 120.00 0.00 0.0088145
4 200.00 0.00 180.00 0.00 100.00 0.00 120.00 0.00 0.0328729
4 165.00 0.00 155.00 0.00 135.00 0.00 145.00 0.00 5.70251
4 195.00 0.00 185.00 0.00 105.00 0.00 115.00 0.00 0.00774171
4 180.00 0.00 165.00 0.00 120.00 0.00 135.00 0.00 0.319079
4 175.00 0.00 165.00 0.00 125.00 0.00 135.00 0.00 0.237067
4 175.00 0.00 170.00 0.00 125.00 0.00 130.00 0.00 0.0292592
4 195.00 0.00 180.00 0.00 105.00 0.00 120.00 0.00 0.0201186
4 180.00 0.00 160.00 0.00 120.00 0.00 140.00 0.00 1.63377
4 185.00 0.00 175.00 0.00 115.00 0.00 125.00 0.00 0.0190444
4 162.50 0.00 160.00 0.00 137.50 0.00 140.00 0.00 0.159183
4 160.00 0.00 157.50 0.00 140.00 0.00 142.50 0.00 0.401087
4 157.50 0.00 155.00 0.00 142.50 0.00 145.00 0.00 1.14112
4 155.00 0.00 152.50 0.00 145.00 0.00 147.50 0.00 5.76557
4 162.50 0.00 160.00 0.00 140.00 0.00 142.50 0.00 0.255703
4 155.00 0.00 152.50 0.00 147.50 0.00 150.00 0.00 28.6002
4 160.00 0.00 157.50 0.00 142.50 0.00 145.00 0.00 0.531936
4 157.50 0.00 155.00 0.00 145.00 0.00 147.50 0.00 2.27475
4 175.00 0.00 160.00 0.00 130.00 0.00 145.00 0.00 3.09698
4 165.00 0.00 160.00 0.00 140.00 0.00 145.00 0.00 1.1193
4 190.00 0.00 165.00 0.00 115.00 0.00 140.00 0.00 0.845394
4 190.00 0.00 175.00 0.00 115.00 0.00 130.00 0.00 0.053429
4 175.00 0.00 170.00 0.00 130.00 0.00 135.00 0.00 0.0533612
4 170.00 0.00 165.00 0.00 135.00 0.00 140.00 0.00 0.246926
4 160.00 0.00 155.00 0.00 145.00 0.00 150.00 0.00 12.1641
4 157.50 0.00 155.00 0.00 147.50 0.00 150.00 0.00 6.67914
4 165.00 0.00 162.50 0.00 140.00 0.00 142.50 0.00 0.24047
4 162.50 0.00 160.00 0.00 142.50 0.00 145.00 0.00 0.326312
4 160.00 0.00 157.50 0.00 145.00 0.00 147.50 0.00 0.941323
4 165.00 0.00 162.50 0.00 142.50 0.00 145.00 0.00 0.295475
4 162.50 0.00 160.00 0.00 145.00 0.00 147.50 0.00 0.532829
4 160.00 0.00 157.50 0.00 147.50 0.00 150.00 0.00 2.24673
4 157.50 0.00 155.00 0.00 150.00 0.00 152.50 0.00 29.2082
4 170.00 0.00 165.00 0.00 140.00 0.00 145.00 0.00 0.479322
4 185.00 0.00 165.00 0.00 125.00 0.00 145.00 0.00 1.60057
4 200.00 0.00 190.00 0.00 110.00 0.00 120.00 0.00 0.00846399
4 175.00 0.00 170.00 0.00 135.00 0.00 140.00 0.00 0.125782
4 185.00 0.00 175.00 0.00 125.00 0.00 135.00 0.00 0.0627756
4 175.00 0.00 165.00 0.00 135.00 0.00 145.00 0.00 1.08654
4 200.00 0.00 185.00 0.00 110.00 0.00 125.00 0.00 0.0195915
4 195.00 0.00 185.00 0.00 115.00 0.00 125.00 0.00 0.00918233
4 185.00 0.00 170.00 0.00 125.00 0.00 140.00 0.00 0.350194
4 170.00 0.00 160.00 0.00 140.00 0.00 150.00 0.00 5.72101
4 180.00 0.00 175.00 0.00 130.00 0.00 135.00 0.00 0.027774
4 165.00 0.00 160.00 0.00 145.00 0.00 150.00 0.00 3.02277
4 180.00 0.00 170.00 0.00 130.00 0.00 140.00 0.00 0.26351
4 195.00 0.00 175.00 0.00 115.00 0.00 135.00 0.00 0.113671
4 190.00 0.00 180.00 0.00 120.00 0.00 130.00 0.00 0.0206871
4 165.00 0.00 162.50 0.00 145.00 0.00 147.50 0.00 0.46269
4 160.00 0.00 157.50 0.00 150.00 0.00 152.50 0.00 6.84483
4 167.50 0.00 165.00 0.00 142.50 0.00 145.00 0.00 0.165659
4 162.50 0.00 160.00 0.00 147.50 0.00 150.00 0.00 1.12163
4 165.00 0.00 162.50 0.00 147.50 0.00 150.00 0.00 0.903154
4 167.50 0.00 165.00 0.00 145.00 0.00 147.50 0.00 0.252237
4 162.50 0.00 160.00 0.00 150.00 0.00 152.50 0.00 2.75801
4 160.00 0.00 157.50 0.00 152.50 0.00 155.00 0.00 22.0182
4 180.00 0.00 175.00 0.00 135.00 0.00 140.00 0.00 0.0574188
4 165.00 0.00 160.00 0.00 150.00 0.00 155.00 0.00 14.2722
4 175.00 0.00 170.00 0.00 140.00 0.00 145.00 0.00 0.231504
4 195.00 0.00 170.00 0.00 120.00 0.00 145.00 0.00 0.808048
4 170.00 0.00 165.00 0.00 145.00 0.00 150.00 0.00 1.1041
4 180.00 0.00 165.00 0.00 135.00 0.00 150.00 0.00 3.00855
4 195.00 0.00 180.00 0.00 120.00 0.00 135.00 0.00 0.0516529
4 162.50 0.00 160.00 0.00 152.50 0.00 155.00 0.00 5.79952
4 165.00 0.00 162.50 0.00 150.00 0.00 152.50 0.00 2.03863
4 170.00 0.00 167.50 0.00 145.00 0.00 147.50 0.00 0.138493
4 167.50 0.00 165.00 0.00 147.50 0.00 150.00 0.00 0.468839
4 167.50 0.00 165.00 0.00 150.00 0.00 152.50 0.00 0.969515
4 165.00 0.00 162.50 0.00 152.50 0.00 155.00 0.00 3.67347
4 170.00 0.00 167.50 0.00 147.50 0.00 150.00 0.00 0.241327
4 162.50 0.00 160.00 0.00 155.00 0.00 157.50 0.00 21.3455
4 175.00 0.00 165.00 0.00 145.00 0.00 155.00 0.00 6.71569
4 195.00 0.00 185.00 0.00 125.00 0.00 135.00 0.00 0.0213279
4 190.00 0.00 170.00 0.00 130.00 0.00 150.00 0.00 1.45378
4 200.00 0.00 180.00 0.00 120.00 0.00 140.00 0.00 0.113677
4 185.00 0.00 180.00 0.00 135.00 0.00 140.00 0.00 0.0242659
4 190.00 0.00 175.00 0.00 130.00 0.00 145.00 0.00 0.284517
4 190.00 0.00 180.00 0.00 130.00 0.00 140.00 0.00 0.0486493
4 180.00 0.00 175.00 0.00 140.00 0.00 145.00 0.00 0.0975613
4 170.00 0.00 165.00 0.00 150.00 0.00 155.00 0.00 3.74295
4 185.00 0.00 175.00 0.00 135.00 0.00 145.00 0.00 0.216072
4 180.00 0.00 170.00 0.00 140.00 0.00 150.00 0.00 0.999864
4 175.00 0.00 170.00 0.00 145.00 0.00 150.00 0.00 0.48131
4 200.00 0.00 190.00 0.00 120.00 0.00 130.00 0.00 0.0142374
4 165.00 0.00 162.50 0.00 155.00 0.00 157.50 0.00 9.58248
4 172.50 0.00 170.00 0.00 147.50 0.00 150.00 0.00 0.176801
4 170.00 0.00 167.50 0.00 150.00 0.00 152.50 0.00 0.483953
4 167.50 0.00 165.00 0.00 152.50 0.00 155.00 0.00 1.56827
4 172.50 0.00 170.00 0.00 150.00 0.00 152.50 0.00 0.341628
4 165.00 0.00 162.50 0.00 157.50 0.00 160.00 0.00 28.2771
4 167.50 0.00 165.00 0.00 155.00 0.00 157.50 0.00 3.33291
4 170.00 0.00 167.50 0.00 152.50 0.00 155.00 0.00 0.717792
4 185.00 0.00 170.00 0.00 140.00 0.00 155.00 0.00 3.13984
4 185.00 0.00 180.00 0.00 140.00 0.00 145.00 0.00 0.0364296
4 200.00 0.00 185.00 0.00 125.00 0.00 140.00 0.00 0.0595308
4 175.00 0.00 170.00 0.00 150.00 0.00 155.00 0.00 1.39353
4 180.00 0.00 175.00 0.00 145.00 0.00 150.00 0.00 0.188408
4 170.00 0.00 165.00 0.00 155.00 0.00 160.00 0.00 13.8278
4 200.00 0.00 175.00 0.00 125.00 0.00 150.00 0.00 0.679693
4 172.50 0.00 170.00 0.00 152.50 0.00 155.00 0.00 0.491322
4 167.50 0.00 165.00 0.00 157.50 0.00 160.00 0.00 6.70228
4 170.00 0.00 167.50 0.00 155.00 0.00 157.50 0.00 1.3894
4 175.00 0.00 172.50 0.00 150.00 0.00 152.50 0.00 0.235069
4 170.00 0.00 167.50 0.00 157.50 0.00 160.00 0.00 2.37633
4 172.50 0.00 170.00 0.00 155.00 0.00 157.50 0.00 0.883072
4 167.50 0.00 165.00 0.00 160.00 0.00 162.50 0.00 19.2991
4 175.00 0.00 172.50 0.00 152.50 0.00 155.00 0.00 0.324169
4 190.00 0.00 185.00 0.00 140.00 0.00 145.00 0.00 0.0158499
4 195.00 0.00 175.00 0.00 135.00 0.00 155.00 0.00 1.2796
4 200.00 0.00 190.00 0.00 130.00 0.00 140.00 0.00 0.030617
4 195.00 0.00 180.00 0.00 135.00 0.00 150.00 0.00 0.208757
4 185.00 0.00 175.00 0.00 145.00 0.00 155.00 0.00 0.898913
4 180.00 0.00 170.00 0.00 150.00 0.00 160.00 0.00 6.58529
4 180.00 0.00 175.00 0.00 150.00 0.00 155.00 0.00 0.495966
4 175.00 0.00 170.00 0.00 155.00 0.00 160.00 0.00 3.60904
4 195.00 0.00 185.00 0.00 135.00 0.00 145.00 0.00 0.0420045
4 185.00 0.00 180.00 0.00 145.00 0.00 150.00 0.00 0.0638864
4 190.00 0.00 180.00 0.00 140.00 0.00 150.00 0.00 0.142222
4 175.00 0.00 172.50 0.00 155.00 0.00 157.50 0.00 0.555106
4 170.00 0.00 167.50 0.00 160.00 0.00 162.50 0.00 5.13312
4 177.50 0.00 175.00 0.00 152.50 0.00 155.00 0.00 0.225186
4 172.50 0.00 170.00 0.00 157.50 0.00 160.00 0.00 1.36643
4 172.50 0.00 170.00 0.00 160.00 0.00 162.50 0.00 2.57029
4 175.00 0.00 172.50 0.00 157.50 0.00 160.00 0.00 0.799402
4 170.00 0.00 167.50 0.00 162.50 0.00 165.00 0.00 23.8583
4 177.50 0.00 175.00 0.00 155.00 0.00 157.50 0.00 0.371144
4 180.00 0.00 175.00 0.00 155.00 0.00 160.00 0.00 1.09197
4 190.00 0.00 185.00 0.00 145.00 0.00 150.00 0.00 0.0236898
4 190.00 0.00 175.00 0.00 145.00 0.00 160.00 0.00 2.44107
4 175.00 0.00 170.00 0.00 160.00 0.00 165.00 0.00 16.3544
4 185.00 0.00 180.00 0.00 150.00 0.00 155.00 0.00 0.150861
4 177.50 0.00 175.00 0.00 157.50 0.00 160.00 0.00 0.510964
4 175.00 0.00 172.50 0.00 160.00 0.00 162.50 0.00 1.36526
4 172.50 0.00 170.00 0.00 162.50 0.00 165.00 0.00 8.67551
4 180.00 0.00 177.50 0.00 155.00 0.00 157.50 0.00 0.0920156
4 180.00 0.00 177.50 0.00 157.50 0.00 160.00 0.00 0.118621
4 175.00 0.00 172.50 0.00 162.50 0.00 165.00 0.00 3.74423
4 177.50 0.00 175.00 0.00 160.00 0.00 162.50 0.00 0.824866
4 172.50 0.00 170.00 0.00 165.00 0.00 167.50 0.00 35.0404
4 200.00 0.00 180.00 0.00 140.00 0.00 160.00 0.00 0.907433
4 180.00 0.00 175.00 0.00 160.00 0.00 165.00 0.00 3.48121
4 190.00 0.00 185.00 0.00 150.00 0.00 155.00 0.00 0.0506396
4 195.00 0.00 190.00 0.00 145.00 0.00 150.00 0.00 0.018045
4 200.00 0.00 190.00 0.00 140.00 0.00 150.00 0.00 0.0498565
4 190.00 0.00 180.00 0.00 150.00 0.00 160.00 0.00 0.576289
4 185.00 0.00 180.00 0.00 155.00 0.00 160.00 0.00 0.287467
4 195.00 0.00 185.00 0.00 145.00 0.00 155.00 0.00 0.125276
4 200.00 0.00 185.00 0.00 140.00 0.00 155.00 0.00 0.198317
4 185.00 0.00 175.00 0.00 155.00 0.00 165.00 0.00 5.60488
4 182.50 0.00 180.00 0.00 157.50 0.00 160.00 0.00 0.0937003
4 175.00 0.00 172.50 0.00 165.00 0.00 167.50 0.00 9.60205
4 180.00 0.00 177.50 0.00 160.00 0.00 162.50 0.00 0.181314
4 177.50 0.00 175.00 0.00 162.50 0.00 165.00 0.00 2.06189
4 175.00 0.00 172.50 0.00 167.50 0.00 170.00 0.00 29.0948
4 182.50 0.00 180.00 0.00 160.00 0.00 162.50 0.00 0.138969
4 180.00 0.00 177.50 0.00 162.50 0.00 165.00 0.00 0.411257
4 177.50 0.00 175.00 0.00 165.00 0.00 167.50 0.00 4.41373
4 190.00 0.00 185.00 0.00 155.00 0.00 160.00 0.00 0.0859612
4 180.00 0.00 175.00 0.00 165.00 0.00 170.00 0.00 16.3862
4 195.00 0.00 190.00 0.00 150.00 0.00 155.00 0.00 0.030469
4 185.00 0.00 180.00 0.00 160.00 0.00 165.00 0.00 0.748545
4 195.00 0.00 180.00 0.00 150.00 0.00 165.00 0.00 1.68973
4 180.00 0.00 177.50 0.00 165.00 0.00 167.50 0.00 0.741472
4 177.50 0.00 175.00 0.00 167.50 0.00 170.00 0.00 9.90355
4 185.00 0.00 182.50 0.00 160.00 0.00 162.50 0.00 0.0955277
4 182.50 0.00 180.00 0.00 162.50 0.00 165.00 0.00 0.308082
4 180.00 0.00 177.50 0.00 167.50 0.00 170.00 0.00 1.31619
4 177.50 0.00 175.00 0.00 170.00 0.00 172.50 0.00 34.2241
4 182.50 0.00 180.00 0.00 165.00 0.00 167.50 0.00 0.521095
4 185.00 0.00 182.50 0.00 162.50 0.00 165.00 0.00 0.204325
4 185.00 0.00 180.00 0.00 165.00 0.00 170.00 0.00 2.26825
4 195.00 0.00 190.00 0.00 155.00 0.00 160.00 0.00 0.0484831
4 200.00 0.00 190.00 0.00 150.00 0.00 160.00 0.00 0.139181
4 190.00 0.00 180.00 0.00 160.00 0.00 170.00 0.00 3.69625
4 200.00 0.00 195.00 0.00 150.00 0.00 155.00 0.00 0.0242252
4 190.00 0.00 185.00 0.00 160.00 0.00 165.00 0.00 0.193159
4 195.00 0.00 185.00 0.00 155.00 0.00 165.00 0.00 0.417963
4 182.50 0.00 180.00 0.00 167.50 0.00 170.00 0.00 0.883418
4 187.50 0.00 185.00 0.00 162.50 0.00 165.00 0.00 0.0794173
4 185.00 0.00 182.50 0.00 165.00 0.00 167.50 0.00 0.333523
4 180.00 0.00 177.50 0.00 170.00 0.00 172.50 0.00 3.01829
4 187.50 0.00 185.00 0.00 165.00 0.00 167.50 0.00 0.123253
4 185.00 0.00 182.50 0.00 167.50 0.00 170.00 0.00 0.528366
4 180.00 0.00 177.50 0.00 172.50 0.00 175.00 0.00 12.1402
4 182.50 0.00 180.00 0.00 170.00 0.00 172.50 0.00 1.78732
4 190.00 0.00 185.00 0.00 165.00 0.00 170.00 0.00 0.489336
4 195.00 0.00 190.00 0.00 160.00 0.00 165.00 0.00 0.0895461
4 200.00 0.00 185.00 0.00 155.00 0.00 170.00 0.00 1.29933
4 200.00 0.00 195.00 0.00 155.00 0.00 160.00 0.00 0.0360281
4 185.00 0.00 180.00 0.00 170.00 0.00 175.00 0.00 11.4222
4 182.50 0.00 180.00 0.00 172.50 0.00 175.00 0.00 5.77889
4 190.00 0.00 187.50 0.00 165.00 0.00 167.50 0.00 0.0735914
4 187.50 0.00 185.00 0.00 167.50 0.00 170.00 0.00 0.187239
4 185.00 0.00 182.50 0.00 170.00 0.00 172.50 0.00 1.00977
4 190.00 0.00 187.50 0.00 167.50 0.00 170.00 0.00 0.104673
4 187.50 0.00 185.00 0.00 170.00 0.00 172.50 0.00 0.336049
4 185.00 0.00 182.50 0.00 172.50 0.00 175.00 0.00 2.84376
4 182.50 0.00 180.00 0.00 175.00 0.00 177.50 0.00 27.142
4 195.00 0.00 185.00 0.00 165.00 0.00 175.00 0.00 3.00462
4 190.00 0.00 185.00 0.00 170.00 0.00 175.00 0.00 1.80733
4 200.00 0.00 190.00 0.00 160.00 0.00 170.00 0.00 0.44982
4 195.00 0.00 190.00 0.00 165.00 0.00 170.00 0.00 0.184725
4 200.00 0.00 195.00 0.00 160.00 0.00 165.00 0.00 0.0621878
4 190.00 0.00 187.50 0.00 170.00 0.00 172.50 0.00 0.178217
4 192.50 0.00 190.00 0.00 167.50 0.00 170.00 0.00 0.0576546
4 187.50 0.00 185.00 0.00 172.50 0.00 175.00 0.00 0.871155
4 185.00 0.00 182.50 0.00 175.00 0.00 177.50 0.00 9.64065
4 192.50 0.00 190.00 0.00 170.00 0.00 172.50 0.00 0.0972003
4 187.50 0.00 185.00 0.00 175.00 0.00 177.50 0.00 2.53871
4 190.00 0.00 187.50 0.00 172.50 0.00 175.00 0.00 0.424352
4 185.00 0.00 182.50 0.00 177.50 0.00 180.00 0.00 19.2029
4 190.00 0.00 185.00 0.00 175.00 0.00 180.00 0.00 8.99708
4 200.00 0.00 195.00 0.00 165.00 0.00 170.00 0.00 0.11249
4 195.00 0.00 190.00 0.00 170.00 0.00 175.00 0.00 0.525478
4 190.00 0.00 187.50 0.00 175.00 0.00 177.50 0.00 1.09899
4 195.00 0.00 192.50 0.00 170.00 0.00 172.50 0.00 0.0716476
4 187.50 0.00 185.00 0.00 177.50 0.00 180.00 0.00 3.91107
4 192.50 0.00 190.00 0.00 172.50 0.00 175.00 0.00 0.20861
4 192.50 0.00 190.00 0.00 175.00 0.00 177.50 0.00 0.495184
4 190.00 0.00 187.50 0.00 177.50 0.00 180.00 0.00 1.45212
4 195.00 0.00 192.50 0.00 172.50 0.00 175.00 0.00 0.1456
4 187.50 0.00 185.00 0.00 180.00 0.00 182.50 0.00 13.3877
4 200.00 0.00 195.00 0.00 170.00 0.00 175.00 0.00 0.271685
4 200.00 0.00 190.00 0.00 170.00 0.00 180.00 0.00 3.23477
4 195.00 0.00 190.00 0.00 175.00 0.00 180.00 0.00 1.72331
4 190.00 0.00 187.50 0.00 180.00 0.00 182.50 0.00 4.04748
4 197.50 0.00 195.00 0.00 172.50 0.00 175.00 0.00 0.105456
4 195.00 0.00 192.50 0.00 175.00 0.00 177.50 0.00 0.321667
4 192.50 0.00 190.00 0.00 177.50 0.00 180.00 0.00 0.571733
4 190.00 0.00 187.50 0.00 182.50 0.00 185.00 0.00 20.1816
4 197.50 0.00 195.00 0.00 175.00 0.00 177.50 0.00 0.221683
4 195.00 0.00 192.50 0.00 177.50 0.00 180.00 0.00 0.336235
4 192.50 0.00 190.00 0.00 180.00 0.00 182.50 0.00 1.38981
4 195.00 0.00 190.00 0.00 180.00 0.00 185.00 0.00 9.13194
4 200.00 0.00 195.00 0.00 175.00 0.00 180.00 0.00 0.717683
4 192.50 0.00 190.00 0.00 182.50 0.00 185.00 0.00 4.86875
4 195.00 0.00 192.50 0.00 180.00 0.00 182.50 0.00 0.736701
4 197.50 0.00 195.00 0.00 177.50 0.00 180.00 0.00 0.215571
4 200.00 0.00 197.50 0.00 175.00 0.00 177.50 0.00 0.145515
4 195.00 0.00 192.50 0.00 182.50 0.00 185.00 0.00 2.14153
4 197.50 0.00 195.00 0.00 180.00 0.00 182.50 0.00 0.432018
4 200.00 0.00 197.50 0.00 177.50 0.00 180.00 0.00 0.134679
4 192.50 0.00 190.00 0.00 185.00 0.00 187.50 0.00 13.126
4 200.00 0.00 195.00 0.00 180.00 0.00 185.00 0.00 2.41278
4 200.00 0.00 197.50 0.00 180.00 0.00 182.50 0.00 0.257585
4 197.50 0.00 195.00 0.00 182.50 0.00 185.00 0.00 1.1138
4 195.00 0.00 192.50 0.00 185.00 0.00 187.50 0.00 4.0783
4 200.00 0.00 197.50 0.00 182.50 0.00 185.00 0.00 0.609258
4 197.50 0.00 195.00 0.00 185.00 0.00 187.50 0.00 1.76888
4 195.00 0.00 192.50 0.00 187.50 0.00 190.00 0.00 17.4502
4 200.00 0.00 195.00 0.00 185.00 0.00 190.00 0.00 9.6235
4 200.00 0.00 197.50 0.00 185.00 0.00 187.50 0.00 0.873963
4 197.50 0.00 195.00 0.00 187.50 0.00 190.00 0.00 4.92636
4 200.00 0.00 197.50 0.00 187.50 0.00 190.00 0.00 2.06044
4 197.50 0.00 195.00 0.00 190.00 0.00 192.50 0.00 17.9851
4 200.00 0.00 197.50 0.00 190.00 0.00 192.50 0.00 5.17618
4 200.00 0.00 197.50 0.00 192.50 0.00 195.00 0.00 22.1918
0
0
0
0
0
0
0
0
