Project5 Gradient XL_1
5.00
11
15
Type of measurement (0=app.resistivity,1=resistance)
1
1477
2
0
4 0.00 0.00 45.00 0.00 5.00 0.00 10.00 0.00 11.3495
4 0.00 0.00 45.00 0.00 10.00 0.00 15.00 0.00 5.41692
4 5.00 0.00 50.00 0.00 10.00 0.00 15.00 0.00 11.0764
4 0.00 0.00 45.00 0.00 15.00 0.00 20.00 0.00 4.21057
4 0.00 0.00 45.00 0.00 20.00 0.00 25.00 0.00 3.49143
4 5.00 0.00 50.00 0.00 15.00 0.00 20.00 0.00 5.95734
4 0.00 0.00 45.00 0.00 25.00 0.00 30.00 0.00 3.77373
4 5.00 0.00 50.00 0.00 20.00 0.00 25.00 0.00 3.94091
4 10.00 0.00 55.00 0.00 15.00 0.00 20.00 0.00 11.9258
4 0.00 0.00 45.00 0.00 30.00 0.00 35.00 0.00 6.0201
4 5.00 0.00 50.00 0.00 25.00 0.00 30.00 0.00 3.32414
4 10.00 0.00 55.00 0.00 20.00 0.00 25.00 0.00 5.64793
4 0.00 0.00 45.00 0.00 35.00 0.00 40.00 0.00 10.0834
4 15.00 0.00 60.00 0.00 20.00 0.00 25.00 0.00 13.1059
4 5.00 0.00 50.00 0.00 30.00 0.00 35.00 0.00 3.92261
4 10.00 0.00 55.00 0.00 25.00 0.00 30.00 0.00 3.67227
4 0.00 0.00 90.00 0.00 10.00 0.00 20.00 0.00 8.1105
4 15.00 0.00 60.00 0.00 25.00 0.00 30.00 0.00 5.53179
4 10.00 0.00 55.00 0.00 30.00 0.00 35.00 0.00 3.31858
4 5.00 0.00 50.00 0.00 35.00 0.00 40.00 0.00 4.51921
4 20.00 0.00 65.00 0.00 25.00 0.00 30.00 0.00 14.2088
4 5.00 0.00 50.00 0.00 40.00 0.00 45.00 0.00 11.8265
4 0.00 0.00 90.00 0.00 20.00 0.00 30.00 0.00 3.69789
4 10.00 0.00 55.00 0.00 35.00 0.00 40.00 0.00 2.8546
4 5.00 0.00 95.00 0.00 15.00 0.00 25.00 0.00 8.31638
4 15.00 0.00 60.00 0.00 30.00 0.00 35.00 0.00 3.73552
4 20.00 0.00 65.00 0.00 30.00 0.00 35.00 0.00 6.23942
4 15.00 0.00 60.00 0.00 35.00 0.00 40.00 0.00 2.4356
4 10.00 0.00 55.00 0.00 40.00 0.00 45.00 0.00 4.88232
4 25.00 0.00 70.00 0.00 30.00 0.00 35.00 0.00 16.3209
4 20.00 0.00 65.00 0.00 35.00 0.00 40.00 0.00 2.95536
4 15.00 0.00 60.00 0.00 40.00 0.00 45.00 0.00 2.92114
4 5.00 0.00 95.00 0.00 25.00 0.00 35.00 0.00 3.49282
4 10.00 0.00 55.00 0.00 45.00 0.00 50.00 0.00 13.7253
4 0.00 0.00 90.00 0.00 30.00 0.00 40.00 0.00 2.13544
4 10.00 0.00 100.00 0.00 20.00 0.00 30.00 0.00 7.78172
4 25.00 0.00 70.00 0.00 35.00 0.00 40.00 0.00 4.9532
4 20.00 0.00 65.00 0.00 40.00 0.00 45.00 0.00 2.58823
4 15.00 0.00 60.00 0.00 45.00 0.00 50.00 0.00 5.14963
4 20.00 0.00 65.00 0.00 45.00 0.00 50.00 0.00 3.31885
4 15.00 0.00 60.00 0.00 50.00 0.00 55.00 0.00 11.5512
4 30.00 0.00 75.00 0.00 35.00 0.00 40.00 0.00 13.4122
4 0.00 0.00 90.00 0.00 40.00 0.00 50.00 0.00 1.7956
4 5.00 0.00 95.00 0.00 35.00 0.00 45.00 0.00 1.8271
4 10.00 0.00 100.00 0.00 30.00 0.00 40.00 0.00 3.03824
4 25.00 0.00 70.00 0.00 40.00 0.00 45.00 0.00 3.03111
4 15.00 0.00 105.00 0.00 25.00 0.00 35.00 0.00 7.74912
4 30.00 0.00 75.00 0.00 40.00 0.00 45.00 0.00 4.84038
4 20.00 0.00 65.00 0.00 50.00 0.00 55.00 0.00 4.97564
4 25.00 0.00 70.00 0.00 45.00 0.00 50.00 0.00 2.94277
4 25.00 0.00 70.00 0.00 50.00 0.00 55.00 0.00 3.34621
4 20.00 0.00 110.00 0.00 30.00 0.00 40.00 0.00 7.87178
4 20.00 0.00 65.00 0.00 55.00 0.00 60.00 0.00 10.9129
4 30.00 0.00 75.00 0.00 45.00 0.00 50.00 0.00 3.4286
4 5.00 0.00 95.00 0.00 45.00 0.00 55.00 0.00 1.9324
4 10.00 0.00 100.00 0.00 40.00 0.00 50.00 0.00 1.94874
4 15.00 0.00 105.00 0.00 35.00 0.00 45.00 0.00 2.58203
4 0.00 0.00 90.00 0.00 50.00 0.00 60.00 0.00 2.16669
4 35.00 0.00 80.00 0.00 40.00 0.00 45.00 0.00 12.5875
4 30.00 0.00 75.00 0.00 50.00 0.00 55.00 0.00 3.01415
4 25.00 0.00 70.00 0.00 55.00 0.00 60.00 0.00 4.98621
4 35.00 0.00 80.00 0.00 45.00 0.00 50.00 0.00 5.54583
4 30.00 0.00 75.00 0.00 55.00 0.00 60.00 0.00 3.3638
4 25.00 0.00 115.00 0.00 35.00 0.00 45.00 0.00 6.77978
4 0.00 0.00 90.00 0.00 60.00 0.00 70.00 0.00 2.72382
4 20.00 0.00 110.00 0.00 40.00 0.00 50.00 0.00 2.83782
4 25.00 0.00 70.00 0.00 60.00 0.00 65.00 0.00 9.85758
4 40.00 0.00 85.00 0.00 45.00 0.00 50.00 0.00 11.108
4 10.00 0.00 100.00 0.00 50.00 0.00 60.00 0.00 1.98351
4 15.00 0.00 105.00 0.00 45.00 0.00 55.00 0.00 2.10101
4 5.00 0.00 95.00 0.00 55.00 0.00 65.00 0.00 2.11035
4 35.00 0.00 80.00 0.00 50.00 0.00 55.00 0.00 3.64318
4 30.00 0.00 75.00 0.00 60.00 0.00 65.00 0.00 4.277
4 40.00 0.00 85.00 0.00 50.00 0.00 55.00 0.00 5.28578
4 35.00 0.00 80.00 0.00 55.00 0.00 60.00 0.00 3.06852
4 30.00 0.00 120.00 0.00 40.00 0.00 50.00 0.00 6.952
4 25.00 0.00 115.00 0.00 45.00 0.00 55.00 0.00 3.13555
4 0.00 0.00 180.00 0.00 20.00 0.00 40.00 0.00 4.75362
4 10.00 0.00 100.00 0.00 60.00 0.00 70.00 0.00 2.05816
4 20.00 0.00 110.00 0.00 50.00 0.00 60.00 0.00 2.2037
4 0.00 0.00 90.00 0.00 70.00 0.00 80.00 0.00 6.01271
4 40.00 0.00 85.00 0.00 55.00 0.00 60.00 0.00 3.47746
4 5.00 0.00 95.00 0.00 65.00 0.00 75.00 0.00 2.79382
4 30.00 0.00 75.00 0.00 65.00 0.00 70.00 0.00 11.666
4 15.00 0.00 105.00 0.00 55.00 0.00 65.00 0.00 1.91123
4 45.00 0.00 90.00 0.00 50.00 0.00 55.00 0.00 12.2363
4 35.00 0.00 80.00 0.00 60.00 0.00 65.00 0.00 2.86527
4 45.00 0.00 90.00 0.00 55.00 0.00 60.00 0.00 5.45127
4 35.00 0.00 80.00 0.00 65.00 0.00 70.00 0.00 4.2692
4 40.00 0.00 85.00 0.00 60.00 0.00 65.00 0.00 2.58653
4 20.00 0.00 110.00 0.00 60.00 0.00 70.00 0.00 1.85632
4 45.00 0.00 90.00 0.00 60.00 0.00 65.00 0.00 3.06307
4 35.00 0.00 80.00 0.00 70.00 0.00 75.00 0.00 10.9666
4 5.00 0.00 185.00 0.00 25.00 0.00 45.00 0.00 4.29517
4 5.00 0.00 95.00 0.00 75.00 0.00 85.00 0.00 5.95764
4 15.00 0.00 105.00 0.00 65.00 0.00 75.00 0.00 2.06247
4 25.00 0.00 115.00 0.00 55.00 0.00 65.00 0.00 2.15033
4 30.00 0.00 120.00 0.00 50.00 0.00 60.00 0.00 3.28765
4 35.00 0.00 125.00 0.00 45.00 0.00 55.00 0.00 7.85966
4 50.00 0.00 95.00 0.00 55.00 0.00 60.00 0.00 14.0518
4 40.00 0.00 85.00 0.00 65.00 0.00 70.00 0.00 2.86019
4 10.00 0.00 100.00 0.00 70.00 0.00 80.00 0.00 2.97726
4 45.00 0.00 90.00 0.00 65.00 0.00 70.00 0.00 2.68108
4 50.00 0.00 95.00 0.00 60.00 0.00 65.00 0.00 4.99735
4 40.00 0.00 85.00 0.00 70.00 0.00 75.00 0.00 3.98001
4 15.00 0.00 105.00 0.00 75.00 0.00 85.00 0.00 2.91483
4 10.00 0.00 190.00 0.00 30.00 0.00 50.00 0.00 3.99314
4 50.00 0.00 95.00 0.00 65.00 0.00 70.00 0.00 3.23129
4 20.00 0.00 110.00 0.00 70.00 0.00 80.00 0.00 2.11438
4 25.00 0.00 115.00 0.00 65.00 0.00 75.00 0.00 1.8801
4 40.00 0.00 130.00 0.00 50.00 0.00 60.00 0.00 7.43283
4 10.00 0.00 100.00 0.00 80.00 0.00 90.00 0.00 5.97535
4 30.00 0.00 120.00 0.00 60.00 0.00 70.00 0.00 2.08499
4 40.00 0.00 85.00 0.00 75.00 0.00 80.00 0.00 11.6404
4 35.00 0.00 125.00 0.00 55.00 0.00 65.00 0.00 3.251
4 45.00 0.00 90.00 0.00 70.00 0.00 75.00 0.00 2.8151
4 0.00 0.00 180.00 0.00 40.00 0.00 60.00 0.00 1.94498
4 55.00 0.00 100.00 0.00 60.00 0.00 65.00 0.00 11.6336
4 45.00 0.00 90.00 0.00 75.00 0.00 80.00 0.00 4.57755
4 50.00 0.00 95.00 0.00 70.00 0.00 75.00 0.00 2.69892
4 55.00 0.00 100.00 0.00 65.00 0.00 70.00 0.00 4.93787
4 5.00 0.00 185.00 0.00 45.00 0.00 65.00 0.00 2.00125
4 40.00 0.00 130.00 0.00 60.00 0.00 70.00 0.00 2.94091
4 30.00 0.00 120.00 0.00 70.00 0.00 80.00 0.00 1.92859
4 15.00 0.00 195.00 0.00 35.00 0.00 55.00 0.00 3.72756
4 55.00 0.00 100.00 0.00 70.00 0.00 75.00 0.00 3.205
4 15.00 0.00 105.00 0.00 85.00 0.00 95.00 0.00 6.4003
4 45.00 0.00 135.00 0.00 55.00 0.00 65.00 0.00 7.22709
4 25.00 0.00 115.00 0.00 75.00 0.00 85.00 0.00 2.05176
4 20.00 0.00 110.00 0.00 80.00 0.00 90.00 0.00 2.70145
4 60.00 0.00 105.00 0.00 65.00 0.00 70.00 0.00 10.9077
4 35.00 0.00 125.00 0.00 65.00 0.00 75.00 0.00 2.13887
4 45.00 0.00 90.00 0.00 80.00 0.00 85.00 0.00 9.95793
4 50.00 0.00 95.00 0.00 75.00 0.00 80.00 0.00 3.25329
4 50.00 0.00 95.00 0.00 80.00 0.00 85.00 0.00 4.07677
4 55.00 0.00 100.00 0.00 75.00 0.00 80.00 0.00 2.97284
4 60.00 0.00 105.00 0.00 70.00 0.00 75.00 0.00 4.90657
4 65.00 0.00 110.00 0.00 70.00 0.00 75.00 0.00 10.4959
4 20.00 0.00 200.00 0.00 40.00 0.00 60.00 0.00 4.08543
4 20.00 0.00 110.00 0.00 90.00 0.00 100.00 0.00 7.10242
4 0.00 0.00 180.00 0.00 60.00 0.00 80.00 0.00 1.50909
4 10.00 0.00 190.00 0.00 50.00 0.00 70.00 0.00 2.02948
4 40.00 0.00 130.00 0.00 70.00 0.00 80.00 0.00 2.13982
4 35.00 0.00 125.00 0.00 75.00 0.00 85.00 0.00 1.88933
4 50.00 0.00 95.00 0.00 85.00 0.00 90.00 0.00 10.9281
4 50.00 0.00 140.00 0.00 60.00 0.00 70.00 0.00 6.94554
4 30.00 0.00 120.00 0.00 80.00 0.00 90.00 0.00 1.88127
4 45.00 0.00 135.00 0.00 65.00 0.00 75.00 0.00 2.94148
4 25.00 0.00 115.00 0.00 85.00 0.00 95.00 0.00 2.71381
4 55.00 0.00 100.00 0.00 80.00 0.00 85.00 0.00 2.88476
4 60.00 0.00 105.00 0.00 75.00 0.00 80.00 0.00 3.40327
4 65.00 0.00 110.00 0.00 75.00 0.00 80.00 0.00 4.8092
4 60.00 0.00 105.00 0.00 80.00 0.00 85.00 0.00 2.62787
4 55.00 0.00 100.00 0.00 85.00 0.00 90.00 0.00 4.33408
4 70.00 0.00 115.00 0.00 75.00 0.00 80.00 0.00 12.2207
4 65.00 0.00 110.00 0.00 80.00 0.00 85.00 0.00 2.86768
4 15.00 0.00 195.00 0.00 55.00 0.00 75.00 0.00 2.04365
4 5.00 0.00 185.00 0.00 65.00 0.00 85.00 0.00 1.50789
4 40.00 0.00 130.00 0.00 80.00 0.00 90.00 0.00 1.71884
4 60.00 0.00 105.00 0.00 85.00 0.00 90.00 0.00 2.92085
4 45.00 0.00 135.00 0.00 75.00 0.00 85.00 0.00 2.07874
4 25.00 0.00 115.00 0.00 95.00 0.00 105.00 0.00 7.6844
4 30.00 0.00 120.00 0.00 90.00 0.00 100.00 0.00 2.87498
4 35.00 0.00 125.00 0.00 85.00 0.00 95.00 0.00 1.86962
4 55.00 0.00 145.00 0.00 65.00 0.00 75.00 0.00 6.8682
4 50.00 0.00 140.00 0.00 70.00 0.00 80.00 0.00 3.05929
4 55.00 0.00 100.00 0.00 90.00 0.00 95.00 0.00 12.4542
4 70.00 0.00 115.00 0.00 80.00 0.00 85.00 0.00 4.25565
4 65.00 0.00 110.00 0.00 85.00 0.00 90.00 0.00 2.44372
4 60.00 0.00 105.00 0.00 90.00 0.00 95.00 0.00 4.68598
4 70.00 0.00 115.00 0.00 85.00 0.00 90.00 0.00 2.61758
4 65.00 0.00 110.00 0.00 90.00 0.00 95.00 0.00 2.94751
4 0.00 0.00 270.00 0.00 30.00 0.00 60.00 0.00 3.3016
4 10.00 0.00 190.00 0.00 70.00 0.00 90.00 0.00 1.47427
4 0.00 0.00 180.00 0.00 80.00 0.00 100.00 0.00 1.28089
4 50.00 0.00 140.00 0.00 80.00 0.00 90.00 0.00 1.92242
4 30.00 0.00 210.00 0.00 50.00 0.00 70.00 0.00 4.48129
4 40.00 0.00 130.00 0.00 90.00 0.00 100.00 0.00 2.00995
4 20.00 0.00 200.00 0.00 60.00 0.00 80.00 0.00 2.09754
4 75.00 0.00 120.00 0.00 80.00 0.00 85.00 0.00 11.2406
4 30.00 0.00 120.00 0.00 100.00 0.00 110.00 0.00 7.5708
4 35.00 0.00 125.00 0.00 95.00 0.00 105.00 0.00 3.00911
4 45.00 0.00 135.00 0.00 85.00 0.00 95.00 0.00 1.70966
4 60.00 0.00 150.00 0.00 70.00 0.00 80.00 0.00 6.96883
4 55.00 0.00 145.00 0.00 75.00 0.00 85.00 0.00 3.00402
4 60.00 0.00 105.00 0.00 95.00 0.00 100.00 0.00 15.462
4 75.00 0.00 120.00 0.00 85.00 0.00 90.00 0.00 3.76843
4 70.00 0.00 115.00 0.00 90.00 0.00 95.00 0.00 2.48662
4 65.00 0.00 110.00 0.00 95.00 0.00 100.00 0.00 5.4227
4 75.00 0.00 120.00 0.00 90.00 0.00 95.00 0.00 2.62287
4 70.00 0.00 115.00 0.00 95.00 0.00 100.00 0.00 3.35927
4 65.00 0.00 110.00 0.00 100.00 0.00 105.00 0.00 16.1754
4 65.00 0.00 155.00 0.00 75.00 0.00 85.00 0.00 6.43715
4 55.00 0.00 145.00 0.00 85.00 0.00 95.00 0.00 1.91082
4 15.00 0.00 195.00 0.00 75.00 0.00 95.00 0.00 1.4672
4 45.00 0.00 135.00 0.00 95.00 0.00 105.00 0.00 2.15586
4 60.00 0.00 150.00 0.00 80.00 0.00 90.00 0.00 2.72929
4 40.00 0.00 130.00 0.00 100.00 0.00 110.00 0.00 3.10639
4 5.00 0.00 185.00 0.00 85.00 0.00 105.00 0.00 1.29996
4 35.00 0.00 125.00 0.00 105.00 0.00 115.00 0.00 6.74169
4 80.00 0.00 125.00 0.00 85.00 0.00 90.00 0.00 10.8463
4 50.00 0.00 140.00 0.00 90.00 0.00 100.00 0.00 1.87038
4 70.00 0.00 115.00 0.00 100.00 0.00 105.00 0.00 5.70629
4 0.00 0.00 300.00 0.00 30.00 0.00 60.00 0.00 3.29915
4 80.00 0.00 125.00 0.00 90.00 0.00 95.00 0.00 3.97362
4 75.00 0.00 120.00 0.00 95.00 0.00 100.00 0.00 2.75092
4 75.00 0.00 120.00 0.00 100.00 0.00 105.00 0.00 3.40443
4 70.00 0.00 115.00 0.00 105.00 0.00 110.00 0.00 16.8066
4 0.00 0.00 180.00 0.00 100.00 0.00 120.00 0.00 1.38213
4 40.00 0.00 220.00 0.00 60.00 0.00 80.00 0.00 4.23417
4 40.00 0.00 130.00 0.00 110.00 0.00 120.00 0.00 6.53618
4 10.00 0.00 190.00 0.00 90.00 0.00 110.00 0.00 1.34372
4 55.00 0.00 145.00 0.00 95.00 0.00 105.00 0.00 2.02319
4 70.00 0.00 160.00 0.00 80.00 0.00 90.00 0.00 5.71805
4 20.00 0.00 200.00 0.00 80.00 0.00 100.00 0.00 1.47614
4 30.00 0.00 210.00 0.00 70.00 0.00 90.00 0.00 2.13188
4 10.00 0.00 280.00 0.00 40.00 0.00 70.00 0.00 3.2541
4 45.00 0.00 135.00 0.00 105.00 0.00 115.00 0.00 2.98626
4 60.00 0.00 150.00 0.00 90.00 0.00 100.00 0.00 2.08531
4 65.00 0.00 155.00 0.00 85.00 0.00 95.00 0.00 2.58135
4 80.00 0.00 125.00 0.00 95.00 0.00 100.00 0.00 3.01544
4 85.00 0.00 130.00 0.00 90.00 0.00 95.00 0.00 9.87968
4 50.00 0.00 140.00 0.00 100.00 0.00 110.00 0.00 2.2723
4 75.00 0.00 120.00 0.00 105.00 0.00 110.00 0.00 5.61286
4 80.00 0.00 125.00 0.00 100.00 0.00 105.00 0.00 2.87335
4 85.00 0.00 130.00 0.00 95.00 0.00 100.00 0.00 4.20391
4 75.00 0.00 120.00 0.00 110.00 0.00 115.00 0.00 14.5388
4 15.00 0.00 195.00 0.00 95.00 0.00 115.00 0.00 1.32647
4 5.00 0.00 185.00 0.00 105.00 0.00 125.00 0.00 1.26116
4 0.00 0.00 270.00 0.00 60.00 0.00 90.00 0.00 1.8068
4 65.00 0.00 155.00 0.00 95.00 0.00 105.00 0.00 2.24381
4 55.00 0.00 145.00 0.00 105.00 0.00 115.00 0.00 2.20272
4 45.00 0.00 135.00 0.00 115.00 0.00 125.00 0.00 6.59616
4 60.00 0.00 150.00 0.00 100.00 0.00 110.00 0.00 2.11624
4 70.00 0.00 160.00 0.00 90.00 0.00 100.00 0.00 2.75928
4 75.00 0.00 165.00 0.00 85.00 0.00 95.00 0.00 5.27012
4 80.00 0.00 125.00 0.00 105.00 0.00 110.00 0.00 3.4638
4 85.00 0.00 130.00 0.00 100.00 0.00 105.00 0.00 3.1024
4 90.00 0.00 135.00 0.00 95.00 0.00 100.00 0.00 10.7876
4 50.00 0.00 140.00 0.00 110.00 0.00 120.00 0.00 2.97138
4 0.00 0.00 330.00 0.00 30.00 0.00 60.00 0.00 3.29646
4 80.00 0.00 125.00 0.00 110.00 0.00 115.00 0.00 4.76604
4 85.00 0.00 130.00 0.00 105.00 0.00 110.00 0.00 3.01938
4 90.00 0.00 135.00 0.00 100.00 0.00 105.00 0.00 4.47819
4 10.00 0.00 310.00 0.00 40.00 0.00 70.00 0.00 3.22475
4 10.00 0.00 190.00 0.00 110.00 0.00 130.00 0.00 1.13215
4 20.00 0.00 290.00 0.00 50.00 0.00 80.00 0.00 3.61053
4 70.00 0.00 160.00 0.00 100.00 0.00 110.00 0.00 2.32574
4 85.00 0.00 130.00 0.00 110.00 0.00 115.00 0.00 3.10027
4 75.00 0.00 165.00 0.00 95.00 0.00 105.00 0.00 2.97735
4 30.00 0.00 210.00 0.00 90.00 0.00 110.00 0.00 1.6216
4 40.00 0.00 220.00 0.00 80.00 0.00 100.00 0.00 2.08027
4 65.00 0.00 155.00 0.00 105.00 0.00 115.00 0.00 2.04478
4 80.00 0.00 170.00 0.00 90.00 0.00 100.00 0.00 5.81333
4 20.00 0.00 200.00 0.00 100.00 0.00 120.00 0.00 1.28196
4 50.00 0.00 230.00 0.00 70.00 0.00 90.00 0.00 4.17329
4 55.00 0.00 145.00 0.00 115.00 0.00 125.00 0.00 3.01635
4 90.00 0.00 135.00 0.00 105.00 0.00 110.00 0.00 3.36474
4 0.00 0.00 180.00 0.00 120.00 0.00 140.00 0.00 1.63955
4 80.00 0.00 125.00 0.00 115.00 0.00 120.00 0.00 13.119
4 50.00 0.00 140.00 0.00 120.00 0.00 130.00 0.00 6.7364
4 95.00 0.00 140.00 0.00 100.00 0.00 105.00 0.00 12.2477
4 60.00 0.00 150.00 0.00 110.00 0.00 120.00 0.00 2.12051
4 90.00 0.00 135.00 0.00 110.00 0.00 115.00 0.00 2.74709
4 0.00 0.00 300.00 0.00 60.00 0.00 90.00 0.00 1.80181
4 95.00 0.00 140.00 0.00 105.00 0.00 110.00 0.00 5.04869
4 85.00 0.00 130.00 0.00 115.00 0.00 120.00 0.00 4.81634
4 0.00 0.00 360.00 0.00 30.00 0.00 60.00 0.00 0.663684
4 15.00 0.00 195.00 0.00 115.00 0.00 135.00 0.00 1.04264
4 60.00 0.00 150.00 0.00 120.00 0.00 130.00 0.00 2.96196
4 95.00 0.00 140.00 0.00 110.00 0.00 115.00 0.00 3.14773
4 70.00 0.00 160.00 0.00 110.00 0.00 120.00 0.00 1.90581
4 65.00 0.00 155.00 0.00 115.00 0.00 125.00 0.00 2.13099
4 5.00 0.00 185.00 0.00 125.00 0.00 145.00 0.00 1.59216
4 80.00 0.00 170.00 0.00 100.00 0.00 110.00 0.00 3.20812
4 55.00 0.00 145.00 0.00 125.00 0.00 135.00 0.00 6.91547
4 85.00 0.00 175.00 0.00 95.00 0.00 105.00 0.00 6.03161
4 85.00 0.00 130.00 0.00 120.00 0.00 125.00 0.00 13.5254
4 10.00 0.00 280.00 0.00 70.00 0.00 100.00 0.00 1.87814
4 75.00 0.00 165.00 0.00 105.00 0.00 115.00 0.00 2.24356
4 90.00 0.00 135.00 0.00 115.00 0.00 120.00 0.00 3.17249
4 100.00 0.00 145.00 0.00 105.00 0.00 110.00 0.00 15.0717
4 10.00 0.00 340.00 0.00 40.00 0.00 70.00 0.00 3.24675
4 95.00 0.00 140.00 0.00 115.00 0.00 120.00 0.00 2.86723
4 100.00 0.00 145.00 0.00 110.00 0.00 115.00 0.00 5.18766
4 90.00 0.00 135.00 0.00 120.00 0.00 125.00 0.00 4.75415
4 20.00 0.00 320.00 0.00 50.00 0.00 80.00 0.00 3.60731
4 40.00 0.00 220.00 0.00 100.00 0.00 120.00 0.00 1.54979
4 65.00 0.00 155.00 0.00 125.00 0.00 135.00 0.00 3.07533
4 0.00 0.00 180.00 0.00 140.00 0.00 160.00 0.00 4.62273
4 30.00 0.00 210.00 0.00 110.00 0.00 130.00 0.00 1.06309
4 30.00 0.00 300.00 0.00 60.00 0.00 90.00 0.00 3.63389
4 10.00 0.00 190.00 0.00 130.00 0.00 150.00 0.00 1.56091
4 50.00 0.00 230.00 0.00 90.00 0.00 110.00 0.00 2.25783
4 60.00 0.00 240.00 0.00 80.00 0.00 100.00 0.00 4.02494
4 105.00 0.00 150.00 0.00 110.00 0.00 115.00 0.00 15.6647
4 80.00 0.00 170.00 0.00 110.00 0.00 120.00 0.00 2.10818
4 85.00 0.00 175.00 0.00 105.00 0.00 115.00 0.00 3.11682
4 90.00 0.00 180.00 0.00 100.00 0.00 110.00 0.00 6.48711
4 20.00 0.00 200.00 0.00 120.00 0.00 140.00 0.00 0.964252
4 100.00 0.00 145.00 0.00 115.00 0.00 120.00 0.00 3.39306
4 0.00 0.00 270.00 0.00 90.00 0.00 120.00 0.00 1.31335
4 60.00 0.00 150.00 0.00 130.00 0.00 140.00 0.00 6.97253
4 70.00 0.00 160.00 0.00 120.00 0.00 130.00 0.00 1.99686
4 75.00 0.00 165.00 0.00 115.00 0.00 125.00 0.00 1.85534
4 95.00 0.00 140.00 0.00 120.00 0.00 125.00 0.00 3.18867
4 90.00 0.00 135.00 0.00 125.00 0.00 130.00 0.00 11.4908
4 0.00 0.00 390.00 0.00 30.00 0.00 60.00 0.00 0.656608
4 0.00 0.00 330.00 0.00 60.00 0.00 90.00 0.00 1.7979
4 105.00 0.00 150.00 0.00 115.00 0.00 120.00 0.00 5.66039
4 95.00 0.00 140.00 0.00 125.00 0.00 130.00 0.00 4.75089
4 100.00 0.00 145.00 0.00 120.00 0.00 125.00 0.00 2.84817
4 10.00 0.00 370.00 0.00 40.00 0.00 70.00 0.00 0.832653
4 10.00 0.00 310.00 0.00 70.00 0.00 100.00 0.00 1.89954
4 5.00 0.00 185.00 0.00 145.00 0.00 165.00 0.00 4.15992
4 20.00 0.00 290.00 0.00 80.00 0.00 110.00 0.00 1.98123
4 15.00 0.00 195.00 0.00 135.00 0.00 155.00 0.00 1.45899
4 100.00 0.00 145.00 0.00 125.00 0.00 130.00 0.00 3.08916
4 95.00 0.00 185.00 0.00 105.00 0.00 115.00 0.00 6.80949
4 80.00 0.00 170.00 0.00 120.00 0.00 130.00 0.00 1.71805
4 75.00 0.00 165.00 0.00 125.00 0.00 135.00 0.00 1.97558
4 85.00 0.00 175.00 0.00 115.00 0.00 125.00 0.00 1.99925
4 90.00 0.00 180.00 0.00 110.00 0.00 120.00 0.00 2.92258
4 105.00 0.00 150.00 0.00 120.00 0.00 125.00 0.00 3.36666
4 95.00 0.00 140.00 0.00 130.00 0.00 135.00 0.00 11.9523
4 65.00 0.00 155.00 0.00 135.00 0.00 145.00 0.00 7.96938
4 70.00 0.00 160.00 0.00 130.00 0.00 140.00 0.00 3.00684
4 110.00 0.00 155.00 0.00 115.00 0.00 120.00 0.00 16.8627
4 20.00 0.00 350.00 0.00 50.00 0.00 80.00 0.00 3.60267
4 100.00 0.00 145.00 0.00 130.00 0.00 135.00 0.00 4.96622
4 0.00 0.00 300.00 0.00 90.00 0.00 120.00 0.00 1.30619
4 105.00 0.00 150.00 0.00 125.00 0.00 130.00 0.00 2.70836
4 110.00 0.00 155.00 0.00 120.00 0.00 125.00 0.00 5.55502
4 30.00 0.00 330.00 0.00 60.00 0.00 90.00 0.00 3.63173
4 0.00 0.00 360.00 0.00 60.00 0.00 90.00 0.00 0.209903
4 10.00 0.00 190.00 0.00 150.00 0.00 170.00 0.00 4.15662
4 100.00 0.00 145.00 0.00 135.00 0.00 140.00 0.00 11.1341
4 10.00 0.00 280.00 0.00 100.00 0.00 130.00 0.00 1.21121
4 50.00 0.00 230.00 0.00 110.00 0.00 130.00 0.00 1.26834
4 70.00 0.00 160.00 0.00 140.00 0.00 150.00 0.00 8.23542
4 110.00 0.00 155.00 0.00 125.00 0.00 130.00 0.00 3.14499
4 100.00 0.00 190.00 0.00 110.00 0.00 120.00 0.00 7.15797
4 90.00 0.00 180.00 0.00 120.00 0.00 130.00 0.00 1.81119
4 30.00 0.00 210.00 0.00 130.00 0.00 150.00 0.00 0.909242
4 60.00 0.00 240.00 0.00 100.00 0.00 120.00 0.00 2.26525
4 80.00 0.00 170.00 0.00 130.00 0.00 140.00 0.00 1.93231
4 85.00 0.00 175.00 0.00 125.00 0.00 135.00 0.00 1.61761
4 20.00 0.00 200.00 0.00 140.00 0.00 160.00 0.00 1.49653
4 95.00 0.00 185.00 0.00 115.00 0.00 125.00 0.00 2.82062
4 40.00 0.00 220.00 0.00 120.00 0.00 140.00 0.00 0.881723
4 75.00 0.00 165.00 0.00 135.00 0.00 145.00 0.00 3.23452
4 70.00 0.00 250.00 0.00 90.00 0.00 110.00 0.00 4.24122
4 115.00 0.00 160.00 0.00 120.00 0.00 125.00 0.00 15.3135
4 105.00 0.00 150.00 0.00 130.00 0.00 135.00 0.00 3.24835
4 10.00 0.00 400.00 0.00 40.00 0.00 70.00 0.00 0.823068
4 10.00 0.00 340.00 0.00 70.00 0.00 100.00 0.00 1.86826
4 40.00 0.00 310.00 0.00 70.00 0.00 100.00 0.00 3.69336
4 110.00 0.00 155.00 0.00 130.00 0.00 135.00 0.00 2.86813
4 105.00 0.00 150.00 0.00 135.00 0.00 140.00 0.00 4.86705
4 115.00 0.00 160.00 0.00 125.00 0.00 130.00 0.00 4.74329
4 20.00 0.00 320.00 0.00 80.00 0.00 110.00 0.00 1.97664
4 20.00 0.00 380.00 0.00 50.00 0.00 80.00 0.00 1.07913
4 115.00 0.00 160.00 0.00 130.00 0.00 135.00 0.00 3.09778
4 110.00 0.00 155.00 0.00 135.00 0.00 140.00 0.00 3.28996
4 105.00 0.00 150.00 0.00 140.00 0.00 145.00 0.00 12.8941
4 30.00 0.00 300.00 0.00 90.00 0.00 120.00 0.00 2.0491
4 0.00 0.00 270.00 0.00 120.00 0.00 150.00 0.00 0.666642
4 15.00 0.00 195.00 0.00 155.00 0.00 175.00 0.00 3.94623
4 85.00 0.00 175.00 0.00 135.00 0.00 145.00 0.00 1.98042
4 80.00 0.00 170.00 0.00 140.00 0.00 150.00 0.00 3.32266
4 90.00 0.00 180.00 0.00 130.00 0.00 140.00 0.00 1.57068
4 95.00 0.00 185.00 0.00 125.00 0.00 135.00 0.00 1.6638
4 100.00 0.00 190.00 0.00 120.00 0.00 130.00 0.00 2.64234
4 105.00 0.00 195.00 0.00 115.00 0.00 125.00 0.00 7.52056
4 75.00 0.00 165.00 0.00 145.00 0.00 155.00 0.00 8.22822
4 120.00 0.00 165.00 0.00 125.00 0.00 130.00 0.00 13.034
4 0.00 0.00 390.00 0.00 60.00 0.00 90.00 0.00 0.204285
4 0.00 0.00 330.00 0.00 90.00 0.00 120.00 0.00 1.30016
4 30.00 0.00 360.00 0.00 60.00 0.00 90.00 0.00 3.62564
4 115.00 0.00 160.00 0.00 135.00 0.00 140.00 0.00 2.69873
4 110.00 0.00 155.00 0.00 140.00 0.00 145.00 0.00 5.87279
4 120.00 0.00 165.00 0.00 130.00 0.00 135.00 0.00 4.70637
4 10.00 0.00 370.00 0.00 70.00 0.00 100.00 0.00 0.617737
4 40.00 0.00 340.00 0.00 70.00 0.00 100.00 0.00 3.6641
4 10.00 0.00 310.00 0.00 100.00 0.00 130.00 0.00 1.20639
4 115.00 0.00 160.00 0.00 140.00 0.00 145.00 0.00 3.63499
4 110.00 0.00 155.00 0.00 145.00 0.00 150.00 0.00 14.7757
4 50.00 0.00 230.00 0.00 130.00 0.00 150.00 0.00 0.805615
4 80.00 0.00 260.00 0.00 100.00 0.00 120.00 0.00 4.48294
4 20.00 0.00 290.00 0.00 110.00 0.00 140.00 0.00 1.03408
4 110.00 0.00 200.00 0.00 120.00 0.00 130.00 0.00 7.12622
4 120.00 0.00 165.00 0.00 135.00 0.00 140.00 0.00 2.9712
4 85.00 0.00 175.00 0.00 145.00 0.00 155.00 0.00 3.14194
4 60.00 0.00 240.00 0.00 120.00 0.00 140.00 0.00 1.0751
4 20.00 0.00 200.00 0.00 160.00 0.00 180.00 0.00 3.61451
4 30.00 0.00 210.00 0.00 150.00 0.00 170.00 0.00 1.38306
4 80.00 0.00 170.00 0.00 150.00 0.00 160.00 0.00 8.71021
4 95.00 0.00 185.00 0.00 135.00 0.00 145.00 0.00 1.56464
4 100.00 0.00 190.00 0.00 130.00 0.00 140.00 0.00 1.61931
4 105.00 0.00 195.00 0.00 125.00 0.00 135.00 0.00 2.48716
4 70.00 0.00 250.00 0.00 110.00 0.00 130.00 0.00 1.91031
4 40.00 0.00 220.00 0.00 140.00 0.00 160.00 0.00 0.885787
4 90.00 0.00 180.00 0.00 140.00 0.00 150.00 0.00 2.0663
4 125.00 0.00 170.00 0.00 130.00 0.00 135.00 0.00 13.4292
4 20.00 0.00 350.00 0.00 80.00 0.00 110.00 0.00 1.9687
4 50.00 0.00 320.00 0.00 80.00 0.00 110.00 0.00 3.70071
4 120.00 0.00 165.00 0.00 140.00 0.00 145.00 0.00 3.0689
4 115.00 0.00 160.00 0.00 145.00 0.00 150.00 0.00 5.86247
4 0.00 0.00 300.00 0.00 120.00 0.00 150.00 0.00 0.654311
4 125.00 0.00 170.00 0.00 135.00 0.00 140.00 0.00 4.46648
4 30.00 0.00 330.00 0.00 90.00 0.00 120.00 0.00 2.04469
4 0.00 0.00 360.00 0.00 90.00 0.00 120.00 0.00 0.0320502
4 30.00 0.00 390.00 0.00 60.00 0.00 90.00 0.00 1.52456
4 120.00 0.00 165.00 0.00 145.00 0.00 150.00 0.00 3.73581
4 130.00 0.00 175.00 0.00 135.00 0.00 140.00 0.00 11.1474
4 100.00 0.00 190.00 0.00 140.00 0.00 150.00 0.00 1.60759
4 10.00 0.00 280.00 0.00 130.00 0.00 160.00 0.00 0.657899
4 85.00 0.00 175.00 0.00 155.00 0.00 165.00 0.00 7.88719
4 110.00 0.00 200.00 0.00 130.00 0.00 140.00 0.00 2.45688
4 90.00 0.00 180.00 0.00 150.00 0.00 160.00 0.00 3.42572
4 95.00 0.00 185.00 0.00 145.00 0.00 155.00 0.00 1.90313
4 105.00 0.00 195.00 0.00 135.00 0.00 145.00 0.00 1.63954
4 125.00 0.00 170.00 0.00 140.00 0.00 145.00 0.00 3.29164
4 115.00 0.00 160.00 0.00 150.00 0.00 155.00 0.00 14.0632
4 40.00 0.00 370.00 0.00 70.00 0.00 100.00 0.00 3.65543
4 10.00 0.00 400.00 0.00 70.00 0.00 100.00 0.00 0.802878
4 10.00 0.00 340.00 0.00 100.00 0.00 130.00 0.00 1.20097
4 40.00 0.00 310.00 0.00 100.00 0.00 130.00 0.00 1.877
4 115.00 0.00 205.00 0.00 125.00 0.00 135.00 0.00 6.25668
4 125.00 0.00 170.00 0.00 145.00 0.00 150.00 0.00 3.04652
4 130.00 0.00 175.00 0.00 140.00 0.00 145.00 0.00 4.84968
4 120.00 0.00 165.00 0.00 150.00 0.00 155.00 0.00 5.76133
4 50.00 0.00 350.00 0.00 80.00 0.00 110.00 0.00 3.69594
4 20.00 0.00 380.00 0.00 80.00 0.00 110.00 0.00 0.519016
4 20.00 0.00 320.00 0.00 110.00 0.00 140.00 0.00 1.02902
4 95.00 0.00 185.00 0.00 155.00 0.00 165.00 0.00 3.11605
4 120.00 0.00 210.00 0.00 130.00 0.00 140.00 0.00 6.0393
4 50.00 0.00 230.00 0.00 150.00 0.00 170.00 0.00 0.794053
4 30.00 0.00 300.00 0.00 120.00 0.00 150.00 0.00 0.941566
4 135.00 0.00 180.00 0.00 140.00 0.00 145.00 0.00 11.7826
4 90.00 0.00 270.00 0.00 110.00 0.00 130.00 0.00 3.96299
4 40.00 0.00 220.00 0.00 160.00 0.00 180.00 0.00 1.25142
4 80.00 0.00 260.00 0.00 120.00 0.00 140.00 0.00 1.63145
4 60.00 0.00 240.00 0.00 140.00 0.00 160.00 0.00 0.820452
4 70.00 0.00 250.00 0.00 130.00 0.00 150.00 0.00 1.01989
4 110.00 0.00 200.00 0.00 140.00 0.00 150.00 0.00 1.73157
4 90.00 0.00 180.00 0.00 160.00 0.00 170.00 0.00 8.64928
4 105.00 0.00 195.00 0.00 145.00 0.00 155.00 0.00 1.51183
4 100.00 0.00 190.00 0.00 150.00 0.00 160.00 0.00 1.99226
4 120.00 0.00 165.00 0.00 155.00 0.00 160.00 0.00 17.4913
4 30.00 0.00 210.00 0.00 170.00 0.00 190.00 0.00 3.36898
4 130.00 0.00 175.00 0.00 145.00 0.00 150.00 0.00 3.29158
4 125.00 0.00 170.00 0.00 150.00 0.00 155.00 0.00 3.46526
4 0.00 0.00 270.00 0.00 150.00 0.00 180.00 0.00 0.577122
4 30.00 0.00 360.00 0.00 90.00 0.00 120.00 0.00 2.03572
4 60.00 0.00 330.00 0.00 90.00 0.00 120.00 0.00 3.85394
4 0.00 0.00 330.00 0.00 120.00 0.00 150.00 0.00 0.649911
4 0.00 0.00 390.00 0.00 90.00 0.00 120.00 0.00 0.103522
4 115.00 0.00 205.00 0.00 135.00 0.00 145.00 0.00 2.44857
4 125.00 0.00 170.00 0.00 155.00 0.00 160.00 0.00 6.61575
4 130.00 0.00 175.00 0.00 150.00 0.00 155.00 0.00 2.8645
4 135.00 0.00 180.00 0.00 145.00 0.00 150.00 0.00 4.93907
4 40.00 0.00 340.00 0.00 100.00 0.00 130.00 0.00 1.89804
4 40.00 0.00 400.00 0.00 70.00 0.00 100.00 0.00 3.65035
4 10.00 0.00 310.00 0.00 130.00 0.00 160.00 0.00 0.645674
4 10.00 0.00 370.00 0.00 100.00 0.00 130.00 0.00 -0.490121
4 120.00 0.00 210.00 0.00 140.00 0.00 150.00 0.00 2.58893
4 20.00 0.00 290.00 0.00 140.00 0.00 170.00 0.00 0.694884
4 105.00 0.00 195.00 0.00 155.00 0.00 165.00 0.00 1.87166
4 95.00 0.00 185.00 0.00 165.00 0.00 175.00 0.00 8.43725
4 110.00 0.00 200.00 0.00 150.00 0.00 160.00 0.00 1.60426
4 100.00 0.00 190.00 0.00 160.00 0.00 170.00 0.00 3.05923
4 135.00 0.00 180.00 0.00 150.00 0.00 155.00 0.00 3.18693
4 125.00 0.00 170.00 0.00 160.00 0.00 165.00 0.00 13.8086
4 130.00 0.00 175.00 0.00 155.00 0.00 160.00 0.00 4.06574
4 140.00 0.00 185.00 0.00 145.00 0.00 150.00 0.00 11.1071
4 125.00 0.00 215.00 0.00 135.00 0.00 145.00 0.00 6.04239
4 20.00 0.00 350.00 0.00 110.00 0.00 140.00 0.00 1.0217
4 50.00 0.00 380.00 0.00 80.00 0.00 110.00 0.00 3.68894
4 50.00 0.00 320.00 0.00 110.00 0.00 140.00 0.00 1.59893
4 115.00 0.00 205.00 0.00 145.00 0.00 155.00 0.00 1.67034
4 130.00 0.00 175.00 0.00 160.00 0.00 165.00 0.00 5.29969
4 140.00 0.00 185.00 0.00 150.00 0.00 155.00 0.00 4.64798
4 135.00 0.00 180.00 0.00 155.00 0.00 160.00 0.00 3.50349
4 0.00 0.00 300.00 0.00 150.00 0.00 180.00 0.00 0.545698
4 0.00 0.00 360.00 0.00 120.00 0.00 150.00 0.00 -0.323997
4 30.00 0.00 330.00 0.00 120.00 0.00 150.00 0.00 0.933902
4 30.00 0.00 390.00 0.00 90.00 0.00 120.00 0.00 0.539306
4 60.00 0.00 360.00 0.00 90.00 0.00 120.00 0.00 3.8441
4 140.00 0.00 185.00 0.00 155.00 0.00 160.00 0.00 3.784
4 50.00 0.00 230.00 0.00 170.00 0.00 190.00 0.00 1.01679
4 105.00 0.00 195.00 0.00 165.00 0.00 175.00 0.00 3.0368
4 80.00 0.00 260.00 0.00 140.00 0.00 160.00 0.00 1.0651
4 40.00 0.00 220.00 0.00 180.00 0.00 200.00 0.00 3.07554
4 70.00 0.00 250.00 0.00 150.00 0.00 170.00 0.00 0.830563
4 90.00 0.00 270.00 0.00 130.00 0.00 150.00 0.00 1.52775
4 60.00 0.00 240.00 0.00 160.00 0.00 180.00 0.00 0.758972
4 110.00 0.00 200.00 0.00 160.00 0.00 170.00 0.00 1.83233
4 120.00 0.00 210.00 0.00 150.00 0.00 160.00 0.00 1.77271
4 100.00 0.00 280.00 0.00 120.00 0.00 140.00 0.00 3.5903
4 100.00 0.00 190.00 0.00 170.00 0.00 180.00 0.00 7.60223
4 130.00 0.00 220.00 0.00 140.00 0.00 150.00 0.00 6.37192
4 145.00 0.00 190.00 0.00 150.00 0.00 155.00 0.00 11.6346
4 10.00 0.00 280.00 0.00 160.00 0.00 190.00 0.00 0.59455
4 130.00 0.00 175.00 0.00 165.00 0.00 170.00 0.00 17.8555
4 135.00 0.00 180.00 0.00 160.00 0.00 165.00 0.00 3.45445
4 125.00 0.00 215.00 0.00 145.00 0.00 155.00 0.00 2.5497
4 40.00 0.00 310.00 0.00 130.00 0.00 160.00 0.00 0.917194
4 10.00 0.00 400.00 0.00 100.00 0.00 130.00 0.00 -0.628247
4 40.00 0.00 370.00 0.00 100.00 0.00 130.00 0.00 1.88856
4 10.00 0.00 340.00 0.00 130.00 0.00 160.00 0.00 0.636954
4 70.00 0.00 340.00 0.00 100.00 0.00 130.00 0.00 3.69842
4 115.00 0.00 205.00 0.00 155.00 0.00 165.00 0.00 1.59937
4 140.00 0.00 185.00 0.00 160.00 0.00 165.00 0.00 2.87984
4 135.00 0.00 180.00 0.00 165.00 0.00 170.00 0.00 6.68862
4 145.00 0.00 190.00 0.00 155.00 0.00 160.00 0.00 5.88863
4 50.00 0.00 350.00 0.00 110.00 0.00 140.00 0.00 1.59088
4 20.00 0.00 320.00 0.00 140.00 0.00 170.00 0.00 0.681407
4 20.00 0.00 380.00 0.00 110.00 0.00 140.00 0.00 -0.382794
4 150.00 0.00 195.00 0.00 155.00 0.00 160.00 0.00 14.7065
4 30.00 0.00 300.00 0.00 150.00 0.00 180.00 0.00 0.727834
4 0.00 0.00 270.00 0.00 180.00 0.00 210.00 0.00 0.523398
4 105.00 0.00 195.00 0.00 175.00 0.00 185.00 0.00 7.32778
4 120.00 0.00 210.00 0.00 160.00 0.00 170.00 0.00 1.55832
4 110.00 0.00 200.00 0.00 170.00 0.00 180.00 0.00 2.74344
4 130.00 0.00 220.00 0.00 150.00 0.00 160.00 0.00 2.71312
4 135.00 0.00 180.00 0.00 170.00 0.00 175.00 0.00 18.5516
4 140.00 0.00 185.00 0.00 165.00 0.00 170.00 0.00 3.87487
4 145.00 0.00 190.00 0.00 160.00 0.00 165.00 0.00 3.37319
4 115.00 0.00 205.00 0.00 165.00 0.00 175.00 0.00 1.93335
4 135.00 0.00 225.00 0.00 145.00 0.00 155.00 0.00 6.39027
4 60.00 0.00 390.00 0.00 90.00 0.00 120.00 0.00 3.8375
4 0.00 0.00 330.00 0.00 150.00 0.00 180.00 0.00 0.531521
4 0.00 0.00 390.00 0.00 120.00 0.00 150.00 0.00 -0.369858
4 30.00 0.00 360.00 0.00 120.00 0.00 150.00 0.00 0.922902
4 60.00 0.00 330.00 0.00 120.00 0.00 150.00 0.00 1.44331
4 125.00 0.00 215.00 0.00 155.00 0.00 165.00 0.00 1.82049
4 105.00 0.00 285.00 0.00 125.00 0.00 145.00 0.00 3.49651
4 150.00 0.00 195.00 0.00 160.00 0.00 165.00 0.00 5.43264
4 140.00 0.00 185.00 0.00 170.00 0.00 175.00 0.00 6.19351
4 145.00 0.00 190.00 0.00 165.00 0.00 170.00 0.00 3.35268
4 40.00 0.00 400.00 0.00 100.00 0.00 130.00 0.00 1.88317
4 10.00 0.00 310.00 0.00 160.00 0.00 190.00 0.00 0.563303
4 40.00 0.00 340.00 0.00 130.00 0.00 160.00 0.00 0.908394
4 10.00 0.00 370.00 0.00 130.00 0.00 160.00 0.00 -0.243123
4 70.00 0.00 370.00 0.00 100.00 0.00 130.00 0.00 3.68831
4 150.00 0.00 195.00 0.00 165.00 0.00 170.00 0.00 3.85582
4 60.00 0.00 240.00 0.00 180.00 0.00 200.00 0.00 0.804892
4 100.00 0.00 280.00 0.00 140.00 0.00 160.00 0.00 1.61107
4 50.00 0.00 230.00 0.00 190.00 0.00 210.00 0.00 2.24358
4 110.00 0.00 290.00 0.00 130.00 0.00 150.00 0.00 3.58029
4 155.00 0.00 200.00 0.00 160.00 0.00 165.00 0.00 13.7216
4 90.00 0.00 270.00 0.00 150.00 0.00 170.00 0.00 1.07926
4 140.00 0.00 185.00 0.00 175.00 0.00 180.00 0.00 14.9523
4 20.00 0.00 290.00 0.00 170.00 0.00 200.00 0.00 0.583536
4 70.00 0.00 250.00 0.00 170.00 0.00 190.00 0.00 0.763316
4 80.00 0.00 260.00 0.00 160.00 0.00 180.00 0.00 0.857472
4 120.00 0.00 210.00 0.00 170.00 0.00 180.00 0.00 1.76292
4 130.00 0.00 220.00 0.00 160.00 0.00 170.00 0.00 1.79457
4 140.00 0.00 230.00 0.00 150.00 0.00 160.00 0.00 6.66256
4 110.00 0.00 200.00 0.00 180.00 0.00 190.00 0.00 6.73076
4 145.00 0.00 190.00 0.00 170.00 0.00 175.00 0.00 3.83092
4 135.00 0.00 225.00 0.00 155.00 0.00 165.00 0.00 2.88815
4 115.00 0.00 205.00 0.00 175.00 0.00 185.00 0.00 2.77953
4 20.00 0.00 350.00 0.00 140.00 0.00 170.00 0.00 0.666093
4 50.00 0.00 320.00 0.00 140.00 0.00 170.00 0.00 0.946112
4 50.00 0.00 380.00 0.00 110.00 0.00 140.00 0.00 1.5824
4 125.00 0.00 215.00 0.00 165.00 0.00 175.00 0.00 1.65023
4 80.00 0.00 350.00 0.00 110.00 0.00 140.00 0.00 3.23183
4 150.00 0.00 195.00 0.00 170.00 0.00 175.00 0.00 3.24072
4 0.00 0.00 300.00 0.00 180.00 0.00 210.00 0.00 0.43611
4 155.00 0.00 200.00 0.00 165.00 0.00 170.00 0.00 6.08077
4 145.00 0.00 190.00 0.00 175.00 0.00 180.00 0.00 5.42586
4 30.00 0.00 330.00 0.00 150.00 0.00 180.00 0.00 0.71484
4 60.00 0.00 360.00 0.00 120.00 0.00 150.00 0.00 1.43099
4 0.00 0.00 360.00 0.00 150.00 0.00 180.00 0.00 -2.00517
4 30.00 0.00 390.00 0.00 120.00 0.00 150.00 0.00 -0.295726
4 155.00 0.00 200.00 0.00 170.00 0.00 175.00 0.00 3.7361
4 150.00 0.00 195.00 0.00 175.00 0.00 180.00 0.00 3.2179
4 10.00 0.00 280.00 0.00 190.00 0.00 220.00 0.00 0.462214
4 120.00 0.00 210.00 0.00 180.00 0.00 190.00 0.00 2.63971
4 140.00 0.00 230.00 0.00 160.00 0.00 170.00 0.00 2.8301
4 130.00 0.00 220.00 0.00 170.00 0.00 180.00 0.00 1.55795
4 145.00 0.00 190.00 0.00 180.00 0.00 185.00 0.00 19.1794
4 160.00 0.00 205.00 0.00 165.00 0.00 170.00 0.00 16.9663
4 135.00 0.00 225.00 0.00 165.00 0.00 175.00 0.00 1.92161
4 125.00 0.00 215.00 0.00 175.00 0.00 185.00 0.00 1.75586
4 115.00 0.00 205.00 0.00 185.00 0.00 195.00 0.00 6.62407
4 145.00 0.00 235.00 0.00 155.00 0.00 165.00 0.00 7.62075
4 70.00 0.00 400.00 0.00 100.00 0.00 130.00 0.00 3.68275
4 10.00 0.00 400.00 0.00 130.00 0.00 160.00 0.00 -0.26665
4 10.00 0.00 340.00 0.00 160.00 0.00 190.00 0.00 0.545482
4 115.00 0.00 295.00 0.00 135.00 0.00 155.00 0.00 3.5462
4 70.00 0.00 340.00 0.00 130.00 0.00 160.00 0.00 1.39914
4 40.00 0.00 370.00 0.00 130.00 0.00 160.00 0.00 0.895217
4 105.00 0.00 285.00 0.00 145.00 0.00 165.00 0.00 1.63067
4 40.00 0.00 310.00 0.00 160.00 0.00 190.00 0.00 0.746337
4 155.00 0.00 200.00 0.00 175.00 0.00 180.00 0.00 2.85844
4 150.00 0.00 195.00 0.00 180.00 0.00 185.00 0.00 5.87767
4 160.00 0.00 205.00 0.00 170.00 0.00 175.00 0.00 6.29538
4 80.00 0.00 380.00 0.00 110.00 0.00 140.00 0.00 3.22346
4 20.00 0.00 320.00 0.00 170.00 0.00 200.00 0.00 0.550117
4 20.00 0.00 380.00 0.00 140.00 0.00 170.00 0.00 -0.22072
4 50.00 0.00 350.00 0.00 140.00 0.00 170.00 0.00 0.932355
4 150.00 0.00 195.00 0.00 185.00 0.00 190.00 0.00 15.2086
4 0.00 0.00 270.00 0.00 210.00 0.00 240.00 0.00 0.568656
4 90.00 0.00 270.00 0.00 170.00 0.00 190.00 0.00 0.879595
4 30.00 0.00 300.00 0.00 180.00 0.00 210.00 0.00 0.54463
4 60.00 0.00 240.00 0.00 200.00 0.00 220.00 0.00 1.31876
4 120.00 0.00 210.00 0.00 190.00 0.00 200.00 0.00 5.67013
4 110.00 0.00 290.00 0.00 150.00 0.00 170.00 0.00 1.71769
4 155.00 0.00 200.00 0.00 180.00 0.00 185.00 0.00 3.6711
4 80.00 0.00 260.00 0.00 180.00 0.00 200.00 0.00 0.700296
4 70.00 0.00 250.00 0.00 190.00 0.00 210.00 0.00 0.688297
4 120.00 0.00 300.00 0.00 140.00 0.00 160.00 0.00 3.80629
4 140.00 0.00 230.00 0.00 170.00 0.00 180.00 0.00 1.81825
4 130.00 0.00 220.00 0.00 180.00 0.00 190.00 0.00 1.7244
4 150.00 0.00 240.00 0.00 160.00 0.00 170.00 0.00 7.77767
4 100.00 0.00 280.00 0.00 160.00 0.00 180.00 0.00 1.12248
4 160.00 0.00 205.00 0.00 175.00 0.00 180.00 0.00 3.52671
4 145.00 0.00 235.00 0.00 165.00 0.00 175.00 0.00 3.1455
4 125.00 0.00 215.00 0.00 185.00 0.00 195.00 0.00 2.5217
4 60.00 0.00 390.00 0.00 120.00 0.00 150.00 0.00 1.42422
4 135.00 0.00 225.00 0.00 175.00 0.00 185.00 0.00 1.54916
4 60.00 0.00 330.00 0.00 150.00 0.00 180.00 0.00 0.985551
4 30.00 0.00 360.00 0.00 150.00 0.00 180.00 0.00 0.694859
4 165.00 0.00 210.00 0.00 170.00 0.00 175.00 0.00 14.7735
4 90.00 0.00 360.00 0.00 120.00 0.00 150.00 0.00 2.85119
4 0.00 0.00 390.00 0.00 150.00 0.00 180.00 0.00 -2.01291
4 0.00 0.00 330.00 0.00 180.00 0.00 210.00 0.00 0.401996
4 155.00 0.00 200.00 0.00 185.00 0.00 190.00 0.00 4.93086
4 160.00 0.00 205.00 0.00 180.00 0.00 185.00 0.00 3.45167
4 165.00 0.00 210.00 0.00 175.00 0.00 180.00 0.00 5.37422
4 40.00 0.00 340.00 0.00 160.00 0.00 190.00 0.00 0.729235
4 70.00 0.00 370.00 0.00 130.00 0.00 160.00 0.00 1.38578
4 40.00 0.00 400.00 0.00 130.00 0.00 160.00 0.00 0.887758
4 10.00 0.00 370.00 0.00 160.00 0.00 190.00 0.00 -1.88893
4 10.00 0.00 310.00 0.00 190.00 0.00 220.00 0.00 0.381806
4 155.00 0.00 200.00 0.00 190.00 0.00 195.00 0.00 14.1293
4 20.00 0.00 290.00 0.00 200.00 0.00 230.00 0.00 0.425391
4 140.00 0.00 230.00 0.00 180.00 0.00 190.00 0.00 1.50041
4 130.00 0.00 220.00 0.00 190.00 0.00 200.00 0.00 2.37064
4 150.00 0.00 240.00 0.00 170.00 0.00 180.00 0.00 3.09196
4 170.00 0.00 215.00 0.00 175.00 0.00 180.00 0.00 16.5643
4 160.00 0.00 205.00 0.00 185.00 0.00 190.00 0.00 3.27645
4 145.00 0.00 235.00 0.00 175.00 0.00 185.00 0.00 1.89649
4 135.00 0.00 225.00 0.00 185.00 0.00 195.00 0.00 1.53997
4 125.00 0.00 215.00 0.00 195.00 0.00 205.00 0.00 5.30746
4 155.00 0.00 245.00 0.00 165.00 0.00 175.00 0.00 8.28421
4 50.00 0.00 380.00 0.00 140.00 0.00 170.00 0.00 0.917994
4 20.00 0.00 350.00 0.00 170.00 0.00 200.00 0.00 0.524487
4 50.00 0.00 320.00 0.00 170.00 0.00 200.00 0.00 0.72103
4 80.00 0.00 350.00 0.00 140.00 0.00 170.00 0.00 1.44555
4 105.00 0.00 285.00 0.00 165.00 0.00 185.00 0.00 1.19873
4 115.00 0.00 295.00 0.00 155.00 0.00 175.00 0.00 1.83155
4 165.00 0.00 210.00 0.00 180.00 0.00 185.00 0.00 3.97125
4 0.00 0.00 300.00 0.00 210.00 0.00 240.00 0.00 0.29579
4 165.00 0.00 210.00 0.00 185.00 0.00 190.00 0.00 2.92621
4 160.00 0.00 205.00 0.00 190.00 0.00 195.00 0.00 5.21876
4 170.00 0.00 215.00 0.00 180.00 0.00 185.00 0.00 6.79029
4 90.00 0.00 390.00 0.00 120.00 0.00 150.00 0.00 2.84377
4 60.00 0.00 360.00 0.00 150.00 0.00 180.00 0.00 0.965449
4 0.00 0.00 360.00 0.00 180.00 0.00 210.00 0.00 6.53444
4 30.00 0.00 390.00 0.00 150.00 0.00 180.00 0.00 -0.227471
4 30.00 0.00 330.00 0.00 180.00 0.00 210.00 0.00 0.50864
4 100.00 0.00 280.00 0.00 180.00 0.00 200.00 0.00 0.813665
4 80.00 0.00 260.00 0.00 200.00 0.00 220.00 0.00 0.582698
4 90.00 0.00 270.00 0.00 190.00 0.00 210.00 0.00 0.601613
4 120.00 0.00 300.00 0.00 160.00 0.00 180.00 0.00 1.82422
4 10.00 0.00 280.00 0.00 220.00 0.00 250.00 0.00 0.521853
4 160.00 0.00 250.00 0.00 170.00 0.00 180.00 0.00 8.43349
4 150.00 0.00 240.00 0.00 180.00 0.00 190.00 0.00 1.98319
4 70.00 0.00 250.00 0.00 210.00 0.00 230.00 0.00 1.04189
4 140.00 0.00 230.00 0.00 190.00 0.00 200.00 0.00 1.30528
4 130.00 0.00 220.00 0.00 200.00 0.00 210.00 0.00 6.05704
4 110.00 0.00 290.00 0.00 170.00 0.00 190.00 0.00 1.20024
4 160.00 0.00 205.00 0.00 195.00 0.00 200.00 0.00 9.97668
4 155.00 0.00 245.00 0.00 175.00 0.00 185.00 0.00 3.18837
4 135.00 0.00 225.00 0.00 195.00 0.00 205.00 0.00 2.03045
4 165.00 0.00 210.00 0.00 190.00 0.00 195.00 0.00 3.38633
4 145.00 0.00 235.00 0.00 185.00 0.00 195.00 0.00 1.36894
4 170.00 0.00 215.00 0.00 185.00 0.00 190.00 0.00 3.59773
4 10.00 0.00 400.00 0.00 160.00 0.00 190.00 0.00 -1.89541
4 40.00 0.00 370.00 0.00 160.00 0.00 190.00 0.00 0.703886
4 130.00 0.00 310.00 0.00 150.00 0.00 170.00 0.00 4.04786
4 175.00 0.00 220.00 0.00 180.00 0.00 185.00 0.00 19.1832
4 40.00 0.00 310.00 0.00 190.00 0.00 220.00 0.00 0.466747
4 10.00 0.00 340.00 0.00 190.00 0.00 220.00 0.00 0.340072
4 70.00 0.00 340.00 0.00 160.00 0.00 190.00 0.00 1.01017
4 100.00 0.00 370.00 0.00 130.00 0.00 160.00 0.00 2.79052
4 70.00 0.00 400.00 0.00 130.00 0.00 160.00 0.00 1.37789
4 175.00 0.00 220.00 0.00 185.00 0.00 190.00 0.00 6.06121
4 165.00 0.00 210.00 0.00 195.00 0.00 200.00 0.00 4.02624
4 170.00 0.00 215.00 0.00 190.00 0.00 195.00 0.00 3.15062
4 50.00 0.00 350.00 0.00 170.00 0.00 200.00 0.00 0.695101
4 80.00 0.00 380.00 0.00 140.00 0.00 170.00 0.00 1.43178
4 20.00 0.00 320.00 0.00 200.00 0.00 230.00 0.00 0.343003
4 20.00 0.00 380.00 0.00 170.00 0.00 200.00 0.00 9.36386
4 30.00 0.00 300.00 0.00 210.00 0.00 240.00 0.00 0.333329
4 140.00 0.00 230.00 0.00 200.00 0.00 210.00 0.00 1.82625
4 150.00 0.00 240.00 0.00 190.00 0.00 200.00 0.00 1.26563
4 160.00 0.00 250.00 0.00 180.00 0.00 190.00 0.00 3.49811
4 170.00 0.00 215.00 0.00 195.00 0.00 200.00 0.00 2.83465
4 165.00 0.00 210.00 0.00 200.00 0.00 205.00 0.00 8.91889
4 155.00 0.00 245.00 0.00 185.00 0.00 195.00 0.00 1.86743
4 165.00 0.00 255.00 0.00 175.00 0.00 185.00 0.00 8.01864
4 135.00 0.00 225.00 0.00 205.00 0.00 215.00 0.00 5.45935
4 105.00 0.00 285.00 0.00 185.00 0.00 205.00 0.00 0.735178
4 0.00 0.00 330.00 0.00 210.00 0.00 240.00 0.00 0.235584
4 0.00 0.00 390.00 0.00 180.00 0.00 210.00 0.00 10.4949
4 60.00 0.00 330.00 0.00 180.00 0.00 210.00 0.00 0.656914
4 30.00 0.00 360.00 0.00 180.00 0.00 210.00 0.00 0.472229
4 175.00 0.00 220.00 0.00 190.00 0.00 195.00 0.00 3.86463
4 145.00 0.00 235.00 0.00 195.00 0.00 205.00 0.00 1.06652
4 60.00 0.00 390.00 0.00 150.00 0.00 180.00 0.00 0.952717
4 115.00 0.00 295.00 0.00 175.00 0.00 195.00 0.00 1.16874
4 90.00 0.00 360.00 0.00 150.00 0.00 180.00 0.00 1.47286
4 180.00 0.00 225.00 0.00 185.00 0.00 190.00 0.00 15.6304
4 170.00 0.00 215.00 0.00 200.00 0.00 205.00 0.00 4.04945
4 180.00 0.00 225.00 0.00 190.00 0.00 195.00 0.00 6.05329
4 100.00 0.00 400.00 0.00 130.00 0.00 160.00 0.00 2.78385
4 10.00 0.00 310.00 0.00 220.00 0.00 250.00 0.00 0.235891
4 40.00 0.00 400.00 0.00 160.00 0.00 190.00 0.00 0.692211
4 70.00 0.00 370.00 0.00 160.00 0.00 190.00 0.00 0.984736
4 10.00 0.00 370.00 0.00 190.00 0.00 220.00 0.00 6.03395
4 40.00 0.00 340.00 0.00 190.00 0.00 220.00 0.00 0.424664
4 175.00 0.00 220.00 0.00 195.00 0.00 200.00 0.00 2.68245
4 120.00 0.00 300.00 0.00 180.00 0.00 200.00 0.00 1.13383
4 110.00 0.00 290.00 0.00 190.00 0.00 210.00 0.00 0.696357
4 80.00 0.00 260.00 0.00 220.00 0.00 240.00 0.00 0.7419
4 100.00 0.00 280.00 0.00 200.00 0.00 220.00 0.00 0.52064
4 20.00 0.00 290.00 0.00 230.00 0.00 260.00 0.00 0.486246
4 170.00 0.00 260.00 0.00 180.00 0.00 190.00 0.00 9.15938
4 150.00 0.00 240.00 0.00 200.00 0.00 210.00 0.00 1.04226
4 140.00 0.00 230.00 0.00 210.00 0.00 220.00 0.00 4.7286
4 160.00 0.00 250.00 0.00 190.00 0.00 200.00 0.00 1.81087
4 90.00 0.00 270.00 0.00 210.00 0.00 230.00 0.00 0.51196
4 145.00 0.00 235.00 0.00 205.00 0.00 215.00 0.00 1.41078
4 170.00 0.00 215.00 0.00 205.00 0.00 210.00 0.00 10.9106
4 180.00 0.00 225.00 0.00 195.00 0.00 200.00 0.00 3.06474
4 165.00 0.00 255.00 0.00 185.00 0.00 195.00 0.00 3.21456
4 50.00 0.00 380.00 0.00 170.00 0.00 200.00 0.00 0.670621
4 155.00 0.00 245.00 0.00 195.00 0.00 205.00 0.00 1.1157
4 20.00 0.00 350.00 0.00 200.00 0.00 230.00 0.00 0.295219
4 110.00 0.00 380.00 0.00 140.00 0.00 170.00 0.00 3.02882
4 185.00 0.00 230.00 0.00 190.00 0.00 195.00 0.00 19.4134
4 50.00 0.00 320.00 0.00 200.00 0.00 230.00 0.00 0.406595
4 80.00 0.00 350.00 0.00 170.00 0.00 200.00 0.00 0.976561
4 130.00 0.00 310.00 0.00 170.00 0.00 190.00 0.00 1.96271
4 140.00 0.00 320.00 0.00 160.00 0.00 180.00 0.00 4.35348
4 175.00 0.00 220.00 0.00 200.00 0.00 205.00 0.00 2.91483
4 0.00 0.00 300.00 0.00 240.00 0.00 270.00 0.00 0.584128
4 185.00 0.00 230.00 0.00 195.00 0.00 200.00 0.00 5.34561
4 30.00 0.00 330.00 0.00 210.00 0.00 240.00 0.00 0.273817
4 0.00 0.00 360.00 0.00 210.00 0.00 240.00 0.00 -1.94949
4 90.00 0.00 390.00 0.00 150.00 0.00 180.00 0.00 1.46011
4 60.00 0.00 360.00 0.00 180.00 0.00 210.00 0.00 0.621095
4 30.00 0.00 390.00 0.00 180.00 0.00 210.00 0.00 8.55306
4 175.00 0.00 220.00 0.00 205.00 0.00 210.00 0.00 4.7298
4 180.00 0.00 225.00 0.00 200.00 0.00 205.00 0.00 2.46628
4 160.00 0.00 250.00 0.00 200.00 0.00 210.00 0.00 1.13713
4 170.00 0.00 260.00 0.00 190.00 0.00 200.00 0.00 3.15939
4 150.00 0.00 240.00 0.00 210.00 0.00 220.00 0.00 1.07211
4 175.00 0.00 220.00 0.00 210.00 0.00 215.00 0.00 10.1741
4 180.00 0.00 225.00 0.00 205.00 0.00 210.00 0.00 2.92724
4 175.00 0.00 265.00 0.00 185.00 0.00 195.00 0.00 8.71724
4 165.00 0.00 255.00 0.00 195.00 0.00 205.00 0.00 1.55992
4 155.00 0.00 245.00 0.00 205.00 0.00 215.00 0.00 1.00115
4 185.00 0.00 230.00 0.00 200.00 0.00 205.00 0.00 2.88695
4 115.00 0.00 295.00 0.00 195.00 0.00 215.00 0.00 0.642472
4 70.00 0.00 400.00 0.00 160.00 0.00 190.00 0.00 0.973629
4 10.00 0.00 400.00 0.00 190.00 0.00 220.00 0.00 9.86178
4 190.00 0.00 235.00 0.00 195.00 0.00 200.00 0.00 15.6768
4 40.00 0.00 370.00 0.00 190.00 0.00 220.00 0.00 0.38261
4 105.00 0.00 285.00 0.00 205.00 0.00 225.00 0.00 0.504081
4 100.00 0.00 370.00 0.00 160.00 0.00 190.00 0.00 1.50973
4 145.00 0.00 235.00 0.00 215.00 0.00 225.00 0.00 4.44126
4 40.00 0.00 310.00 0.00 220.00 0.00 250.00 0.00 0.262809
4 70.00 0.00 340.00 0.00 190.00 0.00 220.00 0.00 0.547496
4 10.00 0.00 340.00 0.00 220.00 0.00 250.00 0.00 0.182026
4 185.00 0.00 230.00 0.00 205.00 0.00 210.00 0.00 2.48051
4 50.00 0.00 350.00 0.00 200.00 0.00 230.00 0.00 0.359546
4 20.00 0.00 320.00 0.00 230.00 0.00 260.00 0.00 0.178834
4 20.00 0.00 380.00 0.00 200.00 0.00 230.00 0.00 -5.43863
4 80.00 0.00 380.00 0.00 170.00 0.00 200.00 0.00 0.952349
4 190.00 0.00 235.00 0.00 200.00 0.00 205.00 0.00 4.65432
4 180.00 0.00 225.00 0.00 210.00 0.00 215.00 0.00 4.10373
4 100.00 0.00 280.00 0.00 220.00 0.00 240.00 0.00 0.388758
4 180.00 0.00 270.00 0.00 190.00 0.00 200.00 0.00 8.11647
4 90.00 0.00 270.00 0.00 230.00 0.00 250.00 0.00 0.736285
4 30.00 0.00 300.00 0.00 240.00 0.00 270.00 0.00 0.591543
4 110.00 0.00 290.00 0.00 210.00 0.00 230.00 0.00 0.460945
4 170.00 0.00 260.00 0.00 200.00 0.00 210.00 0.00 1.59219
4 120.00 0.00 300.00 0.00 200.00 0.00 220.00 0.00 0.605887
4 150.00 0.00 240.00 0.00 220.00 0.00 230.00 0.00 2.83604
4 160.00 0.00 250.00 0.00 210.00 0.00 220.00 0.00 0.853831
4 195.00 0.00 240.00 0.00 200.00 0.00 205.00 0.00 13.7598
4 190.00 0.00 235.00 0.00 205.00 0.00 210.00 0.00 2.85884
4 180.00 0.00 225.00 0.00 215.00 0.00 220.00 0.00 14.606
4 175.00 0.00 265.00 0.00 195.00 0.00 205.00 0.00 2.80811
4 155.00 0.00 245.00 0.00 215.00 0.00 225.00 0.00 1.03202
4 185.00 0.00 230.00 0.00 210.00 0.00 215.00 0.00 2.41087
4 130.00 0.00 310.00 0.00 190.00 0.00 210.00 0.00 0.973061
4 120.00 0.00 390.00 0.00 150.00 0.00 180.00 0.00 3.20865
4 60.00 0.00 390.00 0.00 180.00 0.00 210.00 0.00 0.601311
4 30.00 0.00 360.00 0.00 210.00 0.00 240.00 0.00 0.221597
4 165.00 0.00 255.00 0.00 205.00 0.00 215.00 0.00 1.10523
4 60.00 0.00 330.00 0.00 210.00 0.00 240.00 0.00 0.324307
4 90.00 0.00 360.00 0.00 180.00 0.00 210.00 0.00 0.863272
4 0.00 0.00 390.00 0.00 210.00 0.00 240.00 0.00 -4.79356
4 140.00 0.00 320.00 0.00 180.00 0.00 200.00 0.00 1.93492
4 150.00 0.00 330.00 0.00 170.00 0.00 190.00 0.00 4.87821
4 0.00 0.00 330.00 0.00 240.00 0.00 270.00 0.00 0.162666
4 195.00 0.00 240.00 0.00 205.00 0.00 210.00 0.00 4.84043
4 190.00 0.00 235.00 0.00 210.00 0.00 215.00 0.00 2.04473
4 100.00 0.00 400.00 0.00 160.00 0.00 190.00 0.00 1.49873
4 40.00 0.00 340.00 0.00 220.00 0.00 250.00 0.00 0.207953
4 10.00 0.00 310.00 0.00 250.00 0.00 280.00 0.00 0.648381
4 40.00 0.00 400.00 0.00 190.00 0.00 220.00 0.00 0.364125
4 10.00 0.00 370.00 0.00 220.00 0.00 250.00 0.00 -1.73492
4 185.00 0.00 230.00 0.00 215.00 0.00 220.00 0.00 3.80617
4 70.00 0.00 370.00 0.00 190.00 0.00 220.00 0.00 0.505434
4 180.00 0.00 270.00 0.00 200.00 0.00 210.00 0.00 2.71099
4 170.00 0.00 260.00 0.00 210.00 0.00 220.00 0.00 0.996507
4 160.00 0.00 250.00 0.00 220.00 0.00 230.00 0.00 0.95141
4 190.00 0.00 235.00 0.00 215.00 0.00 220.00 0.00 1.79244
4 175.00 0.00 265.00 0.00 205.00 0.00 215.00 0.00 1.62245
4 165.00 0.00 255.00 0.00 215.00 0.00 225.00 0.00 0.804898
4 80.00 0.00 350.00 0.00 200.00 0.00 230.00 0.00 0.46342
4 110.00 0.00 380.00 0.00 170.00 0.00 200.00 0.00 1.50667
4 155.00 0.00 245.00 0.00 225.00 0.00 235.00 0.00 2.05381
4 195.00 0.00 240.00 0.00 210.00 0.00 215.00 0.00 2.6405
4 20.00 0.00 350.00 0.00 230.00 0.00 260.00 0.00 0.119986
4 50.00 0.00 380.00 0.00 200.00 0.00 230.00 0.00 0.319997
4 185.00 0.00 230.00 0.00 220.00 0.00 225.00 0.00 21.9241
4 50.00 0.00 320.00 0.00 230.00 0.00 260.00 0.00 0.192281
4 105.00 0.00 285.00 0.00 225.00 0.00 245.00 0.00 0.32265
4 115.00 0.00 295.00 0.00 215.00 0.00 235.00 0.00 0.403343
4 200.00 0.00 245.00 0.00 205.00 0.00 210.00 0.00 10.8963
4 185.00 0.00 275.00 0.00 195.00 0.00 205.00 0.00 7.46183
4 195.00 0.00 240.00 0.00 215.00 0.00 220.00 0.00 1.72949
4 190.00 0.00 235.00 0.00 220.00 0.00 225.00 0.00 4.1266
4 60.00 0.00 360.00 0.00 210.00 0.00 240.00 0.00 0.270295
4 0.00 0.00 360.00 0.00 240.00 0.00 270.00 0.00 -1.08971
4 30.00 0.00 390.00 0.00 210.00 0.00 240.00 0.00 -4.78805
4 30.00 0.00 330.00 0.00 240.00 0.00 270.00 0.00 0.167993
4 200.00 0.00 245.00 0.00 210.00 0.00 215.00 0.00 4.04122
4 90.00 0.00 390.00 0.00 180.00 0.00 210.00 0.00 0.844276
4 110.00 0.00 290.00 0.00 230.00 0.00 250.00 0.00 0.295694
4 170.00 0.00 260.00 0.00 220.00 0.00 230.00 0.00 0.813539
Topography in a separate list
2
79
0 0
4.849 0.48
9.622 1.06
14.697 1.968
19.722 2.515
24.592 3.772
29.431 4.702
34.395 5.409
39.343 6.175
44.334 6.828
49.194 7.647
54.085 8.081
59.111 8.432
64.153 8.889
69.14 9.245
74.006 9.611
79.085 10.171
84.022 10.726
88.992 11.27
93.927 11.834
98.948 12.306
104.747 12.838
109.862 13.253
114.716 13.837
118.842 14.322
123.662 15.381
128.538 16.005
133.529 16.786
138.559 17.463
143.373 18.576
148.279 19.537
153.105 20.24
157.996 20.885
162.907 21.54
167.738 22.409
172.648 23.528
177.616 24.402
182.538 24.97
187.399 25.567
192.452 26.164
196.957 27.25
201.592 28.273
208.358 28.7364
212.498 29.1998
217.168 29.6632
221.611 30.1266
227.242 30.59
233.667 31.769
238.502 33.907
241.256 34.703
244.139 34.789
253.957 38.152
260.002 42.775
264.533 44.842
268.988 47.58
275.532 49.219
278.216 50.4195
283.591 51.62
289.96 51.094
294.801 54.365
298.201 54.375
303.613 53.475
309.224 54.0825
313.849 54.69
318.752 56.49
324.798 55.632
329.007 54.933
333.541 59.334
338.324 61.345
343.449 63.005
348.284 65.478
350.571 67.951
355.167 71.281
359.581 70.619
363.705 72.575
370.441 72.656
373.974 75.579
377.484 78.85
381.352 81.392
0
0
0
0
0
0

