Project6 Gradient XL_2
2.50
11
15
Type of measurement (0=app.resistivity,1=resistance)
1
1478
2
0
4 0.00 0.00 22.50 0.00 2.50 0.00 5.00 0.00 20.1406
4 0.00 0.00 22.50 0.00 5.00 0.00 7.50 0.00 7.24462
4 2.50 0.00 25.00 0.00 5.00 0.00 7.50 0.00 18.6867
4 0.00 0.00 22.50 0.00 7.50 0.00 10.00 0.00 6.78335
4 0.00 0.00 22.50 0.00 10.00 0.00 12.50 0.00 4.83429
4 2.50 0.00 25.00 0.00 7.50 0.00 10.00 0.00 10.7642
4 0.00 0.00 22.50 0.00 12.50 0.00 15.00 0.00 6.23498
4 2.50 0.00 25.00 0.00 10.00 0.00 12.50 0.00 5.57389
4 5.00 0.00 27.50 0.00 7.50 0.00 10.00 0.00 29.0075
4 0.00 0.00 22.50 0.00 15.00 0.00 17.50 0.00 10.6647
4 2.50 0.00 25.00 0.00 12.50 0.00 15.00 0.00 5.66641
4 5.00 0.00 27.50 0.00 10.00 0.00 12.50 0.00 8.31894
4 0.00 0.00 22.50 0.00 17.50 0.00 20.00 0.00 26.0234
4 7.50 0.00 30.00 0.00 10.00 0.00 12.50 0.00 20.3059
4 2.50 0.00 25.00 0.00 15.00 0.00 17.50 0.00 7.60098
4 5.00 0.00 27.50 0.00 12.50 0.00 15.00 0.00 6.17233
4 0.00 0.00 45.00 0.00 5.00 0.00 10.00 0.00 11.1094
4 7.50 0.00 30.00 0.00 12.50 0.00 15.00 0.00 9.05574
4 5.00 0.00 27.50 0.00 15.00 0.00 17.50 0.00 6.16017
4 2.50 0.00 25.00 0.00 17.50 0.00 20.00 0.00 12.7857
4 10.00 0.00 32.50 0.00 12.50 0.00 15.00 0.00 27.7371
4 2.50 0.00 25.00 0.00 20.00 0.00 22.50 0.00 32.5787
4 0.00 0.00 45.00 0.00 10.00 0.00 15.00 0.00 4.6511
4 5.00 0.00 27.50 0.00 17.50 0.00 20.00 0.00 7.71324
4 2.50 0.00 47.50 0.00 7.50 0.00 12.50 0.00 13.1989
4 7.50 0.00 30.00 0.00 15.00 0.00 17.50 0.00 6.60879
4 10.00 0.00 32.50 0.00 15.00 0.00 17.50 0.00 10.5183
4 7.50 0.00 30.00 0.00 17.50 0.00 20.00 0.00 6.55412
4 5.00 0.00 27.50 0.00 20.00 0.00 22.50 0.00 11.9337
4 12.50 0.00 35.00 0.00 15.00 0.00 17.50 0.00 24.6688
4 10.00 0.00 32.50 0.00 17.50 0.00 20.00 0.00 7.60541
4 7.50 0.00 30.00 0.00 20.00 0.00 22.50 0.00 7.53336
4 2.50 0.00 47.50 0.00 12.50 0.00 17.50 0.00 5.28389
4 5.00 0.00 27.50 0.00 22.50 0.00 25.00 0.00 20.9863
4 0.00 0.00 45.00 0.00 15.00 0.00 20.00 0.00 3.78432
4 5.00 0.00 50.00 0.00 10.00 0.00 15.00 0.00 11.6367
4 12.50 0.00 35.00 0.00 17.50 0.00 20.00 0.00 11.1307
4 10.00 0.00 32.50 0.00 20.00 0.00 22.50 0.00 6.50186
4 7.50 0.00 30.00 0.00 22.50 0.00 25.00 0.00 8.86543
4 10.00 0.00 32.50 0.00 22.50 0.00 25.00 0.00 5.51392
4 7.50 0.00 30.00 0.00 25.00 0.00 27.50 0.00 39.0396
4 15.00 0.00 37.50 0.00 17.50 0.00 20.00 0.00 27.8478
4 0.00 0.00 45.00 0.00 20.00 0.00 25.00 0.00 2.87843
4 2.50 0.00 47.50 0.00 17.50 0.00 22.50 0.00 3.92519
4 5.00 0.00 50.00 0.00 15.00 0.00 20.00 0.00 5.8875
4 12.50 0.00 35.00 0.00 20.00 0.00 22.50 0.00 7.18431
4 7.50 0.00 52.50 0.00 12.50 0.00 17.50 0.00 12.4426
4 15.00 0.00 37.50 0.00 20.00 0.00 22.50 0.00 11.1861
4 10.00 0.00 32.50 0.00 25.00 0.00 27.50 0.00 14.7395
4 12.50 0.00 35.00 0.00 22.50 0.00 25.00 0.00 4.59661
4 12.50 0.00 35.00 0.00 25.00 0.00 27.50 0.00 8.62404
4 10.00 0.00 55.00 0.00 15.00 0.00 20.00 0.00 14.7182
4 10.00 0.00 32.50 0.00 27.50 0.00 30.00 0.00 31.4085
4 15.00 0.00 37.50 0.00 22.50 0.00 25.00 0.00 5.2112
4 2.50 0.00 47.50 0.00 22.50 0.00 27.50 0.00 3.05161
4 5.00 0.00 50.00 0.00 20.00 0.00 25.00 0.00 3.37127
4 7.50 0.00 52.50 0.00 17.50 0.00 22.50 0.00 5.93139
4 0.00 0.00 45.00 0.00 25.00 0.00 30.00 0.00 3.87575
4 17.50 0.00 40.00 0.00 20.00 0.00 22.50 0.00 28.1031
4 15.00 0.00 37.50 0.00 25.00 0.00 27.50 0.00 7.04918
4 12.50 0.00 35.00 0.00 27.50 0.00 30.00 0.00 12.2821
4 17.50 0.00 40.00 0.00 22.50 0.00 25.00 0.00 8.44088
4 15.00 0.00 37.50 0.00 27.50 0.00 30.00 0.00 7.08293
4 12.50 0.00 57.50 0.00 17.50 0.00 22.50 0.00 14.9849
4 0.00 0.00 45.00 0.00 30.00 0.00 35.00 0.00 6.20881
4 10.00 0.00 55.00 0.00 20.00 0.00 25.00 0.00 5.43189
4 12.50 0.00 35.00 0.00 30.00 0.00 32.50 0.00 34.8624
4 20.00 0.00 42.50 0.00 22.50 0.00 25.00 0.00 21.7404
4 5.00 0.00 50.00 0.00 25.00 0.00 30.00 0.00 3.35339
4 7.50 0.00 52.50 0.00 22.50 0.00 27.50 0.00 3.35401
4 2.50 0.00 47.50 0.00 27.50 0.00 32.50 0.00 3.82838
4 17.50 0.00 40.00 0.00 25.00 0.00 27.50 0.00 8.33414
4 15.00 0.00 37.50 0.00 30.00 0.00 32.50 0.00 13.0397
4 20.00 0.00 42.50 0.00 25.00 0.00 27.50 0.00 13.164
4 17.50 0.00 40.00 0.00 27.50 0.00 30.00 0.00 6.21998
4 15.00 0.00 60.00 0.00 20.00 0.00 25.00 0.00 13.7284
4 12.50 0.00 57.50 0.00 22.50 0.00 27.50 0.00 5.24883
4 0.00 0.00 90.00 0.00 10.00 0.00 20.00 0.00 6.66291
4 5.00 0.00 50.00 0.00 30.00 0.00 35.00 0.00 3.83779
4 10.00 0.00 55.00 0.00 25.00 0.00 30.00 0.00 3.85485
4 0.00 0.00 45.00 0.00 35.00 0.00 40.00 0.00 14.9775
4 20.00 0.00 42.50 0.00 27.50 0.00 30.00 0.00 6.9579
4 2.50 0.00 47.50 0.00 32.50 0.00 37.50 0.00 6.12821
4 15.00 0.00 37.50 0.00 32.50 0.00 35.00 0.00 29.552
4 7.50 0.00 52.50 0.00 27.50 0.00 32.50 0.00 3.15338
4 22.50 0.00 45.00 0.00 25.00 0.00 27.50 0.00 33.8051
4 17.50 0.00 40.00 0.00 30.00 0.00 32.50 0.00 8.50195
4 22.50 0.00 45.00 0.00 27.50 0.00 30.00 0.00 11.3034
4 17.50 0.00 40.00 0.00 32.50 0.00 35.00 0.00 13.2195
4 20.00 0.00 42.50 0.00 30.00 0.00 32.50 0.00 6.70636
4 10.00 0.00 55.00 0.00 30.00 0.00 35.00 0.00 3.24583
4 22.50 0.00 45.00 0.00 30.00 0.00 32.50 0.00 7.78111
4 17.50 0.00 40.00 0.00 35.00 0.00 37.50 0.00 34.8875
4 2.50 0.00 92.50 0.00 12.50 0.00 22.50 0.00 7.38834
4 2.50 0.00 47.50 0.00 37.50 0.00 42.50 0.00 20.5463
4 7.50 0.00 52.50 0.00 32.50 0.00 37.50 0.00 3.60065
4 12.50 0.00 57.50 0.00 27.50 0.00 32.50 0.00 3.59244
4 15.00 0.00 60.00 0.00 25.00 0.00 30.00 0.00 6.08324
4 17.50 0.00 62.50 0.00 22.50 0.00 27.50 0.00 13.5444
4 25.00 0.00 47.50 0.00 27.50 0.00 30.00 0.00 23.3223
4 20.00 0.00 42.50 0.00 32.50 0.00 35.00 0.00 7.33183
4 5.00 0.00 50.00 0.00 35.00 0.00 40.00 0.00 5.42847
4 22.50 0.00 45.00 0.00 32.50 0.00 35.00 0.00 6.41144
4 25.00 0.00 47.50 0.00 30.00 0.00 32.50 0.00 10.9946
4 20.00 0.00 42.50 0.00 35.00 0.00 37.50 0.00 11.9153
4 7.50 0.00 52.50 0.00 37.50 0.00 42.50 0.00 6.21186
4 5.00 0.00 95.00 0.00 15.00 0.00 25.00 0.00 7.62142
4 25.00 0.00 47.50 0.00 32.50 0.00 35.00 0.00 6.98422
4 10.00 0.00 55.00 0.00 35.00 0.00 40.00 0.00 3.2138
4 12.50 0.00 57.50 0.00 32.50 0.00 37.50 0.00 3.09935
4 20.00 0.00 65.00 0.00 25.00 0.00 30.00 0.00 16.9786
4 5.00 0.00 50.00 0.00 40.00 0.00 45.00 0.00 19.2093
4 15.00 0.00 60.00 0.00 30.00 0.00 35.00 0.00 3.74389
4 20.00 0.00 42.50 0.00 37.50 0.00 40.00 0.00 24.5282
4 17.50 0.00 62.50 0.00 27.50 0.00 32.50 0.00 5.87502
4 22.50 0.00 45.00 0.00 35.00 0.00 37.50 0.00 7.52172
4 0.00 0.00 90.00 0.00 20.00 0.00 30.00 0.00 2.82788
4 27.50 0.00 50.00 0.00 30.00 0.00 32.50 0.00 35.3463
4 22.50 0.00 45.00 0.00 37.50 0.00 40.00 0.00 10.4556
4 25.00 0.00 47.50 0.00 35.00 0.00 37.50 0.00 6.19893
4 27.50 0.00 50.00 0.00 32.50 0.00 35.00 0.00 13.0549
4 2.50 0.00 92.50 0.00 22.50 0.00 32.50 0.00 2.83281
4 20.00 0.00 65.00 0.00 30.00 0.00 35.00 0.00 6.30352
4 15.00 0.00 60.00 0.00 35.00 0.00 40.00 0.00 2.85938
4 7.50 0.00 97.50 0.00 17.50 0.00 27.50 0.00 7.64408
4 27.50 0.00 50.00 0.00 35.00 0.00 37.50 0.00 7.71824
4 7.50 0.00 52.50 0.00 42.50 0.00 47.50 0.00 16.0247
4 22.50 0.00 67.50 0.00 27.50 0.00 32.50 0.00 15.9229
4 12.50 0.00 57.50 0.00 37.50 0.00 42.50 0.00 3.60065
4 10.00 0.00 55.00 0.00 40.00 0.00 45.00 0.00 5.87628
4 30.00 0.00 52.50 0.00 32.50 0.00 35.00 0.00 32.1173
4 17.50 0.00 62.50 0.00 32.50 0.00 37.50 0.00 3.74343
4 22.50 0.00 45.00 0.00 40.00 0.00 42.50 0.00 43.332
4 25.00 0.00 47.50 0.00 37.50 0.00 40.00 0.00 6.39623
4 25.00 0.00 47.50 0.00 40.00 0.00 42.50 0.00 17.1085
4 27.50 0.00 50.00 0.00 37.50 0.00 40.00 0.00 5.41302
4 30.00 0.00 52.50 0.00 35.00 0.00 37.50 0.00 12.8015
4 32.50 0.00 55.00 0.00 35.00 0.00 37.50 0.00 34.6252
4 10.00 0.00 100.00 0.00 20.00 0.00 30.00 0.00 7.77605
4 10.00 0.00 55.00 0.00 45.00 0.00 50.00 0.00 15.2127
4 0.00 0.00 90.00 0.00 30.00 0.00 40.00 0.00 1.81934
4 5.00 0.00 95.00 0.00 25.00 0.00 35.00 0.00 3.14766
4 20.00 0.00 65.00 0.00 35.00 0.00 40.00 0.00 3.52588
4 17.50 0.00 62.50 0.00 37.50 0.00 42.50 0.00 3.27765
4 25.00 0.00 47.50 0.00 42.50 0.00 45.00 0.00 35.942
4 25.00 0.00 70.00 0.00 30.00 0.00 35.00 0.00 14.787
4 15.00 0.00 60.00 0.00 40.00 0.00 45.00 0.00 3.67145
4 22.50 0.00 67.50 0.00 32.50 0.00 37.50 0.00 6.21698
4 12.50 0.00 57.50 0.00 42.50 0.00 47.50 0.00 4.8968
4 27.50 0.00 50.00 0.00 40.00 0.00 42.50 0.00 9.66432
4 30.00 0.00 52.50 0.00 37.50 0.00 40.00 0.00 6.31609
4 32.50 0.00 55.00 0.00 37.50 0.00 40.00 0.00 10.9837
4 30.00 0.00 52.50 0.00 40.00 0.00 42.50 0.00 7.73576
4 27.50 0.00 50.00 0.00 42.50 0.00 45.00 0.00 13.079
4 35.00 0.00 57.50 0.00 37.50 0.00 40.00 0.00 27.4669
4 32.50 0.00 55.00 0.00 40.00 0.00 42.50 0.00 9.23426
4 7.50 0.00 97.50 0.00 27.50 0.00 37.50 0.00 2.98994
4 2.50 0.00 92.50 0.00 32.50 0.00 42.50 0.00 1.90073
4 20.00 0.00 65.00 0.00 40.00 0.00 45.00 0.00 3.45222
4 30.00 0.00 52.50 0.00 42.50 0.00 45.00 0.00 7.10374
4 22.50 0.00 67.50 0.00 37.50 0.00 42.50 0.00 3.89904
4 12.50 0.00 57.50 0.00 47.50 0.00 52.50 0.00 14.4505
4 15.00 0.00 60.00 0.00 45.00 0.00 50.00 0.00 4.93464
4 17.50 0.00 62.50 0.00 42.50 0.00 47.50 0.00 3.19871
4 27.50 0.00 72.50 0.00 32.50 0.00 37.50 0.00 17.7824
4 25.00 0.00 70.00 0.00 35.00 0.00 40.00 0.00 5.37217
4 27.50 0.00 50.00 0.00 45.00 0.00 47.50 0.00 33.3664
4 35.00 0.00 57.50 0.00 40.00 0.00 42.50 0.00 15.0776
4 32.50 0.00 55.00 0.00 42.50 0.00 45.00 0.00 5.81792
4 30.00 0.00 52.50 0.00 45.00 0.00 47.50 0.00 11.8951
4 35.00 0.00 57.50 0.00 42.50 0.00 45.00 0.00 6.82874
4 32.50 0.00 55.00 0.00 45.00 0.00 47.50 0.00 6.64447
4 0.00 0.00 135.00 0.00 15.00 0.00 30.00 0.00 5.35986
4 5.00 0.00 95.00 0.00 35.00 0.00 45.00 0.00 1.8961
4 0.00 0.00 90.00 0.00 40.00 0.00 50.00 0.00 1.50096
4 25.00 0.00 70.00 0.00 40.00 0.00 45.00 0.00 3.97344
4 15.00 0.00 105.00 0.00 25.00 0.00 35.00 0.00 8.29114
4 20.00 0.00 65.00 0.00 45.00 0.00 50.00 0.00 3.27883
4 10.00 0.00 100.00 0.00 30.00 0.00 40.00 0.00 3.09694
4 37.50 0.00 60.00 0.00 40.00 0.00 42.50 0.00 38.1377
4 15.00 0.00 60.00 0.00 50.00 0.00 55.00 0.00 14.1876
4 17.50 0.00 62.50 0.00 47.50 0.00 52.50 0.00 5.19919
4 22.50 0.00 67.50 0.00 42.50 0.00 47.50 0.00 2.9258
4 30.00 0.00 75.00 0.00 35.00 0.00 40.00 0.00 16.5537
4 27.50 0.00 72.50 0.00 37.50 0.00 42.50 0.00 6.24222
4 30.00 0.00 52.50 0.00 47.50 0.00 50.00 0.00 31.8886
4 37.50 0.00 60.00 0.00 42.50 0.00 45.00 0.00 11.3711
4 35.00 0.00 57.50 0.00 45.00 0.00 47.50 0.00 5.57462
4 32.50 0.00 55.00 0.00 47.50 0.00 50.00 0.00 11.7636
4 37.50 0.00 60.00 0.00 45.00 0.00 47.50 0.00 6.8295
4 35.00 0.00 57.50 0.00 47.50 0.00 50.00 0.00 6.76897
4 32.50 0.00 55.00 0.00 50.00 0.00 52.50 0.00 30.4232
4 32.50 0.00 77.50 0.00 37.50 0.00 42.50 0.00 17.3814
4 27.50 0.00 72.50 0.00 42.50 0.00 47.50 0.00 3.49412
4 7.50 0.00 97.50 0.00 37.50 0.00 47.50 0.00 1.84361
4 22.50 0.00 67.50 0.00 47.50 0.00 52.50 0.00 3.38895
4 30.00 0.00 75.00 0.00 40.00 0.00 45.00 0.00 6.79544
4 20.00 0.00 65.00 0.00 50.00 0.00 55.00 0.00 5.22565
4 2.50 0.00 92.50 0.00 42.50 0.00 52.50 0.00 1.36962
4 17.50 0.00 62.50 0.00 52.50 0.00 57.50 0.00 12.3993
4 40.00 0.00 62.50 0.00 42.50 0.00 45.00 0.00 25.5074
4 25.00 0.00 70.00 0.00 45.00 0.00 50.00 0.00 2.92849
4 35.00 0.00 57.50 0.00 50.00 0.00 52.50 0.00 11.044
4 0.00 0.00 150.00 0.00 15.00 0.00 30.00 0.00 5.35236
4 40.00 0.00 62.50 0.00 45.00 0.00 47.50 0.00 10.8344
4 37.50 0.00 60.00 0.00 47.50 0.00 50.00 0.00 6.00579
4 37.50 0.00 60.00 0.00 50.00 0.00 52.50 0.00 6.64992
4 35.00 0.00 57.50 0.00 52.50 0.00 55.00 0.00 30.1564
4 0.00 0.00 90.00 0.00 50.00 0.00 60.00 0.00 1.29722
4 20.00 0.00 110.00 0.00 30.00 0.00 40.00 0.00 8.45061
4 20.00 0.00 65.00 0.00 55.00 0.00 60.00 0.00 9.97825
4 5.00 0.00 95.00 0.00 45.00 0.00 55.00 0.00 1.37037
4 27.50 0.00 72.50 0.00 47.50 0.00 52.50 0.00 3.11883
4 35.00 0.00 80.00 0.00 40.00 0.00 45.00 0.00 19.2166
4 10.00 0.00 100.00 0.00 40.00 0.00 50.00 0.00 1.98494
4 15.00 0.00 105.00 0.00 35.00 0.00 45.00 0.00 3.18913
4 5.00 0.00 140.00 0.00 20.00 0.00 35.00 0.00 5.53378
4 22.50 0.00 67.50 0.00 52.50 0.00 57.50 0.00 4.70299
4 30.00 0.00 75.00 0.00 45.00 0.00 50.00 0.00 3.59908
4 32.50 0.00 77.50 0.00 42.50 0.00 47.50 0.00 5.89541
4 40.00 0.00 62.50 0.00 47.50 0.00 50.00 0.00 7.25357
4 42.50 0.00 65.00 0.00 45.00 0.00 47.50 0.00 37.1107
4 25.00 0.00 70.00 0.00 50.00 0.00 55.00 0.00 3.39268
4 37.50 0.00 60.00 0.00 52.50 0.00 55.00 0.00 10.8711
4 40.00 0.00 62.50 0.00 50.00 0.00 52.50 0.00 5.88893
4 42.50 0.00 65.00 0.00 47.50 0.00 50.00 0.00 15.0574
4 37.50 0.00 60.00 0.00 55.00 0.00 57.50 0.00 22.011
4 7.50 0.00 97.50 0.00 47.50 0.00 57.50 0.00 1.33083
4 2.50 0.00 92.50 0.00 52.50 0.00 62.50 0.00 1.14877
4 0.00 0.00 135.00 0.00 30.00 0.00 45.00 0.00 2.3525
4 32.50 0.00 77.50 0.00 47.50 0.00 52.50 0.00 3.88024
4 27.50 0.00 72.50 0.00 52.50 0.00 57.50 0.00 3.21029
4 22.50 0.00 67.50 0.00 57.50 0.00 62.50 0.00 8.35237
4 30.00 0.00 75.00 0.00 50.00 0.00 55.00 0.00 3.15318
4 35.00 0.00 80.00 0.00 45.00 0.00 50.00 0.00 6.0683
4 37.50 0.00 82.50 0.00 42.50 0.00 47.50 0.00 15.8787
4 40.00 0.00 62.50 0.00 52.50 0.00 55.00 0.00 6.6793
4 42.50 0.00 65.00 0.00 50.00 0.00 52.50 0.00 8.21461
4 45.00 0.00 67.50 0.00 47.50 0.00 50.00 0.00 38.0388
4 25.00 0.00 70.00 0.00 55.00 0.00 60.00 0.00 4.02623
4 0.00 0.00 165.00 0.00 15.00 0.00 30.00 0.00 5.35003
4 40.00 0.00 62.50 0.00 55.00 0.00 57.50 0.00 8.68875
4 42.50 0.00 65.00 0.00 52.50 0.00 55.00 0.00 6.239
4 45.00 0.00 67.50 0.00 50.00 0.00 52.50 0.00 14.2439
4 5.00 0.00 155.00 0.00 20.00 0.00 35.00 0.00 5.51435
4 5.00 0.00 95.00 0.00 55.00 0.00 65.00 0.00 1.06712
4 10.00 0.00 145.00 0.00 25.00 0.00 40.00 0.00 5.91955
4 35.00 0.00 80.00 0.00 50.00 0.00 55.00 0.00 3.86855
4 42.50 0.00 65.00 0.00 55.00 0.00 57.50 0.00 5.64208
4 37.50 0.00 82.50 0.00 47.50 0.00 52.50 0.00 6.43389
4 15.00 0.00 105.00 0.00 45.00 0.00 55.00 0.00 1.8696
4 20.00 0.00 110.00 0.00 40.00 0.00 50.00 0.00 3.50312
4 32.50 0.00 77.50 0.00 52.50 0.00 57.50 0.00 3.05711
4 40.00 0.00 85.00 0.00 45.00 0.00 50.00 0.00 15.6356
4 10.00 0.00 100.00 0.00 50.00 0.00 60.00 0.00 1.26829
4 25.00 0.00 115.00 0.00 35.00 0.00 45.00 0.00 8.01876
4 27.50 0.00 72.50 0.00 57.50 0.00 62.50 0.00 3.67659
4 45.00 0.00 67.50 0.00 52.50 0.00 55.00 0.00 7.73927
4 0.00 0.00 90.00 0.00 60.00 0.00 70.00 0.00 1.83481
4 40.00 0.00 62.50 0.00 57.50 0.00 60.00 0.00 19.1578
4 25.00 0.00 70.00 0.00 60.00 0.00 65.00 0.00 8.92272
4 47.50 0.00 70.00 0.00 50.00 0.00 52.50 0.00 35.738
4 30.00 0.00 75.00 0.00 55.00 0.00 60.00 0.00 2.83391
4 45.00 0.00 67.50 0.00 55.00 0.00 57.50 0.00 5.21883
4 0.00 0.00 150.00 0.00 30.00 0.00 45.00 0.00 2.34059
4 47.50 0.00 70.00 0.00 52.50 0.00 55.00 0.00 13.1456
4 42.50 0.00 65.00 0.00 57.50 0.00 60.00 0.00 7.21668
4 0.00 0.00 180.00 0.00 15.00 0.00 30.00 0.00 5.34416
4 7.50 0.00 97.50 0.00 57.50 0.00 67.50 0.00 1.01906
4 30.00 0.00 75.00 0.00 60.00 0.00 65.00 0.00 4.04916
4 47.50 0.00 70.00 0.00 55.00 0.00 57.50 0.00 6.64719
4 35.00 0.00 80.00 0.00 55.00 0.00 60.00 0.00 2.6832
4 32.50 0.00 77.50 0.00 57.50 0.00 62.50 0.00 2.71599
4 2.50 0.00 92.50 0.00 62.50 0.00 72.50 0.00 1.65565
4 40.00 0.00 85.00 0.00 50.00 0.00 55.00 0.00 6.06035
4 27.50 0.00 72.50 0.00 62.50 0.00 67.50 0.00 9.98815
4 42.50 0.00 87.50 0.00 47.50 0.00 52.50 0.00 20.7832
4 42.50 0.00 65.00 0.00 60.00 0.00 62.50 0.00 19.1363
4 5.00 0.00 140.00 0.00 35.00 0.00 50.00 0.00 2.38624
4 37.50 0.00 82.50 0.00 52.50 0.00 57.50 0.00 3.64029
4 45.00 0.00 67.50 0.00 57.50 0.00 60.00 0.00 4.68995
4 50.00 0.00 72.50 0.00 52.50 0.00 55.00 0.00 33.3829
4 5.00 0.00 170.00 0.00 20.00 0.00 35.00 0.00 5.52274
4 47.50 0.00 70.00 0.00 57.50 0.00 60.00 0.00 4.49678
4 50.00 0.00 72.50 0.00 55.00 0.00 57.50 0.00 11.8844
4 45.00 0.00 67.50 0.00 60.00 0.00 62.50 0.00 6.17162
4 10.00 0.00 160.00 0.00 25.00 0.00 40.00 0.00 5.91141
4 20.00 0.00 110.00 0.00 50.00 0.00 60.00 0.00 1.81247
4 32.50 0.00 77.50 0.00 62.50 0.00 67.50 0.00 4.67677
4 0.00 0.00 90.00 0.00 70.00 0.00 80.00 0.00 4.72566
4 15.00 0.00 105.00 0.00 55.00 0.00 65.00 0.00 1.11661
4 15.00 0.00 150.00 0.00 30.00 0.00 45.00 0.00 5.94794
4 5.00 0.00 95.00 0.00 65.00 0.00 75.00 0.00 1.41137
4 25.00 0.00 115.00 0.00 45.00 0.00 55.00 0.00 3.21765
4 30.00 0.00 120.00 0.00 40.00 0.00 50.00 0.00 9.16615
4 52.50 0.00 75.00 0.00 55.00 0.00 57.50 0.00 31.4287
4 40.00 0.00 85.00 0.00 55.00 0.00 60.00 0.00 3.05529
4 42.50 0.00 87.50 0.00 52.50 0.00 57.50 0.00 6.26959
4 45.00 0.00 90.00 0.00 50.00 0.00 55.00 0.00 19.4318
4 10.00 0.00 100.00 0.00 60.00 0.00 70.00 0.00 1.04242
4 50.00 0.00 72.50 0.00 57.50 0.00 60.00 0.00 5.87549
4 0.00 0.00 135.00 0.00 45.00 0.00 60.00 0.00 1.28629
4 30.00 0.00 75.00 0.00 65.00 0.00 70.00 0.00 10.9074
4 35.00 0.00 80.00 0.00 60.00 0.00 65.00 0.00 2.91684
4 37.50 0.00 82.50 0.00 57.50 0.00 62.50 0.00 2.47001
4 47.50 0.00 70.00 0.00 60.00 0.00 62.50 0.00 4.24335
4 45.00 0.00 67.50 0.00 62.50 0.00 65.00 0.00 23.8682
4 0.00 0.00 195.00 0.00 15.00 0.00 30.00 0.00 5.34035
4 0.00 0.00 165.00 0.00 30.00 0.00 45.00 0.00 2.33312
4 52.50 0.00 75.00 0.00 57.50 0.00 60.00 0.00 10.5947
4 47.50 0.00 70.00 0.00 62.50 0.00 65.00 0.00 7.17061
4 50.00 0.00 72.50 0.00 60.00 0.00 62.50 0.00 4.14818
4 5.00 0.00 185.00 0.00 20.00 0.00 35.00 0.00 5.5196
4 5.00 0.00 155.00 0.00 35.00 0.00 50.00 0.00 2.38792
4 2.50 0.00 92.50 0.00 72.50 0.00 82.50 0.00 4.3392
4 10.00 0.00 145.00 0.00 40.00 0.00 55.00 0.00 2.52825
4 7.50 0.00 97.50 0.00 67.50 0.00 77.50 0.00 1.13386
4 50.00 0.00 72.50 0.00 62.50 0.00 65.00 0.00 5.01588
4 47.50 0.00 92.50 0.00 52.50 0.00 57.50 0.00 17.4088
4 40.00 0.00 85.00 0.00 60.00 0.00 65.00 0.00 2.46873
4 37.50 0.00 82.50 0.00 62.50 0.00 67.50 0.00 3.19779
4 42.50 0.00 87.50 0.00 57.50 0.00 62.50 0.00 2.91159
4 45.00 0.00 90.00 0.00 55.00 0.00 60.00 0.00 5.33573
4 52.50 0.00 75.00 0.00 60.00 0.00 62.50 0.00 5.41302
4 47.50 0.00 70.00 0.00 65.00 0.00 67.50 0.00 21.9343
4 32.50 0.00 77.50 0.00 67.50 0.00 72.50 0.00 11.7272
4 35.00 0.00 80.00 0.00 65.00 0.00 70.00 0.00 4.7335
4 55.00 0.00 77.50 0.00 57.50 0.00 60.00 0.00 30.1012
4 10.00 0.00 175.00 0.00 25.00 0.00 40.00 0.00 5.90821
4 50.00 0.00 72.50 0.00 65.00 0.00 67.50 0.00 7.61442
4 0.00 0.00 150.00 0.00 45.00 0.00 60.00 0.00 1.26712
4 52.50 0.00 75.00 0.00 62.50 0.00 65.00 0.00 4.85474
4 55.00 0.00 77.50 0.00 60.00 0.00 62.50 0.00 9.86598
4 15.00 0.00 165.00 0.00 30.00 0.00 45.00 0.00 5.93834
4 0.00 0.00 180.00 0.00 30.00 0.00 45.00 0.00 2.32826
4 5.00 0.00 95.00 0.00 75.00 0.00 85.00 0.00 4.44016
4 50.00 0.00 72.50 0.00 67.50 0.00 70.00 0.00 25.3465
4 5.00 0.00 140.00 0.00 50.00 0.00 65.00 0.00 1.22623
4 25.00 0.00 115.00 0.00 55.00 0.00 65.00 0.00 1.56131
4 35.00 0.00 80.00 0.00 70.00 0.00 75.00 0.00 10.2142
4 55.00 0.00 77.50 0.00 62.50 0.00 65.00 0.00 6.22623
4 50.00 0.00 95.00 0.00 55.00 0.00 60.00 0.00 15.6712
4 45.00 0.00 90.00 0.00 60.00 0.00 65.00 0.00 2.88854
4 15.00 0.00 105.00 0.00 65.00 0.00 75.00 0.00 1.00109
4 30.00 0.00 120.00 0.00 50.00 0.00 60.00 0.00 3.16137
4 40.00 0.00 85.00 0.00 65.00 0.00 70.00 0.00 2.92932
4 42.50 0.00 87.50 0.00 62.50 0.00 67.50 0.00 2.7034
4 10.00 0.00 100.00 0.00 70.00 0.00 80.00 0.00 1.06914
4 47.50 0.00 92.50 0.00 57.50 0.00 62.50 0.00 4.66141
4 20.00 0.00 110.00 0.00 60.00 0.00 70.00 0.00 1.1384
4 37.50 0.00 82.50 0.00 67.50 0.00 72.50 0.00 4.96415
4 35.00 0.00 125.00 0.00 45.00 0.00 55.00 0.00 8.72796
4 57.50 0.00 80.00 0.00 60.00 0.00 62.50 0.00 23.25
4 52.50 0.00 75.00 0.00 65.00 0.00 67.50 0.00 5.18086
4 5.00 0.00 200.00 0.00 20.00 0.00 35.00 0.00 5.51575
4 5.00 0.00 170.00 0.00 35.00 0.00 50.00 0.00 2.36854
4 20.00 0.00 155.00 0.00 35.00 0.00 50.00 0.00 6.17833
4 55.00 0.00 77.50 0.00 65.00 0.00 67.50 0.00 5.04238
4 52.50 0.00 75.00 0.00 67.50 0.00 70.00 0.00 8.31605
4 57.50 0.00 80.00 0.00 62.50 0.00 65.00 0.00 9.55296
4 10.00 0.00 160.00 0.00 40.00 0.00 55.00 0.00 2.51294
4 10.00 0.00 190.00 0.00 25.00 0.00 40.00 0.00 5.90268
4 57.50 0.00 80.00 0.00 65.00 0.00 67.50 0.00 5.78145
4 55.00 0.00 77.50 0.00 67.50 0.00 70.00 0.00 5.46676
4 52.50 0.00 75.00 0.00 70.00 0.00 72.50 0.00 24.7243
4 15.00 0.00 150.00 0.00 45.00 0.00 60.00 0.00 2.30231
4 0.00 0.00 135.00 0.00 60.00 0.00 75.00 0.00 0.765403
4 7.50 0.00 97.50 0.00 77.50 0.00 87.50 0.00 2.97145
4 42.50 0.00 87.50 0.00 67.50 0.00 72.50 0.00 2.89758
4 40.00 0.00 85.00 0.00 70.00 0.00 75.00 0.00 4.10658
4 45.00 0.00 90.00 0.00 65.00 0.00 70.00 0.00 2.48124
4 47.50 0.00 92.50 0.00 62.50 0.00 67.50 0.00 2.9855
4 50.00 0.00 95.00 0.00 60.00 0.00 65.00 0.00 4.65676
4 52.50 0.00 97.50 0.00 57.50 0.00 62.50 0.00 14.0466
4 37.50 0.00 82.50 0.00 72.50 0.00 77.50 0.00 9.11505
4 60.00 0.00 82.50 0.00 62.50 0.00 65.00 0.00 21.6058
4 0.00 0.00 195.00 0.00 30.00 0.00 45.00 0.00 2.32222
4 0.00 0.00 165.00 0.00 45.00 0.00 60.00 0.00 1.25315
4 15.00 0.00 180.00 0.00 30.00 0.00 45.00 0.00 5.93486
4 57.50 0.00 80.00 0.00 67.50 0.00 70.00 0.00 4.75816
4 55.00 0.00 77.50 0.00 70.00 0.00 72.50 0.00 8.77621
4 60.00 0.00 82.50 0.00 65.00 0.00 67.50 0.00 8.37441
4 5.00 0.00 185.00 0.00 35.00 0.00 50.00 0.00 2.36432
4 20.00 0.00 170.00 0.00 35.00 0.00 50.00 0.00 6.18411
4 5.00 0.00 155.00 0.00 50.00 0.00 65.00 0.00 1.20361
4 57.50 0.00 80.00 0.00 70.00 0.00 72.50 0.00 5.57901
4 55.00 0.00 77.50 0.00 72.50 0.00 75.00 0.00 17.9964
4 25.00 0.00 115.00 0.00 65.00 0.00 75.00 0.00 1.10592
4 40.00 0.00 130.00 0.00 50.00 0.00 60.00 0.00 8.11748
4 10.00 0.00 145.00 0.00 55.00 0.00 70.00 0.00 1.13368
4 55.00 0.00 100.00 0.00 60.00 0.00 65.00 0.00 13.7824
4 60.00 0.00 82.50 0.00 67.50 0.00 70.00 0.00 5.13227
4 42.50 0.00 87.50 0.00 72.50 0.00 77.50 0.00 3.39144
4 30.00 0.00 120.00 0.00 60.00 0.00 70.00 0.00 1.59977
4 10.00 0.00 100.00 0.00 80.00 0.00 90.00 0.00 2.83258
4 15.00 0.00 105.00 0.00 75.00 0.00 85.00 0.00 1.03173
4 40.00 0.00 85.00 0.00 75.00 0.00 80.00 0.00 14.6035
4 47.50 0.00 92.50 0.00 67.50 0.00 72.50 0.00 2.27125
4 50.00 0.00 95.00 0.00 65.00 0.00 70.00 0.00 2.85868
4 52.50 0.00 97.50 0.00 62.50 0.00 67.50 0.00 4.95751
4 35.00 0.00 125.00 0.00 55.00 0.00 65.00 0.00 2.80914
4 20.00 0.00 110.00 0.00 70.00 0.00 80.00 0.00 0.852756
4 45.00 0.00 90.00 0.00 70.00 0.00 75.00 0.00 2.41289
4 62.50 0.00 85.00 0.00 65.00 0.00 67.50 0.00 21.2219
4 10.00 0.00 175.00 0.00 40.00 0.00 55.00 0.00 2.50575
4 25.00 0.00 160.00 0.00 40.00 0.00 55.00 0.00 6.29556
4 60.00 0.00 82.50 0.00 70.00 0.00 72.50 0.00 4.78603
4 57.50 0.00 80.00 0.00 72.50 0.00 75.00 0.00 6.9839
4 0.00 0.00 150.00 0.00 60.00 0.00 75.00 0.00 0.726769
4 62.50 0.00 85.00 0.00 67.50 0.00 70.00 0.00 6.89605
4 15.00 0.00 165.00 0.00 45.00 0.00 60.00 0.00 2.28905
4 0.00 0.00 180.00 0.00 45.00 0.00 60.00 0.00 1.24558
4 15.00 0.00 195.00 0.00 30.00 0.00 45.00 0.00 5.93088
4 60.00 0.00 82.50 0.00 72.50 0.00 75.00 0.00 4.93035
4 65.00 0.00 87.50 0.00 67.50 0.00 70.00 0.00 23.6415
4 50.00 0.00 95.00 0.00 70.00 0.00 75.00 0.00 2.04692
4 5.00 0.00 140.00 0.00 65.00 0.00 80.00 0.00 0.7262
4 42.50 0.00 87.50 0.00 77.50 0.00 82.50 0.00 18.8451
4 55.00 0.00 100.00 0.00 65.00 0.00 70.00 0.00 4.84172
4 45.00 0.00 90.00 0.00 75.00 0.00 80.00 0.00 3.8024
4 47.50 0.00 92.50 0.00 72.50 0.00 77.50 0.00 1.81722
4 52.50 0.00 97.50 0.00 67.50 0.00 72.50 0.00 2.73946
4 62.50 0.00 85.00 0.00 70.00 0.00 72.50 0.00 4.65631
4 57.50 0.00 80.00 0.00 75.00 0.00 77.50 0.00 12.488
4 20.00 0.00 185.00 0.00 35.00 0.00 50.00 0.00 6.17743
4 5.00 0.00 200.00 0.00 35.00 0.00 50.00 0.00 2.35833
4 5.00 0.00 170.00 0.00 50.00 0.00 65.00 0.00 1.19197
4 20.00 0.00 155.00 0.00 50.00 0.00 65.00 0.00 2.26052
4 57.50 0.00 102.50 0.00 62.50 0.00 67.50 0.00 12.8108
4 62.50 0.00 85.00 0.00 72.50 0.00 75.00 0.00 3.85679
4 65.00 0.00 87.50 0.00 70.00 0.00 72.50 0.00 6.84587
4 60.00 0.00 82.50 0.00 75.00 0.00 77.50 0.00 6.1958
4 25.00 0.00 175.00 0.00 40.00 0.00 55.00 0.00 6.28856
4 10.00 0.00 190.00 0.00 40.00 0.00 55.00 0.00 2.50022
4 10.00 0.00 160.00 0.00 55.00 0.00 70.00 0.00 1.11538
4 47.50 0.00 92.50 0.00 77.50 0.00 82.50 0.00 3.92297
4 60.00 0.00 105.00 0.00 65.00 0.00 70.00 0.00 10.8988
4 25.00 0.00 115.00 0.00 75.00 0.00 85.00 0.00 0.802962
4 15.00 0.00 150.00 0.00 60.00 0.00 75.00 0.00 1.10957
4 67.50 0.00 90.00 0.00 70.00 0.00 72.50 0.00 21.0641
4 45.00 0.00 135.00 0.00 55.00 0.00 65.00 0.00 7.45186
4 20.00 0.00 110.00 0.00 80.00 0.00 90.00 0.00 0.951733
4 40.00 0.00 130.00 0.00 60.00 0.00 70.00 0.00 2.71437
4 30.00 0.00 120.00 0.00 70.00 0.00 80.00 0.00 0.991481
4 35.00 0.00 125.00 0.00 65.00 0.00 75.00 0.00 1.62313
4 55.00 0.00 100.00 0.00 70.00 0.00 75.00 0.00 2.64182
4 45.00 0.00 90.00 0.00 80.00 0.00 85.00 0.00 21.948
4 52.50 0.00 97.50 0.00 72.50 0.00 77.50 0.00 1.69316
4 50.00 0.00 95.00 0.00 75.00 0.00 80.00 0.00 1.78709
4 60.00 0.00 82.50 0.00 77.50 0.00 80.00 0.00 44.1842
4 15.00 0.00 105.00 0.00 85.00 0.00 95.00 0.00 2.05168
4 65.00 0.00 87.50 0.00 72.50 0.00 75.00 0.00 4.28231
4 62.50 0.00 85.00 0.00 75.00 0.00 77.50 0.00 3.68544
4 0.00 0.00 135.00 0.00 75.00 0.00 90.00 0.00 0.535273
4 15.00 0.00 180.00 0.00 45.00 0.00 60.00 0.00 2.28193
4 30.00 0.00 165.00 0.00 45.00 0.00 60.00 0.00 6.006
4 0.00 0.00 165.00 0.00 60.00 0.00 75.00 0.00 0.706104
4 0.00 0.00 195.00 0.00 45.00 0.00 60.00 0.00 1.24036
4 57.50 0.00 102.50 0.00 67.50 0.00 72.50 0.00 4.43851
4 62.50 0.00 85.00 0.00 77.50 0.00 80.00 0.00 12.8808
4 65.00 0.00 87.50 0.00 75.00 0.00 77.50 0.00 3.23546
4 67.50 0.00 90.00 0.00 72.50 0.00 75.00 0.00 6.70757
4 20.00 0.00 170.00 0.00 50.00 0.00 65.00 0.00 2.23649
4 20.00 0.00 200.00 0.00 35.00 0.00 50.00 0.00 6.1722
4 5.00 0.00 155.00 0.00 65.00 0.00 80.00 0.00 0.689657
4 5.00 0.00 185.00 0.00 50.00 0.00 65.00 0.00 1.18432
4 60.00 0.00 105.00 0.00 70.00 0.00 75.00 0.00 4.04335
4 10.00 0.00 145.00 0.00 70.00 0.00 85.00 0.00 0.689951
4 52.50 0.00 97.50 0.00 77.50 0.00 82.50 0.00 1.75714
4 47.50 0.00 92.50 0.00 82.50 0.00 87.50 0.00 15.9223
4 55.00 0.00 100.00 0.00 75.00 0.00 80.00 0.00 1.72872
4 50.00 0.00 95.00 0.00 80.00 0.00 85.00 0.00 4.13077
4 67.50 0.00 90.00 0.00 75.00 0.00 77.50 0.00 3.58917
4 62.50 0.00 85.00 0.00 80.00 0.00 82.50 0.00 39.5455
4 65.00 0.00 87.50 0.00 77.50 0.00 80.00 0.00 6.9366
4 70.00 0.00 92.50 0.00 72.50 0.00 75.00 0.00 23.7425
4 62.50 0.00 107.50 0.00 67.50 0.00 72.50 0.00 9.20256
4 10.00 0.00 175.00 0.00 55.00 0.00 70.00 0.00 1.10279
4 25.00 0.00 190.00 0.00 40.00 0.00 55.00 0.00 6.28355
4 25.00 0.00 160.00 0.00 55.00 0.00 70.00 0.00 2.02849
4 57.50 0.00 102.50 0.00 72.50 0.00 77.50 0.00 2.27221
4 65.00 0.00 87.50 0.00 80.00 0.00 82.50 0.00 14.173
4 70.00 0.00 92.50 0.00 75.00 0.00 77.50 0.00 6.55589
4 67.50 0.00 90.00 0.00 77.50 0.00 80.00 0.00 4.64302
4 0.00 0.00 150.00 0.00 75.00 0.00 90.00 0.00 0.470168
4 0.00 0.00 180.00 0.00 60.00 0.00 75.00 0.00 0.692587
4 15.00 0.00 165.00 0.00 60.00 0.00 75.00 0.00 1.08607
4 15.00 0.00 195.00 0.00 45.00 0.00 60.00 0.00 2.27671
4 30.00 0.00 180.00 0.00 45.00 0.00 60.00 0.00 5.99856
4 70.00 0.00 92.50 0.00 77.50 0.00 80.00 0.00 4.82868
4 25.00 0.00 115.00 0.00 85.00 0.00 95.00 0.00 0.731758
4 52.50 0.00 97.50 0.00 82.50 0.00 87.50 0.00 2.77599
4 40.00 0.00 130.00 0.00 70.00 0.00 80.00 0.00 1.44098
4 20.00 0.00 110.00 0.00 90.00 0.00 100.00 0.00 1.75151
4 35.00 0.00 125.00 0.00 75.00 0.00 85.00 0.00 0.995146
4 45.00 0.00 135.00 0.00 65.00 0.00 75.00 0.00 2.80129
4 30.00 0.00 120.00 0.00 80.00 0.00 90.00 0.00 0.810813
4 55.00 0.00 100.00 0.00 80.00 0.00 85.00 0.00 1.98211
4 60.00 0.00 105.00 0.00 75.00 0.00 80.00 0.00 2.24242
4 50.00 0.00 140.00 0.00 60.00 0.00 70.00 0.00 6.91826
4 50.00 0.00 95.00 0.00 85.00 0.00 90.00 0.00 12.9877
4 65.00 0.00 110.00 0.00 70.00 0.00 75.00 0.00 9.04886
4 72.50 0.00 95.00 0.00 75.00 0.00 77.50 0.00 22.668
4 5.00 0.00 140.00 0.00 80.00 0.00 95.00 0.00 0.491028
4 65.00 0.00 87.50 0.00 82.50 0.00 85.00 0.00 64.6359
4 67.50 0.00 90.00 0.00 80.00 0.00 82.50 0.00 6.34147
4 62.50 0.00 107.50 0.00 72.50 0.00 77.50 0.00 3.41934
4 20.00 0.00 155.00 0.00 65.00 0.00 80.00 0.00 1.08265
4 5.00 0.00 200.00 0.00 50.00 0.00 65.00 0.00 1.17749
4 20.00 0.00 185.00 0.00 50.00 0.00 65.00 0.00 2.2286
4 5.00 0.00 170.00 0.00 65.00 0.00 80.00 0.00 0.668876
4 35.00 0.00 170.00 0.00 50.00 0.00 65.00 0.00 5.85799
4 57.50 0.00 102.50 0.00 77.50 0.00 82.50 0.00 1.84233
4 70.00 0.00 92.50 0.00 80.00 0.00 82.50 0.00 4.31426
4 67.50 0.00 90.00 0.00 82.50 0.00 85.00 0.00 18.2525
4 72.50 0.00 95.00 0.00 77.50 0.00 80.00 0.00 7.86243
4 25.00 0.00 175.00 0.00 55.00 0.00 70.00 0.00 2.01419
4 10.00 0.00 160.00 0.00 70.00 0.00 85.00 0.00 0.654899
4 10.00 0.00 190.00 0.00 55.00 0.00 70.00 0.00 1.09481
4 75.00 0.00 97.50 0.00 77.50 0.00 80.00 0.00 18.8741
4 15.00 0.00 150.00 0.00 75.00 0.00 90.00 0.00 0.643036
4 0.00 0.00 135.00 0.00 90.00 0.00 105.00 0.00 0.364742
4 52.50 0.00 97.50 0.00 87.50 0.00 92.50 0.00 8.23292
4 60.00 0.00 105.00 0.00 80.00 0.00 85.00 0.00 2.02604
4 55.00 0.00 100.00 0.00 85.00 0.00 90.00 0.00 2.47636
4 65.00 0.00 110.00 0.00 75.00 0.00 80.00 0.00 3.57996
4 67.50 0.00 90.00 0.00 85.00 0.00 87.50 0.00 29.3469
4 70.00 0.00 92.50 0.00 82.50 0.00 85.00 0.00 8.57129
4 72.50 0.00 95.00 0.00 80.00 0.00 82.50 0.00 4.50103
4 57.50 0.00 102.50 0.00 82.50 0.00 87.50 0.00 1.83387
4 67.50 0.00 112.50 0.00 72.50 0.00 77.50 0.00 8.90761
4 30.00 0.00 195.00 0.00 45.00 0.00 60.00 0.00 5.99327
4 0.00 0.00 165.00 0.00 75.00 0.00 90.00 0.00 0.435749
4 0.00 0.00 195.00 0.00 60.00 0.00 75.00 0.00 0.682977
4 15.00 0.00 180.00 0.00 60.00 0.00 75.00 0.00 1.07368
4 30.00 0.00 165.00 0.00 60.00 0.00 75.00 0.00 2.02486
4 62.50 0.00 107.50 0.00 77.50 0.00 82.50 0.00 2.35943
4 52.50 0.00 142.50 0.00 62.50 0.00 72.50 0.00 7.16359
4 75.00 0.00 97.50 0.00 80.00 0.00 82.50 0.00 6.39374
4 70.00 0.00 92.50 0.00 85.00 0.00 87.50 0.00 10.2115
4 72.50 0.00 95.00 0.00 82.50 0.00 85.00 0.00 5.70133
4 20.00 0.00 200.00 0.00 50.00 0.00 65.00 0.00 2.22165
4 5.00 0.00 155.00 0.00 80.00 0.00 95.00 0.00 0.433216
4 20.00 0.00 170.00 0.00 65.00 0.00 80.00 0.00 1.06328
4 5.00 0.00 185.00 0.00 65.00 0.00 80.00 0.00 0.658619
4 35.00 0.00 185.00 0.00 50.00 0.00 65.00 0.00 5.84966
4 75.00 0.00 97.50 0.00 82.50 0.00 85.00 0.00 5.78538
4 30.00 0.00 120.00 0.00 90.00 0.00 100.00 0.00 0.57924
4 50.00 0.00 140.00 0.00 70.00 0.00 80.00 0.00 2.52156
4 25.00 0.00 115.00 0.00 95.00 0.00 105.00 0.00 1.72949
4 55.00 0.00 145.00 0.00 65.00 0.00 75.00 0.00 7.00778
4 77.50 0.00 100.00 0.00 80.00 0.00 82.50 0.00 12.7379
4 45.00 0.00 135.00 0.00 75.00 0.00 85.00 0.00 1.46337
4 70.00 0.00 92.50 0.00 87.50 0.00 90.00 0.00 37.8125
4 10.00 0.00 145.00 0.00 85.00 0.00 100.00 0.00 0.386544
4 35.00 0.00 125.00 0.00 85.00 0.00 95.00 0.00 0.685211
4 40.00 0.00 130.00 0.00 80.00 0.00 90.00 0.00 1.00009
4 60.00 0.00 105.00 0.00 85.00 0.00 90.00 0.00 1.6552
4 65.00 0.00 110.00 0.00 80.00 0.00 85.00 0.00 2.70456
4 70.00 0.00 115.00 0.00 75.00 0.00 80.00 0.00 9.91307
4 55.00 0.00 100.00 0.00 90.00 0.00 95.00 0.00 6.42792
4 72.50 0.00 95.00 0.00 85.00 0.00 87.50 0.00 4.67746
4 67.50 0.00 112.50 0.00 77.50 0.00 82.50 0.00 4.07466
4 57.50 0.00 102.50 0.00 87.50 0.00 92.50 0.00 2.29265
4 10.00 0.00 175.00 0.00 70.00 0.00 85.00 0.00 0.63519
4 25.00 0.00 160.00 0.00 70.00 0.00 85.00 0.00 1.02189
4 25.00 0.00 190.00 0.00 55.00 0.00 70.00 0.00 2.0084
4 62.50 0.00 107.50 0.00 82.50 0.00 87.50 0.00 1.91284
4 40.00 0.00 175.00 0.00 55.00 0.00 70.00 0.00 5.13868
4 75.00 0.00 97.50 0.00 85.00 0.00 87.50 0.00 3.29901
4 0.00 0.00 150.00 0.00 90.00 0.00 105.00 0.00 0.248501
4 77.50 0.00 100.00 0.00 82.50 0.00 85.00 0.00 8.16714
4 72.50 0.00 95.00 0.00 87.50 0.00 90.00 0.00 11.0334
4 15.00 0.00 165.00 0.00 75.00 0.00 90.00 0.00 0.608879
4 30.00 0.00 180.00 0.00 60.00 0.00 75.00 0.00 2.01413
4 0.00 0.00 180.00 0.00 75.00 0.00 90.00 0.00 0.418227
4 15.00 0.00 195.00 0.00 60.00 0.00 75.00 0.00 1.06351
4 77.50 0.00 100.00 0.00 85.00 0.00 87.50 0.00 3.78303
4 75.00 0.00 97.50 0.00 87.50 0.00 90.00 0.00 4.66572
4 5.00 0.00 140.00 0.00 95.00 0.00 110.00 0.00 0.357999
4 60.00 0.00 105.00 0.00 90.00 0.00 95.00 0.00 1.80632
4 70.00 0.00 115.00 0.00 80.00 0.00 85.00 0.00 4.68954
4 65.00 0.00 110.00 0.00 85.00 0.00 90.00 0.00 1.80621
4 72.50 0.00 95.00 0.00 90.00 0.00 92.50 0.00 28.9235
4 80.00 0.00 102.50 0.00 82.50 0.00 85.00 0.00 39.5822
4 67.50 0.00 112.50 0.00 82.50 0.00 87.50 0.00 2.81103
4 62.50 0.00 107.50 0.00 87.50 0.00 92.50 0.00 1.56315
4 57.50 0.00 102.50 0.00 92.50 0.00 97.50 0.00 6.06099
4 72.50 0.00 117.50 0.00 77.50 0.00 82.50 0.00 10.9894
4 35.00 0.00 200.00 0.00 50.00 0.00 65.00 0.00 5.84223
4 5.00 0.00 200.00 0.00 65.00 0.00 80.00 0.00 0.647644
4 5.00 0.00 170.00 0.00 80.00 0.00 95.00 0.00 0.403913
4 57.50 0.00 147.50 0.00 67.50 0.00 77.50 0.00 6.31236
4 35.00 0.00 170.00 0.00 65.00 0.00 80.00 0.00 1.98832
4 20.00 0.00 185.00 0.00 65.00 0.00 80.00 0.00 1.05155
4 52.50 0.00 142.50 0.00 72.50 0.00 82.50 0.00 2.42195
4 20.00 0.00 155.00 0.00 80.00 0.00 95.00 0.00 0.612142
4 77.50 0.00 100.00 0.00 87.50 0.00 90.00 0.00 3.97407
4 75.00 0.00 97.50 0.00 90.00 0.00 92.50 0.00 6.42446
4 80.00 0.00 102.50 0.00 85.00 0.00 87.50 0.00 9.92124
4 40.00 0.00 190.00 0.00 55.00 0.00 70.00 0.00 5.12946
4 10.00 0.00 160.00 0.00 85.00 0.00 100.00 0.00 0.334939
4 10.00 0.00 190.00 0.00 70.00 0.00 85.00 0.00 0.625477
4 25.00 0.00 175.00 0.00 70.00 0.00 85.00 0.00 1.00302
4 75.00 0.00 97.50 0.00 92.50 0.00 95.00 0.00 14.4983
4 0.00 0.00 135.00 0.00 105.00 0.00 120.00 0.00 1.56049
4 45.00 0.00 135.00 0.00 85.00 0.00 95.00 0.00 0.857679
4 15.00 0.00 150.00 0.00 90.00 0.00 105.00 0.00 0.299869
4 30.00 0.00 120.00 0.00 100.00 0.00 110.00 0.00 2.11898
4 60.00 0.00 105.00 0.00 95.00 0.00 100.00 0.00 6.64524
4 55.00 0.00 145.00 0.00 75.00 0.00 85.00 0.00 2.59815
4 77.50 0.00 100.00 0.00 90.00 0.00 92.50 0.00 3.61241
4 40.00 0.00 130.00 0.00 90.00 0.00 100.00 0.00 0.504243
4 35.00 0.00 125.00 0.00 95.00 0.00 105.00 0.00 0.541512
4 60.00 0.00 150.00 0.00 70.00 0.00 80.00 0.00 5.9146
4 70.00 0.00 115.00 0.00 85.00 0.00 90.00 0.00 2.62093
4 65.00 0.00 110.00 0.00 90.00 0.00 95.00 0.00 1.29711
4 75.00 0.00 120.00 0.00 80.00 0.00 85.00 0.00 10.9399
4 50.00 0.00 140.00 0.00 80.00 0.00 90.00 0.00 1.50881
4 80.00 0.00 102.50 0.00 87.50 0.00 90.00 0.00 6.40106
4 72.50 0.00 117.50 0.00 82.50 0.00 87.50 0.00 5.10252
4 62.50 0.00 107.50 0.00 92.50 0.00 97.50 0.00 1.36707
4 30.00 0.00 195.00 0.00 60.00 0.00 75.00 0.00 2.00539
4 67.50 0.00 112.50 0.00 87.50 0.00 92.50 0.00 1.91571
4 30.00 0.00 165.00 0.00 75.00 0.00 90.00 0.00 0.981296
4 15.00 0.00 180.00 0.00 75.00 0.00 90.00 0.00 0.592063
4 82.50 0.00 105.00 0.00 85.00 0.00 87.50 0.00 35.4013
4 45.00 0.00 180.00 0.00 60.00 0.00 75.00 0.00 5.1422
4 0.00 0.00 195.00 0.00 75.00 0.00 90.00 0.00 0.407737
4 0.00 0.00 165.00 0.00 90.00 0.00 105.00 0.00 0.196762
4 77.50 0.00 100.00 0.00 92.50 0.00 95.00 0.00 4.97009
4 80.00 0.00 102.50 0.00 90.00 0.00 92.50 0.00 3.70494
4 82.50 0.00 105.00 0.00 87.50 0.00 90.00 0.00 14.4119
4 20.00 0.00 170.00 0.00 80.00 0.00 95.00 0.00 0.58334
4 35.00 0.00 185.00 0.00 65.00 0.00 80.00 0.00 1.97605
4 20.00 0.00 200.00 0.00 65.00 0.00 80.00 0.00 1.04121
4 5.00 0.00 185.00 0.00 80.00 0.00 95.00 0.00 0.389484
4 5.00 0.00 155.00 0.00 95.00 0.00 110.00 0.00 0.219566
4 77.50 0.00 100.00 0.00 95.00 0.00 97.50 0.00 17.612
4 10.00 0.00 145.00 0.00 100.00 0.00 115.00 0.00 0.366088
4 70.00 0.00 115.00 0.00 90.00 0.00 95.00 0.00 1.53441
4 65.00 0.00 110.00 0.00 95.00 0.00 100.00 0.00 1.51831
4 75.00 0.00 120.00 0.00 85.00 0.00 90.00 0.00 4.54889
4 85.00 0.00 107.50 0.00 87.50 0.00 90.00 0.00 60.9932
4 80.00 0.00 102.50 0.00 92.50 0.00 95.00 0.00 2.93972
4 72.50 0.00 117.50 0.00 87.50 0.00 92.50 0.00 2.84049
4 67.50 0.00 112.50 0.00 92.50 0.00 97.50 0.00 1.09613
4 62.50 0.00 107.50 0.00 97.50 0.00 102.50 0.00 4.65322
4 77.50 0.00 122.50 0.00 82.50 0.00 87.50 0.00 10.971
4 25.00 0.00 190.00 0.00 70.00 0.00 85.00 0.00 0.992375
4 10.00 0.00 175.00 0.00 85.00 0.00 100.00 0.00 0.310074
4 25.00 0.00 160.00 0.00 85.00 0.00 100.00 0.00 0.474844
4 40.00 0.00 175.00 0.00 70.00 0.00 85.00 0.00 1.88224
4 52.50 0.00 142.50 0.00 82.50 0.00 92.50 0.00 1.52251
4 57.50 0.00 147.50 0.00 77.50 0.00 87.50 0.00 2.70181
4 82.50 0.00 105.00 0.00 90.00 0.00 92.50 0.00 6.03053
4 0.00 0.00 150.00 0.00 105.00 0.00 120.00 0.00 0.36545
4 82.50 0.00 105.00 0.00 92.50 0.00 95.00 0.00 3.34898
4 80.00 0.00 102.50 0.00 95.00 0.00 97.50 0.00 5.13643
4 85.00 0.00 107.50 0.00 90.00 0.00 92.50 0.00 16.0474
4 45.00 0.00 195.00 0.00 60.00 0.00 75.00 0.00 5.13363
4 30.00 0.00 180.00 0.00 75.00 0.00 90.00 0.00 0.964587
4 0.00 0.00 180.00 0.00 90.00 0.00 105.00 0.00 0.176536
4 15.00 0.00 195.00 0.00 75.00 0.00 90.00 0.00 0.579804
4 15.00 0.00 165.00 0.00 90.00 0.00 105.00 0.00 0.249249
4 50.00 0.00 140.00 0.00 90.00 0.00 100.00 0.00 0.617971
4 40.00 0.00 130.00 0.00 100.00 0.00 110.00 0.00 0.618387
4 45.00 0.00 135.00 0.00 95.00 0.00 105.00 0.00 0.393572
4 60.00 0.00 150.00 0.00 80.00 0.00 90.00 0.00 2.72181
4 5.00 0.00 140.00 0.00 110.00 0.00 125.00 0.00 1.97155
4 80.00 0.00 125.00 0.00 85.00 0.00 90.00 0.00 15.4692
4 75.00 0.00 120.00 0.00 90.00 0.00 95.00 0.00 2.24214
4 35.00 0.00 125.00 0.00 105.00 0.00 115.00 0.00 2.81298
4 70.00 0.00 115.00 0.00 95.00 0.00 100.00 0.00 0.914077
4 65.00 0.00 110.00 0.00 100.00 0.00 105.00 0.00 7.16195
4 55.00 0.00 145.00 0.00 85.00 0.00 95.00 0.00 1.33035
4 80.00 0.00 102.50 0.00 97.50 0.00 100.00 0.00 17.7923
4 77.50 0.00 122.50 0.00 87.50 0.00 92.50 0.00 4.58256
4 67.50 0.00 112.50 0.00 97.50 0.00 102.50 0.00 1.51086
4 82.50 0.00 105.00 0.00 95.00 0.00 97.50 0.00 3.02399
4 72.50 0.00 117.50 0.00 92.50 0.00 97.50 0.00 1.25546
4 85.00 0.00 107.50 0.00 92.50 0.00 95.00 0.00 6.85829
4 5.00 0.00 200.00 0.00 80.00 0.00 95.00 0.00 0.377198
4 20.00 0.00 185.00 0.00 80.00 0.00 95.00 0.00 0.568258
4 65.00 0.00 155.00 0.00 75.00 0.00 85.00 0.00 5.95677
4 87.50 0.00 110.00 0.00 90.00 0.00 92.50 0.00 35.4505
4 20.00 0.00 155.00 0.00 95.00 0.00 110.00 0.00 0.257657
4 5.00 0.00 170.00 0.00 95.00 0.00 110.00 0.00 0.166827
4 35.00 0.00 170.00 0.00 80.00 0.00 95.00 0.00 0.954701
4 50.00 0.00 185.00 0.00 65.00 0.00 80.00 0.00 4.94051
4 35.00 0.00 200.00 0.00 65.00 0.00 80.00 0.00 1.96623
4 87.50 0.00 110.00 0.00 92.50 0.00 95.00 0.00 12.7725
4 82.50 0.00 105.00 0.00 97.50 0.00 100.00 0.00 5.23519
4 85.00 0.00 107.50 0.00 95.00 0.00 97.50 0.00 3.39055
4 25.00 0.00 175.00 0.00 85.00 0.00 100.00 0.00 0.45099
4 40.00 0.00 190.00 0.00 70.00 0.00 85.00 0.00 1.87202
4 10.00 0.00 160.00 0.00 100.00 0.00 115.00 0.00 0.209624
4 10.00 0.00 190.00 0.00 85.00 0.00 100.00 0.00 0.298997
4 15.00 0.00 150.00 0.00 105.00 0.00 120.00 0.00 0.382269
4 70.00 0.00 115.00 0.00 100.00 0.00 105.00 0.00 1.50502
4 75.00 0.00 120.00 0.00 95.00 0.00 100.00 0.00 0.977216
4 80.00 0.00 125.00 0.00 90.00 0.00 95.00 0.00 4.44849
4 85.00 0.00 107.50 0.00 97.50 0.00 100.00 0.00 2.13453
4 82.50 0.00 105.00 0.00 100.00 0.00 102.50 0.00 19.175
4 77.50 0.00 122.50 0.00 92.50 0.00 97.50 0.00 1.70205
4 82.50 0.00 127.50 0.00 87.50 0.00 92.50 0.00 19.6489
4 67.50 0.00 112.50 0.00 102.50 0.00 107.50 0.00 13.4817
4 52.50 0.00 142.50 0.00 92.50 0.00 102.50 0.00 0.503934
4 0.00 0.00 165.00 0.00 105.00 0.00 120.00 0.00 0.181765
4 0.00 0.00 195.00 0.00 90.00 0.00 105.00 0.00 0.1653
4 30.00 0.00 165.00 0.00 90.00 0.00 105.00 0.00 0.35307
4 15.00 0.00 180.00 0.00 90.00 0.00 105.00 0.00 0.228545
4 87.50 0.00 110.00 0.00 95.00 0.00 97.50 0.00 5.21645
4 72.50 0.00 117.50 0.00 97.50 0.00 102.50 0.00 0.809903
4 30.00 0.00 195.00 0.00 75.00 0.00 90.00 0.00 0.953618
4 57.50 0.00 147.50 0.00 87.50 0.00 97.50 0.00 1.2451
4 45.00 0.00 180.00 0.00 75.00 0.00 90.00 0.00 1.85508
4 90.00 0.00 112.50 0.00 92.50 0.00 95.00 0.00 39.9043
4 85.00 0.00 107.50 0.00 100.00 0.00 102.50 0.00 3.795
4 90.00 0.00 112.50 0.00 95.00 0.00 97.50 0.00 11.9346
4 50.00 0.00 200.00 0.00 65.00 0.00 80.00 0.00 4.9295
4 5.00 0.00 155.00 0.00 110.00 0.00 125.00 0.00 0.368977
4 20.00 0.00 200.00 0.00 80.00 0.00 95.00 0.00 0.555515
4 35.00 0.00 185.00 0.00 80.00 0.00 95.00 0.00 0.938967
4 5.00 0.00 185.00 0.00 95.00 0.00 110.00 0.00 0.144602
4 20.00 0.00 170.00 0.00 95.00 0.00 110.00 0.00 0.205238
4 87.50 0.00 110.00 0.00 97.50 0.00 100.00 0.00 2.13635
4 60.00 0.00 150.00 0.00 90.00 0.00 100.00 0.00 0.961663
4 55.00 0.00 145.00 0.00 95.00 0.00 105.00 0.00 0.429409
4 40.00 0.00 130.00 0.00 110.00 0.00 120.00 0.00 3.24385
4 50.00 0.00 140.00 0.00 100.00 0.00 110.00 0.00 0.399617
4 10.00 0.00 145.00 0.00 115.00 0.00 130.00 0.00 2.76302
4 85.00 0.00 130.00 0.00 90.00 0.00 95.00 0.00 22.4209
4 75.00 0.00 120.00 0.00 100.00 0.00 105.00 0.00 0.837914
4 70.00 0.00 115.00 0.00 105.00 0.00 110.00 0.00 7.44278
4 80.00 0.00 125.00 0.00 95.00 0.00 100.00 0.00 1.38883
4 45.00 0.00 135.00 0.00 105.00 0.00 115.00 0.00 0.695983
4 72.50 0.00 117.50 0.00 102.50 0.00 107.50 0.00 2.39215
4 85.00 0.00 107.50 0.00 102.50 0.00 105.00 0.00 11.7102
4 90.00 0.00 112.50 0.00 97.50 0.00 100.00 0.00 3.15367
4 82.50 0.00 127.50 0.00 92.50 0.00 97.50 0.00 4.10291
4 25.00 0.00 190.00 0.00 85.00 0.00 100.00 0.00 0.439315
4 77.50 0.00 122.50 0.00 97.50 0.00 102.50 0.00 0.753605
4 10.00 0.00 175.00 0.00 100.00 0.00 115.00 0.00 0.156707
4 55.00 0.00 190.00 0.00 70.00 0.00 85.00 0.00 4.90889
4 92.50 0.00 115.00 0.00 95.00 0.00 97.50 0.00 34.6331
4 25.00 0.00 160.00 0.00 100.00 0.00 115.00 0.00 0.239802
4 40.00 0.00 175.00 0.00 85.00 0.00 100.00 0.00 0.75063
4 65.00 0.00 155.00 0.00 85.00 0.00 95.00 0.00 2.42722
4 70.00 0.00 160.00 0.00 80.00 0.00 90.00 0.00 7.02872
4 87.50 0.00 110.00 0.00 100.00 0.00 102.50 0.00 2.53913
4 0.00 0.00 150.00 0.00 120.00 0.00 135.00 0.00 3.40415
4 92.50 0.00 115.00 0.00 97.50 0.00 100.00 0.00 6.13419
4 15.00 0.00 165.00 0.00 105.00 0.00 120.00 0.00 0.198906
4 0.00 0.00 180.00 0.00 105.00 0.00 120.00 0.00 0.126398
4 45.00 0.00 195.00 0.00 75.00 0.00 90.00 0.00 1.84466
4 30.00 0.00 180.00 0.00 90.00 0.00 105.00 0.00 0.332998
4 15.00 0.00 195.00 0.00 90.00 0.00 105.00 0.00 0.217162
4 87.50 0.00 110.00 0.00 102.50 0.00 105.00 0.00 5.6494
4 90.00 0.00 112.50 0.00 100.00 0.00 102.50 0.00 2.14748
4 80.00 0.00 125.00 0.00 100.00 0.00 105.00 0.00 0.761644
4 85.00 0.00 130.00 0.00 95.00 0.00 100.00 0.00 3.81813
4 75.00 0.00 120.00 0.00 105.00 0.00 110.00 0.00 1.84841
4 87.50 0.00 110.00 0.00 105.00 0.00 107.50 0.00 48.7037
4 90.00 0.00 112.50 0.00 102.50 0.00 105.00 0.00 2.64186
4 87.50 0.00 132.50 0.00 92.50 0.00 97.50 0.00 17.4264
4 82.50 0.00 127.50 0.00 97.50 0.00 102.50 0.00 1.04386
4 77.50 0.00 122.50 0.00 102.50 0.00 107.50 0.00 1.16481
4 92.50 0.00 115.00 0.00 100.00 0.00 102.50 0.00 2.82374
4 57.50 0.00 147.50 0.00 97.50 0.00 107.50 0.00 0.4465
4 35.00 0.00 200.00 0.00 80.00 0.00 95.00 0.00 0.926543
4 5.00 0.00 200.00 0.00 95.00 0.00 110.00 0.00 0.131583
4 95.00 0.00 117.50 0.00 97.50 0.00 100.00 0.00 15.7358
4 20.00 0.00 185.00 0.00 95.00 0.00 110.00 0.00 0.182489
4 52.50 0.00 142.50 0.00 102.50 0.00 112.50 0.00 0.395216
4 50.00 0.00 185.00 0.00 80.00 0.00 95.00 0.00 1.80349
4 72.50 0.00 117.50 0.00 107.50 0.00 112.50 0.00 6.91066
4 20.00 0.00 155.00 0.00 110.00 0.00 125.00 0.00 0.382908
4 35.00 0.00 170.00 0.00 95.00 0.00 110.00 0.00 0.280124
4 5.00 0.00 170.00 0.00 110.00 0.00 125.00 0.00 0.15784
4 92.50 0.00 115.00 0.00 102.50 0.00 105.00 0.00 1.87724
4 25.00 0.00 175.00 0.00 100.00 0.00 115.00 0.00 0.18691
4 10.00 0.00 160.00 0.00 115.00 0.00 130.00 0.00 0.457497
4 10.00 0.00 190.00 0.00 100.00 0.00 115.00 0.00 0.136091
4 40.00 0.00 190.00 0.00 85.00 0.00 100.00 0.00 0.738221
4 95.00 0.00 117.50 0.00 100.00 0.00 102.50 0.00 5.23018
4 90.00 0.00 112.50 0.00 105.00 0.00 107.50 0.00 11.929
4 50.00 0.00 140.00 0.00 110.00 0.00 120.00 0.00 0.716758
4 90.00 0.00 135.00 0.00 95.00 0.00 100.00 0.00 14.4909
4 45.00 0.00 135.00 0.00 115.00 0.00 125.00 0.00 4.53068
4 15.00 0.00 150.00 0.00 120.00 0.00 135.00 0.00 3.41165
4 55.00 0.00 145.00 0.00 105.00 0.00 115.00 0.00 0.410531
4 85.00 0.00 130.00 0.00 100.00 0.00 105.00 0.00 1.07196
4 60.00 0.00 150.00 0.00 100.00 0.00 110.00 0.00 0.433659
4 75.00 0.00 120.00 0.00 110.00 0.00 115.00 0.00 8.97757
4 80.00 0.00 125.00 0.00 105.00 0.00 110.00 0.00 0.997295
4 97.50 0.00 120.00 0.00 100.00 0.00 102.50 0.00 17.872
4 95.00 0.00 117.50 0.00 102.50 0.00 105.00 0.00 2.25719
4 90.00 0.00 112.50 0.00 107.50 0.00 110.00 0.00 16.5212
4 87.50 0.00 132.50 0.00 97.50 0.00 102.50 0.00 2.25816
4 77.50 0.00 122.50 0.00 107.50 0.00 112.50 0.00 1.60089
4 92.50 0.00 115.00 0.00 105.00 0.00 107.50 0.00 4.36864
4 65.00 0.00 155.00 0.00 95.00 0.00 105.00 0.00 0.629415
4 60.00 0.00 195.00 0.00 75.00 0.00 90.00 0.00 4.70255
4 30.00 0.00 195.00 0.00 90.00 0.00 105.00 0.00 0.322511
4 15.00 0.00 180.00 0.00 105.00 0.00 120.00 0.00 0.141305
4 82.50 0.00 127.50 0.00 102.50 0.00 107.50 0.00 0.980163
4 30.00 0.00 165.00 0.00 105.00 0.00 120.00 0.00 0.22811
4 45.00 0.00 180.00 0.00 90.00 0.00 105.00 0.00 0.553906
4 0.00 0.00 195.00 0.00 105.00 0.00 120.00 0.00 0.107242
4 70.00 0.00 160.00 0.00 90.00 0.00 100.00 0.00 1.89905
4 75.00 0.00 165.00 0.00 85.00 0.00 95.00 0.00 6.56166
4 0.00 0.00 165.00 0.00 120.00 0.00 135.00 0.00 0.482624
4 97.50 0.00 120.00 0.00 102.50 0.00 105.00 0.00 4.67758
4 95.00 0.00 117.50 0.00 105.00 0.00 107.50 0.00 2.87983
4 50.00 0.00 200.00 0.00 80.00 0.00 95.00 0.00 1.79166
4 20.00 0.00 170.00 0.00 110.00 0.00 125.00 0.00 0.170959
4 5.00 0.00 155.00 0.00 125.00 0.00 140.00 0.00 3.56841
4 20.00 0.00 200.00 0.00 95.00 0.00 110.00 0.00 0.16895
4 5.00 0.00 185.00 0.00 110.00 0.00 125.00 0.00 0.108826
4 92.50 0.00 115.00 0.00 107.50 0.00 110.00 0.00 4.00289
4 35.00 0.00 185.00 0.00 95.00 0.00 110.00 0.00 0.256866
4 90.00 0.00 135.00 0.00 100.00 0.00 105.00 0.00 2.11044
4 85.00 0.00 130.00 0.00 105.00 0.00 110.00 0.00 0.864766
4 80.00 0.00 125.00 0.00 110.00 0.00 115.00 0.00 2.31483
4 95.00 0.00 117.50 0.00 107.50 0.00 110.00 0.00 1.79622
4 87.50 0.00 132.50 0.00 102.50 0.00 107.50 0.00 1.18187
4 82.50 0.00 127.50 0.00 107.50 0.00 112.50 0.00 0.792594
4 40.00 0.00 175.00 0.00 100.00 0.00 115.00 0.00 0.247854
4 55.00 0.00 190.00 0.00 85.00 0.00 100.00 0.00 1.48977
4 77.50 0.00 122.50 0.00 112.50 0.00 117.50 0.00 9.12383
4 97.50 0.00 120.00 0.00 105.00 0.00 107.50 0.00 3.24085
4 10.00 0.00 175.00 0.00 115.00 0.00 130.00 0.00 0.165478
4 25.00 0.00 190.00 0.00 100.00 0.00 115.00 0.00 0.166802
4 92.50 0.00 115.00 0.00 110.00 0.00 112.50 0.00 17.0757
4 25.00 0.00 160.00 0.00 115.00 0.00 130.00 0.00 0.468673
4 52.50 0.00 142.50 0.00 112.50 0.00 122.50 0.00 0.789783
4 57.50 0.00 147.50 0.00 107.50 0.00 117.50 0.00 0.346844
4 100.00 0.00 122.50 0.00 102.50 0.00 105.00 0.00 17.2775
4 92.50 0.00 137.50 0.00 97.50 0.00 102.50 0.00 8.38308
4 97.50 0.00 120.00 0.00 107.50 0.00 110.00 0.00 1.1988
4 95.00 0.00 117.50 0.00 110.00 0.00 112.50 0.00 5.65819
4 30.00 0.00 180.00 0.00 105.00 0.00 120.00 0.00 0.171656
4 0.00 0.00 180.00 0.00 120.00 0.00 135.00 0.00 0.164022
4 15.00 0.00 195.00 0.00 105.00 0.00 120.00 0.00 0.123892
4 15.00 0.00 165.00 0.00 120.00 0.00 135.00 0.00 0.488323
4 100.00 0.00 122.50 0.00 105.00 0.00 107.50 0.00 6.3893
4 45.00 0.00 195.00 0.00 90.00 0.00 105.00 0.00 0.543167
4 55.00 0.00 145.00 0.00 115.00 0.00 125.00 0.00 0.919736
4 85.00 0.00 130.00 0.00 110.00 0.00 115.00 0.00 1.05091
4 90.00 0.00 135.00 0.00 105.00 0.00 110.00 0.00 1.05854
4 95.00 0.00 140.00 0.00 100.00 0.00 105.00 0.00 6.83838
4 80.00 0.00 125.00 0.00 115.00 0.00 120.00 0.00 9.92554
4 60.00 0.00 150.00 0.00 110.00 0.00 120.00 0.00 0.351381
4 50.00 0.00 140.00 0.00 120.00 0.00 130.00 0.00 5.91208
4 97.50 0.00 120.00 0.00 110.00 0.00 112.50 0.00 2.6403
4 95.00 0.00 117.50 0.00 112.50 0.00 115.00 0.00 21.8704
4 82.50 0.00 127.50 0.00 112.50 0.00 117.50 0.00 2.57165
4 100.00 0.00 122.50 0.00 107.50 0.00 110.00 0.00 1.36794
4 50.00 0.00 185.00 0.00 95.00 0.00 110.00 0.00 0.413405
4 92.50 0.00 137.50 0.00 102.50 0.00 107.50 0.00 2.10662
4 5.00 0.00 170.00 0.00 125.00 0.00 140.00 0.00 0.534174
4 35.00 0.00 170.00 0.00 110.00 0.00 125.00 0.00 0.195236
4 5.00 0.00 200.00 0.00 110.00 0.00 125.00 0.00 0.088974
4 65.00 0.00 155.00 0.00 105.00 0.00 115.00 0.00 0.39852
4 35.00 0.00 200.00 0.00 95.00 0.00 110.00 0.00 0.243678
4 20.00 0.00 185.00 0.00 110.00 0.00 125.00 0.00 0.122537
4 87.50 0.00 132.50 0.00 107.50 0.00 112.50 0.00 0.604904
4 20.00 0.00 155.00 0.00 125.00 0.00 140.00 0.00 3.57679
4 65.00 0.00 200.00 0.00 80.00 0.00 95.00 0.00 4.8695
4 75.00 0.00 165.00 0.00 95.00 0.00 105.00 0.00 1.18431
4 70.00 0.00 160.00 0.00 100.00 0.00 110.00 0.00 0.566507
4 80.00 0.00 170.00 0.00 90.00 0.00 100.00 0.00 5.63808
4 102.50 0.00 125.00 0.00 105.00 0.00 107.50 0.00 21.7841
4 100.00 0.00 122.50 0.00 110.00 0.00 112.50 0.00 1.89187
4 102.50 0.00 125.00 0.00 107.50 0.00 110.00 0.00 2.70803
4 10.00 0.00 160.00 0.00 130.00 0.00 145.00 0.00 3.57461
4 40.00 0.00 190.00 0.00 100.00 0.00 115.00 0.00 0.226906
4 25.00 0.00 175.00 0.00 115.00 0.00 130.00 0.00 0.17551
4 10.00 0.00 190.00 0.00 115.00 0.00 130.00 0.00 0.111257
4 97.50 0.00 120.00 0.00 112.50 0.00 115.00 0.00 7.04939
4 85.00 0.00 130.00 0.00 115.00 0.00 120.00 0.00 2.58537
4 90.00 0.00 135.00 0.00 110.00 0.00 115.00 0.00 0.797948
4 95.00 0.00 140.00 0.00 105.00 0.00 110.00 0.00 1.74526
4 100.00 0.00 122.50 0.00 112.50 0.00 115.00 0.00 3.34935
4 82.50 0.00 127.50 0.00 117.50 0.00 122.50 0.00 12.2516
4 102.50 0.00 125.00 0.00 110.00 0.00 112.50 0.00 2.39984
4 45.00 0.00 180.00 0.00 105.00 0.00 120.00 0.00 0.22956
4 97.50 0.00 142.50 0.00 102.50 0.00 107.50 0.00 6.86526
4 30.00 0.00 195.00 0.00 105.00 0.00 120.00 0.00 0.153591
4 0.00 0.00 195.00 0.00 120.00 0.00 135.00 0.00 0.113014
4 0.00 0.00 165.00 0.00 135.00 0.00 150.00 0.00 3.41959
4 15.00 0.00 180.00 0.00 120.00 0.00 135.00 0.00 0.169883
4 87.50 0.00 132.50 0.00 112.50 0.00 117.50 0.00 1.09143
4 105.00 0.00 127.50 0.00 107.50 0.00 110.00 0.00 8.8087
4 30.00 0.00 165.00 0.00 120.00 0.00 135.00 0.00 0.499309
4 60.00 0.00 195.00 0.00 90.00 0.00 105.00 0.00 1.08345
4 52.50 0.00 142.50 0.00 122.50 0.00 132.50 0.00 6.0607
4 92.50 0.00 137.50 0.00 107.50 0.00 112.50 0.00 0.697061
4 97.50 0.00 120.00 0.00 115.00 0.00 117.50 0.00 20.284
4 57.50 0.00 147.50 0.00 117.50 0.00 127.50 0.00 1.15043
4 102.50 0.00 125.00 0.00 112.50 0.00 115.00 0.00 2.44413
4 50.00 0.00 200.00 0.00 95.00 0.00 110.00 0.00 0.400786
4 35.00 0.00 185.00 0.00 110.00 0.00 125.00 0.00 0.146729
4 100.00 0.00 122.50 0.00 115.00 0.00 117.50 0.00 6.45431
4 20.00 0.00 200.00 0.00 110.00 0.00 125.00 0.00 0.10226
4 105.00 0.00 127.50 0.00 110.00 0.00 112.50 0.00 5.38892
4 20.00 0.00 170.00 0.00 125.00 0.00 140.00 0.00 0.542661
4 5.00 0.00 185.00 0.00 125.00 0.00 140.00 0.00 0.182605
4 90.00 0.00 135.00 0.00 115.00 0.00 120.00 0.00 1.14968
4 100.00 0.00 145.00 0.00 105.00 0.00 110.00 0.00 6.92689
4 60.00 0.00 150.00 0.00 120.00 0.00 130.00 0.00 1.37828
4 95.00 0.00 140.00 0.00 110.00 0.00 115.00 0.00 0.845446
4 85.00 0.00 130.00 0.00 120.00 0.00 125.00 0.00 12.8085
4 55.00 0.00 145.00 0.00 125.00 0.00 135.00 0.00 6.38402
4 102.50 0.00 125.00 0.00 115.00 0.00 117.50 0.00 3.31624
4 100.00 0.00 122.50 0.00 117.50 0.00 120.00 0.00 19.4927
4 87.50 0.00 132.50 0.00 117.50 0.00 122.50 0.00 3.05137
4 97.50 0.00 142.50 0.00 107.50 0.00 112.50 0.00 1.12776
4 55.00 0.00 190.00 0.00 100.00 0.00 115.00 0.00 0.364265
4 107.50 0.00 130.00 0.00 110.00 0.00 112.50 0.00 41.9697
4 25.00 0.00 190.00 0.00 115.00 0.00 130.00 0.00 0.12272
4 105.00 0.00 127.50 0.00 112.50 0.00 115.00 0.00 2.96073
4 10.00 0.00 175.00 0.00 130.00 0.00 145.00 0.00 0.477304
4 75.00 0.00 165.00 0.00 105.00 0.00 115.00 0.00 0.543644
4 85.00 0.00 175.00 0.00 95.00 0.00 105.00 0.00 4.67038
4 70.00 0.00 160.00 0.00 110.00 0.00 120.00 0.00 0.327685
4 25.00 0.00 160.00 0.00 130.00 0.00 145.00 0.00 3.58147
4 92.50 0.00 137.50 0.00 112.50 0.00 117.50 0.00 0.774513
4 40.00 0.00 175.00 0.00 115.00 0.00 130.00 0.00 0.195651
4 65.00 0.00 155.00 0.00 115.00 0.00 125.00 0.00 0.372179
4 80.00 0.00 170.00 0.00 100.00 0.00 110.00 0.00 0.921936
4 102.50 0.00 125.00 0.00 117.50 0.00 120.00 0.00 7.20063
4 107.50 0.00 130.00 0.00 112.50 0.00 115.00 0.00 10.4028
4 15.00 0.00 195.00 0.00 120.00 0.00 135.00 0.00 0.119552
4 45.00 0.00 195.00 0.00 105.00 0.00 120.00 0.00 0.20946
4 15.00 0.00 165.00 0.00 135.00 0.00 150.00 0.00 3.42427
4 30.00 0.00 180.00 0.00 120.00 0.00 135.00 0.00 0.181111
4 105.00 0.00 127.50 0.00 115.00 0.00 117.50 0.00 2.31764
4 0.00 0.00 180.00 0.00 135.00 0.00 150.00 0.00 0.410552
4 90.00 0.00 135.00 0.00 120.00 0.00 125.00 0.00 3.67707
4 100.00 0.00 145.00 0.00 110.00 0.00 115.00 0.00 1.54441
4 95.00 0.00 140.00 0.00 115.00 0.00 120.00 0.00 0.705297
4 102.50 0.00 125.00 0.00 120.00 0.00 122.50 0.00 26.8528
4 97.50 0.00 142.50 0.00 112.50 0.00 117.50 0.00 0.794054
4 87.50 0.00 132.50 0.00 122.50 0.00 127.50 0.00 14.1301
4 50.00 0.00 185.00 0.00 110.00 0.00 125.00 0.00 0.190652
4 35.00 0.00 200.00 0.00 110.00 0.00 125.00 0.00 0.126424
4 20.00 0.00 185.00 0.00 125.00 0.00 140.00 0.00 0.190189
4 102.50 0.00 147.50 0.00 107.50 0.00 112.50 0.00 4.32556
4 107.50 0.00 130.00 0.00 115.00 0.00 117.50 0.00 3.48636
4 110.00 0.00 132.50 0.00 112.50 0.00 115.00 0.00 22.6948
4 35.00 0.00 170.00 0.00 125.00 0.00 140.00 0.00 0.553373
4 5.00 0.00 200.00 0.00 125.00 0.00 140.00 0.00 0.123916
4 65.00 0.00 200.00 0.00 95.00 0.00 110.00 0.00 0.771335
4 105.00 0.00 127.50 0.00 117.50 0.00 120.00 0.00 3.70146
4 5.00 0.00 170.00 0.00 140.00 0.00 155.00 0.00 3.55826
4 57.50 0.00 147.50 0.00 127.50 0.00 137.50 0.00 7.73072
4 92.50 0.00 137.50 0.00 117.50 0.00 122.50 0.00 1.32387
4 107.50 0.00 130.00 0.00 117.50 0.00 120.00 0.00 2.77747
4 105.00 0.00 127.50 0.00 120.00 0.00 122.50 0.00 9.15412
4 40.00 0.00 190.00 0.00 115.00 0.00 130.00 0.00 0.143605
4 10.00 0.00 190.00 0.00 130.00 0.00 145.00 0.00 0.192804
4 25.00 0.00 175.00 0.00 130.00 0.00 145.00 0.00 0.482164
4 110.00 0.00 132.50 0.00 115.00 0.00 117.50 0.00 5.4394
4 90.00 0.00 135.00 0.00 125.00 0.00 130.00 0.00 16.2113
4 95.00 0.00 140.00 0.00 120.00 0.00 125.00 0.00 1.48917
4 100.00 0.00 145.00 0.00 115.00 0.00 120.00 0.00 0.696955
4 105.00 0.00 150.00 0.00 110.00 0.00 115.00 0.00 7.20045
4 60.00 0.00 150.00 0.00 130.00 0.00 140.00 0.00 8.23522
4 107.50 0.00 130.00 0.00 120.00 0.00 122.50 0.00 4.32952
4 102.50 0.00 147.50 0.00 112.50 0.00 117.50 0.00 1.53841
4 97.50 0.00 142.50 0.00 117.50 0.00 122.50 0.00 0.757038
4 112.50 0.00 135.00 0.00 115.00 0.00 117.50 0.00 16.84
4 30.00 0.00 195.00 0.00 120.00 0.00 135.00 0.00 0.131419
4 0.00 0.00 195.00 0.00 135.00 0.00 150.00 0.00 0.20142
4 60.00 0.00 195.00 0.00 105.00 0.00 120.00 0.00 0.322015
4 110.00 0.00 132.50 0.00 117.50 0.00 120.00 0.00 2.87077
4 70.00 0.00 160.00 0.00 120.00 0.00 130.00 0.00 0.471614
4 105.00 0.00 127.50 0.00 122.50 0.00 125.00 0.00 29.7568
4 30.00 0.00 165.00 0.00 135.00 0.00 150.00 0.00 3.4297
4 45.00 0.00 180.00 0.00 120.00 0.00 135.00 0.00 0.201519
4 90.00 0.00 180.00 0.00 100.00 0.00 110.00 0.00 2.89397
4 65.00 0.00 155.00 0.00 125.00 0.00 135.00 0.00 1.39075
4 75.00 0.00 165.00 0.00 115.00 0.00 125.00 0.00 0.284538
4 85.00 0.00 175.00 0.00 105.00 0.00 115.00 0.00 0.904506
4 80.00 0.00 170.00 0.00 110.00 0.00 120.00 0.00 0.417307
4 15.00 0.00 180.00 0.00 135.00 0.00 150.00 0.00 0.414639
4 92.50 0.00 137.50 0.00 122.50 0.00 127.50 0.00 4.16848
4 112.50 0.00 135.00 0.00 117.50 0.00 120.00 0.00 5.71795
4 110.00 0.00 132.50 0.00 120.00 0.00 122.50 0.00 2.88044
4 20.00 0.00 170.00 0.00 140.00 0.00 155.00 0.00 3.56156
4 50.00 0.00 200.00 0.00 110.00 0.00 125.00 0.00 0.169528
4 35.00 0.00 185.00 0.00 125.00 0.00 140.00 0.00 0.202313
4 5.00 0.00 185.00 0.00 140.00 0.00 155.00 0.00 0.420861
4 107.50 0.00 130.00 0.00 122.50 0.00 125.00 0.00 9.29861
4 20.00 0.00 200.00 0.00 125.00 0.00 140.00 0.00 0.130803
4 105.00 0.00 150.00 0.00 115.00 0.00 120.00 0.00 1.3757
4 100.00 0.00 145.00 0.00 120.00 0.00 125.00 0.00 0.864046
4 95.00 0.00 140.00 0.00 125.00 0.00 130.00 0.00 4.68445
4 110.00 0.00 132.50 0.00 122.50 0.00 125.00 0.00 4.56078
4 107.50 0.00 130.00 0.00 125.00 0.00 127.50 0.00 30.4989
4 115.00 0.00 137.50 0.00 117.50 0.00 120.00 0.00 20.4116
4 40.00 0.00 175.00 0.00 130.00 0.00 145.00 0.00 0.495645
4 112.50 0.00 135.00 0.00 120.00 0.00 122.50 0.00 3.20639
4 97.50 0.00 142.50 0.00 122.50 0.00 127.50 0.00 1.67517
4 25.00 0.00 190.00 0.00 130.00 0.00 145.00 0.00 0.198961
4 10.00 0.00 175.00 0.00 145.00 0.00 160.00 0.00 2.89828
4 55.00 0.00 190.00 0.00 115.00 0.00 130.00 0.00 0.182681
4 102.50 0.00 147.50 0.00 117.50 0.00 122.50 0.00 0.740358
4 92.50 0.00 137.50 0.00 127.50 0.00 132.50 0.00 16.2096
4 107.50 0.00 152.50 0.00 112.50 0.00 117.50 0.00 12.6588
4 30.00 0.00 180.00 0.00 135.00 0.00 150.00 0.00 0.421922
4 45.00 0.00 195.00 0.00 120.00 0.00 135.00 0.00 0.151701
4 15.00 0.00 195.00 0.00 135.00 0.00 150.00 0.00 0.205803
4 0.00 0.00 180.00 0.00 150.00 0.00 165.00 0.00 2.19981
4 110.00 0.00 132.50 0.00 125.00 0.00 127.50 0.00 10.2706
4 115.00 0.00 137.50 0.00 120.00 0.00 122.50 0.00 6.61493
4 112.50 0.00 135.00 0.00 122.50 0.00 125.00 0.00 3.22684
4 105.00 0.00 150.00 0.00 120.00 0.00 125.00 0.00 0.80295
4 95.00 0.00 140.00 0.00 130.00 0.00 135.00 0.00 14.0463
4 100.00 0.00 145.00 0.00 125.00 0.00 130.00 0.00 2.06683
4 115.00 0.00 137.50 0.00 122.50 0.00 125.00 0.00 3.5822
4 110.00 0.00 155.00 0.00 115.00 0.00 120.00 0.00 6.96868
4 97.50 0.00 142.50 0.00 127.50 0.00 132.50 0.00 4.64403
4 102.50 0.00 147.50 0.00 122.50 0.00 127.50 0.00 1.04091
4 70.00 0.00 160.00 0.00 130.00 0.00 140.00 0.00 1.57656
4 5.00 0.00 200.00 0.00 140.00 0.00 155.00 0.00 0.221701
4 65.00 0.00 155.00 0.00 135.00 0.00 145.00 0.00 7.20687
4 35.00 0.00 170.00 0.00 140.00 0.00 155.00 0.00 3.56933
4 35.00 0.00 200.00 0.00 125.00 0.00 140.00 0.00 0.143164
4 20.00 0.00 185.00 0.00 140.00 0.00 155.00 0.00 0.425307
4 112.50 0.00 135.00 0.00 125.00 0.00 127.50 0.00 5.44475
4 85.00 0.00 175.00 0.00 115.00 0.00 125.00 0.00 0.334139
4 117.50 0.00 140.00 0.00 120.00 0.00 122.50 0.00 20.283
4 50.00 0.00 185.00 0.00 125.00 0.00 140.00 0.00 0.22178
4 65.00 0.00 200.00 0.00 110.00 0.00 125.00 0.00 0.263393
4 90.00 0.00 180.00 0.00 110.00 0.00 120.00 0.00 0.692873
4 95.00 0.00 185.00 0.00 105.00 0.00 115.00 0.00 2.29723
4 110.00 0.00 132.50 0.00 127.50 0.00 130.00 0.00 33.7697
4 75.00 0.00 165.00 0.00 125.00 0.00 135.00 0.00 0.499027
4 80.00 0.00 170.00 0.00 120.00 0.00 130.00 0.00 0.297226
4 107.50 0.00 152.50 0.00 117.50 0.00 122.50 0.00 1.92296
4 117.50 0.00 140.00 0.00 122.50 0.00 125.00 0.00 6.35049
4 115.00 0.00 137.50 0.00 125.00 0.00 127.50 0.00 3.85721
4 40.00 0.00 190.00 0.00 130.00 0.00 145.00 0.00 0.210544
4 112.50 0.00 135.00 0.00 127.50 0.00 130.00 0.00 11.6127
4 10.00 0.00 190.00 0.00 145.00 0.00 160.00 0.00 0.458263
4 25.00 0.00 175.00 0.00 145.00 0.00 160.00 0.00 2.90319
4 100.00 0.00 145.00 0.00 130.00 0.00 135.00 0.00 4.56761
4 105.00 0.00 150.00 0.00 125.00 0.00 130.00 0.00 1.24678
4 120.00 0.00 142.50 0.00 122.50 0.00 125.00 0.00 18.4663
4 112.50 0.00 135.00 0.00 130.00 0.00 132.50 0.00 31.0161
4 115.00 0.00 137.50 0.00 127.50 0.00 130.00 0.00 6.20611
4 117.50 0.00 140.00 0.00 125.00 0.00 127.50 0.00 4.10955
4 110.00 0.00 155.00 0.00 120.00 0.00 125.00 0.00 1.55764
4 102.50 0.00 147.50 0.00 127.50 0.00 132.50 0.00 2.33822
4 0.00 0.00 195.00 0.00 150.00 0.00 165.00 0.00 0.515517
4 15.00 0.00 180.00 0.00 150.00 0.00 165.00 0.00 2.20467
4 45.00 0.00 180.00 0.00 135.00 0.00 150.00 0.00 0.433091
4 30.00 0.00 195.00 0.00 135.00 0.00 150.00 0.00 0.21262
4 97.50 0.00 142.50 0.00 132.50 0.00 137.50 0.00 14.6947
4 60.00 0.00 195.00 0.00 120.00 0.00 135.00 0.00 0.186035
4 107.50 0.00 152.50 0.00 122.50 0.00 127.50 0.00 0.976485
4 112.50 0.00 157.50 0.00 117.50 0.00 122.50 0.00 7.20932
4 120.00 0.00 142.50 0.00 125.00 0.00 127.50 0.00 7.1707
4 115.00 0.00 137.50 0.00 130.00 0.00 132.50 0.00 11.068
4 20.00 0.00 200.00 0.00 140.00 0.00 155.00 0.00 0.225615
4 35.00 0.00 185.00 0.00 140.00 0.00 155.00 0.00 0.432926
4 50.00 0.00 200.00 0.00 125.00 0.00 140.00 0.00 0.163896
4 117.50 0.00 140.00 0.00 127.50 0.00 130.00 0.00 4.43717
4 5.00 0.00 185.00 0.00 155.00 0.00 170.00 0.00 1.84144
4 100.00 0.00 145.00 0.00 135.00 0.00 140.00 0.00 16.1278
4 105.00 0.00 150.00 0.00 130.00 0.00 135.00 0.00 2.24515
4 122.50 0.00 145.00 0.00 125.00 0.00 127.50 0.00 24.6711
4 117.50 0.00 140.00 0.00 130.00 0.00 132.50 0.00 5.72739
4 115.00 0.00 160.00 0.00 120.00 0.00 125.00 0.00 8.20405
4 102.50 0.00 147.50 0.00 132.50 0.00 137.50 0.00 5.65006
4 110.00 0.00 155.00 0.00 125.00 0.00 130.00 0.00 1.036
4 120.00 0.00 142.50 0.00 127.50 0.00 130.00 0.00 4.87996
4 70.00 0.00 160.00 0.00 140.00 0.00 150.00 0.00 7.06647
4 25.00 0.00 190.00 0.00 145.00 0.00 160.00 0.00 0.463581
4 75.00 0.00 165.00 0.00 135.00 0.00 145.00 0.00 1.52813
4 95.00 0.00 185.00 0.00 115.00 0.00 125.00 0.00 0.508762
4 80.00 0.00 170.00 0.00 130.00 0.00 140.00 0.00 0.517315
4 115.00 0.00 137.50 0.00 132.50 0.00 135.00 0.00 27.523
4 40.00 0.00 175.00 0.00 145.00 0.00 160.00 0.00 2.91057
4 55.00 0.00 190.00 0.00 130.00 0.00 145.00 0.00 0.231088
4 90.00 0.00 180.00 0.00 120.00 0.00 130.00 0.00 0.331549
4 100.00 0.00 190.00 0.00 110.00 0.00 120.00 0.00 1.91216
4 85.00 0.00 175.00 0.00 125.00 0.00 135.00 0.00 0.311814
4 112.50 0.00 157.50 0.00 122.50 0.00 127.50 0.00 1.6668
4 107.50 0.00 152.50 0.00 127.50 0.00 132.50 0.00 1.28861
4 122.50 0.00 145.00 0.00 127.50 0.00 130.00 0.00 9.47083
4 30.00 0.00 180.00 0.00 150.00 0.00 165.00 0.00 2.20966
4 45.00 0.00 195.00 0.00 135.00 0.00 150.00 0.00 0.224147
4 117.50 0.00 140.00 0.00 132.50 0.00 135.00 0.00 9.36761
4 15.00 0.00 195.00 0.00 150.00 0.00 165.00 0.00 0.518001
4 120.00 0.00 142.50 0.00 130.00 0.00 132.50 0.00 4.14911
4 105.00 0.00 150.00 0.00 135.00 0.00 140.00 0.00 6.24075
4 115.00 0.00 160.00 0.00 125.00 0.00 130.00 0.00 2.18908
4 110.00 0.00 155.00 0.00 130.00 0.00 135.00 0.00 1.15755
4 125.00 0.00 147.50 0.00 127.50 0.00 130.00 0.00 29.7645
4 20.00 0.00 185.00 0.00 155.00 0.00 170.00 0.00 1.84596
4 5.00 0.00 200.00 0.00 155.00 0.00 170.00 0.00 0.543687
4 35.00 0.00 200.00 0.00 140.00 0.00 155.00 0.00 0.233436
4 102.50 0.00 147.50 0.00 137.50 0.00 142.50 0.00 19.4247
4 117.50 0.00 140.00 0.00 135.00 0.00 137.50 0.00 37.6879
4 50.00 0.00 185.00 0.00 140.00 0.00 155.00 0.00 0.443001
4 65.00 0.00 200.00 0.00 125.00 0.00 140.00 0.00 0.201326
4 122.50 0.00 145.00 0.00 130.00 0.00 132.50 0.00 4.96776
4 120.00 0.00 142.50 0.00 132.50 0.00 135.00 0.00 4.95936
4 107.50 0.00 152.50 0.00 132.50 0.00 137.50 0.00 2.33681
4 112.50 0.00 157.50 0.00 127.50 0.00 132.50 0.00 1.09842
4 102.50 0.00 192.50 0.00 112.50 0.00 122.50 0.00 1.8889
4 117.50 0.00 162.50 0.00 122.50 0.00 127.50 0.00 8.18896
4 122.50 0.00 145.00 0.00 132.50 0.00 135.00 0.00 4.15019
4 120.00 0.00 142.50 0.00 135.00 0.00 137.50 0.00 10.9283
4 40.00 0.00 190.00 0.00 145.00 0.00 160.00 0.00 0.471119
4 10.00 0.00 190.00 0.00 160.00 0.00 175.00 0.00 2.14806
4 125.00 0.00 147.50 0.00 130.00 0.00 132.50 0.00 9.30359
4 105.00 0.00 150.00 0.00 140.00 0.00 145.00 0.00 19.1919
4 122.50 0.00 145.00 0.00 135.00 0.00 137.50 0.00 6.61188
4 127.50 0.00 150.00 0.00 130.00 0.00 132.50 0.00 29.2136
4 115.00 0.00 160.00 0.00 130.00 0.00 135.00 0.00 1.11434
4 120.00 0.00 142.50 0.00 137.50 0.00 140.00 0.00 31.0404
4 125.00 0.00 147.50 0.00 132.50 0.00 135.00 0.00 5.09725
4 45.00 0.00 180.00 0.00 150.00 0.00 165.00 0.00 2.21687
4 110.00 0.00 155.00 0.00 135.00 0.00 140.00 0.00 2.42666
4 30.00 0.00 195.00 0.00 150.00 0.00 165.00 0.00 0.523501
4 95.00 0.00 185.00 0.00 125.00 0.00 135.00 0.00 0.32666
4 100.00 0.00 190.00 0.00 120.00 0.00 130.00 0.00 0.487742
4 120.00 0.00 165.00 0.00 125.00 0.00 130.00 0.00 9.46419
4 0.00 0.00 195.00 0.00 165.00 0.00 180.00 0.00 2.83355
4 105.00 0.00 195.00 0.00 115.00 0.00 125.00 0.00 1.72791
4 85.00 0.00 175.00 0.00 135.00 0.00 145.00 0.00 0.469951
4 60.00 0.00 195.00 0.00 135.00 0.00 150.00 0.00 0.242933
4 90.00 0.00 180.00 0.00 130.00 0.00 140.00 0.00 0.302374
4 80.00 0.00 170.00 0.00 140.00 0.00 150.00 0.00 1.36413
4 75.00 0.00 165.00 0.00 145.00 0.00 155.00 0.00 7.97993
4 112.50 0.00 157.50 0.00 132.50 0.00 137.50 0.00 1.2534
4 107.50 0.00 152.50 0.00 137.50 0.00 142.50 0.00 5.76053
4 117.50 0.00 162.50 0.00 127.50 0.00 132.50 0.00 2.46368
4 125.00 0.00 147.50 0.00 135.00 0.00 137.50 0.00 5.67457
4 50.00 0.00 200.00 0.00 140.00 0.00 155.00 0.00 0.243567
4 35.00 0.00 185.00 0.00 155.00 0.00 170.00 0.00 1.85054
4 127.50 0.00 150.00 0.00 132.50 0.00 135.00 0.00 9.54786
4 20.00 0.00 200.00 0.00 155.00 0.00 170.00 0.00 0.547489
4 122.50 0.00 145.00 0.00 137.50 0.00 140.00 0.00 11.04
4 115.00 0.00 160.00 0.00 135.00 0.00 140.00 0.00 1.41733
4 122.50 0.00 145.00 0.00 140.00 0.00 142.50 0.00 30.4251
4 125.00 0.00 147.50 0.00 137.50 0.00 140.00 0.00 7.28705
4 127.50 0.00 150.00 0.00 135.00 0.00 137.50 0.00 6.55801
4 110.00 0.00 155.00 0.00 140.00 0.00 145.00 0.00 5.05228
4 120.00 0.00 165.00 0.00 130.00 0.00 135.00 0.00 2.3945
4 55.00 0.00 190.00 0.00 145.00 0.00 160.00 0.00 0.484492
4 25.00 0.00 190.00 0.00 160.00 0.00 175.00 0.00 2.1524
4 122.50 0.00 167.50 0.00 127.50 0.00 132.50 0.00 11.5787
4 117.50 0.00 162.50 0.00 132.50 0.00 137.50 0.00 1.26062
4 130.00 0.00 152.50 0.00 132.50 0.00 135.00 0.00 31.3702
4 107.50 0.00 152.50 0.00 142.50 0.00 147.50 0.00 15.7693
4 112.50 0.00 157.50 0.00 137.50 0.00 142.50 0.00 2.37572
4 107.50 0.00 197.50 0.00 117.50 0.00 127.50 0.00 2.40172
4 102.50 0.00 192.50 0.00 122.50 0.00 132.50 0.00 0.496492
4 127.50 0.00 150.00 0.00 137.50 0.00 140.00 0.00 5.97316
4 125.00 0.00 147.50 0.00 140.00 0.00 142.50 0.00 13.8954
4 15.00 0.00 195.00 0.00 165.00 0.00 180.00 0.00 2.83706
4 45.00 0.00 195.00 0.00 150.00 0.00 165.00 0.00 0.531685
4 130.00 0.00 152.50 0.00 135.00 0.00 137.50 0.00 11.3471
4 125.00 0.00 147.50 0.00 142.50 0.00 145.00 0.00 28.9257
4 125.00 0.00 170.00 0.00 130.00 0.00 135.00 0.00 11.4402
4 120.00 0.00 165.00 0.00 135.00 0.00 140.00 0.00 1.40579
4 127.50 0.00 150.00 0.00 140.00 0.00 142.50 0.00 8.38714
4 35.00 0.00 200.00 0.00 155.00 0.00 170.00 0.00 0.552001
4 115.00 0.00 160.00 0.00 140.00 0.00 145.00 0.00 2.24495
4 110.00 0.00 155.00 0.00 145.00 0.00 150.00 0.00 17.1967
4 95.00 0.00 185.00 0.00 135.00 0.00 145.00 0.00 0.296939
4 65.00 0.00 200.00 0.00 140.00 0.00 155.00 0.00 0.262979
4 105.00 0.00 195.00 0.00 125.00 0.00 135.00 0.00 0.519891
4 50.00 0.00 185.00 0.00 155.00 0.00 170.00 0.00 1.85806
4 90.00 0.00 180.00 0.00 140.00 0.00 150.00 0.00 0.391705
4 5.00 0.00 200.00 0.00 170.00 0.00 185.00 0.00 3.71265
4 100.00 0.00 190.00 0.00 130.00 0.00 140.00 0.00 0.320241
4 85.00 0.00 175.00 0.00 145.00 0.00 155.00 0.00 1.28842
4 110.00 0.00 200.00 0.00 120.00 0.00 130.00 0.00 2.00965
4 80.00 0.00 170.00 0.00 150.00 0.00 160.00 0.00 7.56158
4 130.00 0.00 152.50 0.00 137.50 0.00 140.00 0.00 6.78378
4 132.50 0.00 155.00 0.00 135.00 0.00 137.50 0.00 31.0136
4 122.50 0.00 167.50 0.00 132.50 0.00 137.50 0.00 2.77306
4 112.50 0.00 157.50 0.00 142.50 0.00 147.50 0.00 4.40623
4 117.50 0.00 162.50 0.00 137.50 0.00 142.50 0.00 1.50479
4 127.50 0.00 150.00 0.00 142.50 0.00 145.00 0.00 12.6837
4 40.00 0.00 190.00 0.00 160.00 0.00 175.00 0.00 2.15762
4 130.00 0.00 152.50 0.00 140.00 0.00 142.50 0.00 6.06985
4 132.50 0.00 155.00 0.00 137.50 0.00 140.00 0.00 11.6772
4 127.50 0.00 150.00 0.00 145.00 0.00 147.50 0.00 43.1784
4 115.00 0.00 160.00 0.00 145.00 0.00 150.00 0.00 5.0962
4 30.00 0.00 195.00 0.00 165.00 0.00 180.00 0.00 2.83899
4 60.00 0.00 195.00 0.00 150.00 0.00 165.00 0.00 0.544037
4 125.00 0.00 170.00 0.00 135.00 0.00 140.00 0.00 3.38053
4 120.00 0.00 165.00 0.00 140.00 0.00 145.00 0.00 1.31698
4 130.00 0.00 152.50 0.00 142.50 0.00 145.00 0.00 6.26101
4 122.50 0.00 167.50 0.00 137.50 0.00 142.50 0.00 1.51727
4 112.50 0.00 157.50 0.00 147.50 0.00 152.50 0.00 19.6192
4 127.50 0.00 172.50 0.00 132.50 0.00 137.50 0.00 12.6636
4 135.00 0.00 157.50 0.00 137.50 0.00 140.00 0.00 29.5372
4 132.50 0.00 155.00 0.00 140.00 0.00 142.50 0.00 6.90744
4 117.50 0.00 162.50 0.00 142.50 0.00 147.50 0.00 2.14549
4 107.50 0.00 197.50 0.00 127.50 0.00 137.50 0.00 0.618834
4 102.50 0.00 192.50 0.00 132.50 0.00 142.50 0.00 0.321995
4 20.00 0.00 200.00 0.00 170.00 0.00 185.00 0.00 3.71598
4 50.00 0.00 200.00 0.00 155.00 0.00 170.00 0.00 0.559977
4 132.50 0.00 155.00 0.00 142.50 0.00 145.00 0.00 4.95195
4 130.00 0.00 152.50 0.00 145.00 0.00 147.50 0.00 11.449
4 135.00 0.00 157.50 0.00 140.00 0.00 142.50 0.00 10.8404
4 125.00 0.00 170.00 0.00 140.00 0.00 145.00 0.00 1.52813
4 120.00 0.00 165.00 0.00 145.00 0.00 150.00 0.00 2.15883
4 115.00 0.00 160.00 0.00 150.00 0.00 155.00 0.00 20.3433
4 105.00 0.00 195.00 0.00 135.00 0.00 145.00 0.00 0.328707
4 95.00 0.00 185.00 0.00 145.00 0.00 155.00 0.00 0.411847
4 55.00 0.00 190.00 0.00 160.00 0.00 175.00 0.00 2.16621
4 90.00 0.00 180.00 0.00 150.00 0.00 160.00 0.00 0.998759
4 130.00 0.00 175.00 0.00 135.00 0.00 140.00 0.00 14.8166
4 100.00 0.00 190.00 0.00 140.00 0.00 150.00 0.00 0.28113
4 110.00 0.00 200.00 0.00 130.00 0.00 140.00 0.00 0.560173
4 85.00 0.00 175.00 0.00 155.00 0.00 165.00 0.00 6.45315
4 137.50 0.00 160.00 0.00 140.00 0.00 142.50 0.00 37.4316
4 132.50 0.00 155.00 0.00 145.00 0.00 147.50 0.00 6.21165
4 127.50 0.00 172.50 0.00 137.50 0.00 142.50 0.00 3.81068
4 122.50 0.00 167.50 0.00 142.50 0.00 147.50 0.00 1.17572
4 117.50 0.00 162.50 0.00 147.50 0.00 152.50 0.00 6.74089
4 130.00 0.00 152.50 0.00 147.50 0.00 150.00 0.00 41.4297
4 135.00 0.00 157.50 0.00 142.50 0.00 145.00 0.00 5.38775
4 45.00 0.00 195.00 0.00 165.00 0.00 180.00 0.00 2.84401
4 137.50 0.00 160.00 0.00 142.50 0.00 145.00 0.00 9.64028
4 132.50 0.00 155.00 0.00 147.50 0.00 150.00 0.00 13.2425
4 135.00 0.00 157.50 0.00 145.00 0.00 147.50 0.00 4.75834
4 120.00 0.00 165.00 0.00 150.00 0.00 155.00 0.00 6.14802
4 130.00 0.00 175.00 0.00 140.00 0.00 145.00 0.00 3.95885
4 125.00 0.00 170.00 0.00 145.00 0.00 150.00 0.00 1.3318
4 65.00 0.00 200.00 0.00 155.00 0.00 170.00 0.00 0.572384
4 35.00 0.00 200.00 0.00 170.00 0.00 185.00 0.00 3.71871
4 135.00 0.00 157.50 0.00 147.50 0.00 150.00 0.00 7.17221
4 132.50 0.00 177.50 0.00 137.50 0.00 142.50 0.00 15.2657
4 122.50 0.00 167.50 0.00 147.50 0.00 152.50 0.00 2.49198
4 117.50 0.00 162.50 0.00 152.50 0.00 157.50 0.00 23.845
4 132.50 0.00 155.00 0.00 150.00 0.00 152.50 0.00 44.1159
4 127.50 0.00 172.50 0.00 142.50 0.00 147.50 0.00 1.48725
4 137.50 0.00 160.00 0.00 145.00 0.00 147.50 0.00 5.71826
4 102.50 0.00 192.50 0.00 142.50 0.00 152.50 0.00 0.309957
4 107.50 0.00 197.50 0.00 137.50 0.00 147.50 0.00 0.33241
4 140.00 0.00 162.50 0.00 142.50 0.00 145.00 0.00 29.5882
4 140.00 0.00 162.50 0.00 145.00 0.00 147.50 0.00 9.45905
4 135.00 0.00 157.50 0.00 150.00 0.00 152.50 0.00 15.3791
4 137.50 0.00 160.00 0.00 147.50 0.00 150.00 0.00 6.2547
4 120.00 0.00 165.00 0.00 155.00 0.00 160.00 0.00 19.1666
4 135.00 0.00 180.00 0.00 140.00 0.00 145.00 0.00 13.366
4 95.00 0.00 185.00 0.00 155.00 0.00 165.00 0.00 0.861957
4 100.00 0.00 190.00 0.00 150.00 0.00 160.00 0.00 0.442224
4 110.00 0.00 200.00 0.00 140.00 0.00 150.00 0.00 0.316562
4 125.00 0.00 170.00 0.00 150.00 0.00 155.00 0.00 2.57201
4 90.00 0.00 180.00 0.00 160.00 0.00 170.00 0.00 4.60759
4 105.00 0.00 195.00 0.00 145.00 0.00 155.00 0.00 0.323044
4 60.00 0.00 195.00 0.00 165.00 0.00 180.00 0.00 2.85139
4 130.00 0.00 175.00 0.00 145.00 0.00 150.00 0.00 1.77135
4 122.50 0.00 167.50 0.00 152.50 0.00 157.50 0.00 5.73046
4 132.50 0.00 177.50 0.00 142.50 0.00 147.50 0.00 3.61596
4 140.00 0.00 162.50 0.00 147.50 0.00 150.00 0.00 7.54959
4 127.50 0.00 172.50 0.00 147.50 0.00 152.50 0.00 1.65675
4 142.50 0.00 165.00 0.00 145.00 0.00 147.50 0.00 25.8331
4 135.00 0.00 157.50 0.00 152.50 0.00 155.00 0.00 35.7481
4 137.50 0.00 160.00 0.00 150.00 0.00 152.50 0.00 9.51102
4 50.00 0.00 200.00 0.00 170.00 0.00 185.00 0.00 3.72401
4 137.50 0.00 160.00 0.00 152.50 0.00 155.00 0.00 14.242
4 142.50 0.00 165.00 0.00 147.50 0.00 150.00 0.00 12.7463
4 140.00 0.00 162.50 0.00 150.00 0.00 152.50 0.00 8.41509
4 130.00 0.00 175.00 0.00 150.00 0.00 155.00 0.00 1.69333
4 135.00 0.00 180.00 0.00 145.00 0.00 150.00 0.00 3.95314
4 125.00 0.00 170.00 0.00 155.00 0.00 160.00 0.00 5.43967
4 137.50 0.00 160.00 0.00 155.00 0.00 157.50 0.00 38.6189
4 137.50 0.00 182.50 0.00 142.50 0.00 147.50 0.00 12.6403
4 132.50 0.00 177.50 0.00 147.50 0.00 152.50 0.00 2.25023
4 127.50 0.00 172.50 0.00 152.50 0.00 157.50 0.00 2.41921
4 140.00 0.00 162.50 0.00 152.50 0.00 155.00 0.00 9.20495
4 142.50 0.00 165.00 0.00 150.00 0.00 152.50 0.00 9.91509
4 145.00 0.00 167.50 0.00 147.50 0.00 150.00 0.00 28.8169
4 107.50 0.00 197.50 0.00 147.50 0.00 157.50 0.00 0.360877
4 102.50 0.00 192.50 0.00 152.50 0.00 162.50 0.00 0.422598
4 122.50 0.00 167.50 0.00 157.50 0.00 162.50 0.00 16.0847
4 142.50 0.00 165.00 0.00 152.50 0.00 155.00 0.00 6.95491
4 145.00 0.00 167.50 0.00 150.00 0.00 152.50 0.00 15.9277
4 140.00 0.00 162.50 0.00 155.00 0.00 157.50 0.00 17.7353
4 130.00 0.00 175.00 0.00 155.00 0.00 160.00 0.00 2.02677
4 125.00 0.00 170.00 0.00 160.00 0.00 165.00 0.00 21.1911
4 140.00 0.00 185.00 0.00 145.00 0.00 150.00 0.00 13.8106
4 105.00 0.00 195.00 0.00 155.00 0.00 165.00 0.00 0.464672
4 65.00 0.00 200.00 0.00 170.00 0.00 185.00 0.00 3.73102
4 95.00 0.00 185.00 0.00 165.00 0.00 175.00 0.00 4.15735
4 100.00 0.00 190.00 0.00 160.00 0.00 170.00 0.00 0.924122
4 110.00 0.00 200.00 0.00 150.00 0.00 160.00 0.00 0.352329
4 135.00 0.00 180.00 0.00 150.00 0.00 155.00 0.00 2.40541
4 147.50 0.00 170.00 0.00 150.00 0.00 152.50 0.00 47.5814
4 127.50 0.00 172.50 0.00 157.50 0.00 162.50 0.00 4.69116
4 145.00 0.00 167.50 0.00 152.50 0.00 155.00 0.00 7.63359
4 142.50 0.00 165.00 0.00 155.00 0.00 157.50 0.00 8.95935
4 140.00 0.00 162.50 0.00 157.50 0.00 160.00 0.00 41.1312
4 137.50 0.00 182.50 0.00 147.50 0.00 152.50 0.00 5.51071
4 132.50 0.00 177.50 0.00 152.50 0.00 157.50 0.00 1.42092
4 147.50 0.00 170.00 0.00 152.50 0.00 155.00 0.00 12.683
4 145.00 0.00 167.50 0.00 155.00 0.00 157.50 0.00 6.76607
4 142.50 0.00 165.00 0.00 157.50 0.00 160.00 0.00 13.2771
4 140.00 0.00 185.00 0.00 150.00 0.00 155.00 0.00 6.13615
4 130.00 0.00 175.00 0.00 160.00 0.00 165.00 0.00 4.96092
4 135.00 0.00 180.00 0.00 155.00 0.00 160.00 0.00 1.35462
4 137.50 0.00 182.50 0.00 152.50 0.00 157.50 0.00 2.34003
4 132.50 0.00 177.50 0.00 157.50 0.00 162.50 0.00 1.37314
4 147.50 0.00 170.00 0.00 155.00 0.00 157.50 0.00 7.65031
4 145.00 0.00 167.50 0.00 157.50 0.00 160.00 0.00 7.10292
4 127.50 0.00 172.50 0.00 162.50 0.00 167.50 0.00 23.2765
4 150.00 0.00 172.50 0.00 152.50 0.00 155.00 0.00 40.8435
4 142.50 0.00 165.00 0.00 160.00 0.00 162.50 0.00 30.4564
4 142.50 0.00 187.50 0.00 147.50 0.00 152.50 0.00 19.1601
4 107.50 0.00 197.50 0.00 157.50 0.00 167.50 0.00 0.484369
4 102.50 0.00 192.50 0.00 162.50 0.00 172.50 0.00 1.00904
4 147.50 0.00 170.00 0.00 157.50 0.00 160.00 0.00 5.66898
4 145.00 0.00 167.50 0.00 160.00 0.00 162.50 0.00 11.5451
4 150.00 0.00 172.50 0.00 155.00 0.00 157.50 0.00 13.4384
4 130.00 0.00 175.00 0.00 165.00 0.00 170.00 0.00 19.7871
4 145.00 0.00 190.00 0.00 150.00 0.00 155.00 0.00 20.2627
4 135.00 0.00 180.00 0.00 160.00 0.00 165.00 0.00 1.68502
4 100.00 0.00 190.00 0.00 170.00 0.00 180.00 0.00 4.75601
4 140.00 0.00 185.00 0.00 155.00 0.00 160.00 0.00 2.24053
4 110.00 0.00 200.00 0.00 160.00 0.00 170.00 0.00 0.498414
4 105.00 0.00 195.00 0.00 165.00 0.00 175.00 0.00 1.16552
4 147.50 0.00 170.00 0.00 160.00 0.00 162.50 0.00 6.94927
4 145.00 0.00 167.50 0.00 162.50 0.00 165.00 0.00 40.4677
4 132.50 0.00 177.50 0.00 162.50 0.00 167.50 0.00 3.55783
4 150.00 0.00 172.50 0.00 157.50 0.00 160.00 0.00 6.56042
4 142.50 0.00 187.50 0.00 152.50 0.00 157.50 0.00 5.65379
4 137.50 0.00 182.50 0.00 157.50 0.00 162.50 0.00 1.2613
4 152.50 0.00 175.00 0.00 155.00 0.00 157.50 0.00 42.079
4 150.00 0.00 172.50 0.00 160.00 0.00 162.50 0.00 5.50075
4 152.50 0.00 175.00 0.00 157.50 0.00 160.00 0.00 12.6123
4 147.50 0.00 170.00 0.00 162.50 0.00 165.00 0.00 17.1922
4 140.00 0.00 185.00 0.00 160.00 0.00 165.00 0.00 1.46853
4 145.00 0.00 190.00 0.00 155.00 0.00 160.00 0.00 5.03342
4 135.00 0.00 180.00 0.00 165.00 0.00 170.00 0.00 3.52692
4 150.00 0.00 172.50 0.00 162.50 0.00 165.00 0.00 9.4324
4 132.50 0.00 177.50 0.00 167.50 0.00 172.50 0.00 10.2218
4 147.50 0.00 192.50 0.00 152.50 0.00 157.50 0.00 17.0276
4 137.50 0.00 182.50 0.00 162.50 0.00 167.50 0.00 1.84453
4 152.50 0.00 175.00 0.00 160.00 0.00 162.50 0.00 6.89119
4 107.50 0.00 197.50 0.00 167.50 0.00 177.50 0.00 1.49884
4 155.00 0.00 177.50 0.00 157.50 0.00 160.00 0.00 34.1396
4 102.50 0.00 192.50 0.00 172.50 0.00 182.50 0.00 5.21491
4 142.50 0.00 187.50 0.00 157.50 0.00 162.50 0.00 2.09028
4 147.50 0.00 170.00 0.00 165.00 0.00 167.50 0.00 51.9132
4 152.50 0.00 175.00 0.00 162.50 0.00 165.00 0.00 7.72955
4 150.00 0.00 172.50 0.00 165.00 0.00 167.50 0.00 17.3923
4 155.00 0.00 177.50 0.00 160.00 0.00 162.50 0.00 11.8552
4 150.00 0.00 195.00 0.00 155.00 0.00 160.00 0.00 17.1345
4 145.00 0.00 190.00 0.00 160.00 0.00 165.00 0.00 2.39208
4 140.00 0.00 185.00 0.00 165.00 0.00 170.00 0.00 1.50677
4 110.00 0.00 200.00 0.00 170.00 0.00 180.00 0.00 1.53449
4 105.00 0.00 195.00 0.00 175.00 0.00 185.00 0.00 6.39227
4 135.00 0.00 180.00 0.00 170.00 0.00 175.00 0.00 14.6458
4 150.00 0.00 172.50 0.00 167.50 0.00 170.00 0.00 42.9927
4 137.50 0.00 182.50 0.00 167.50 0.00 172.50 0.00 3.30811
4 152.50 0.00 175.00 0.00 165.00 0.00 167.50 0.00 8.74664
4 157.50 0.00 180.00 0.00 160.00 0.00 162.50 0.00 33.0229
4 147.50 0.00 192.50 0.00 157.50 0.00 162.50 0.00 4.34765
4 155.00 0.00 177.50 0.00 162.50 0.00 165.00 0.00 9.344
4 142.50 0.00 187.50 0.00 162.50 0.00 167.50 0.00 1.72402
4 152.50 0.00 175.00 0.00 167.50 0.00 170.00 0.00 14.438
4 157.50 0.00 180.00 0.00 162.50 0.00 165.00 0.00 18.5309
4 155.00 0.00 177.50 0.00 165.00 0.00 167.50 0.00 5.89928
4 150.00 0.00 195.00 0.00 160.00 0.00 165.00 0.00 5.32859
4 140.00 0.00 185.00 0.00 170.00 0.00 175.00 0.00 3.34645
4 145.00 0.00 190.00 0.00 165.00 0.00 170.00 0.00 1.49904
4 155.00 0.00 177.50 0.00 167.50 0.00 170.00 0.00 5.24777
4 152.50 0.00 175.00 0.00 170.00 0.00 172.50 0.00 41.8617
4 152.50 0.00 197.50 0.00 157.50 0.00 162.50 0.00 17.2819
4 147.50 0.00 192.50 0.00 162.50 0.00 167.50 0.00 2.70139
4 157.50 0.00 180.00 0.00 165.00 0.00 167.50 0.00 8.48906
4 137.50 0.00 182.50 0.00 172.50 0.00 177.50 0.00 20.1649
4 160.00 0.00 182.50 0.00 162.50 0.00 165.00 0.00 46.4964
4 107.50 0.00 197.50 0.00 177.50 0.00 187.50 0.00 6.30662
4 142.50 0.00 187.50 0.00 167.50 0.00 172.50 0.00 1.47886
4 157.50 0.00 180.00 0.00 167.50 0.00 170.00 0.00 5.32454
4 155.00 0.00 177.50 0.00 170.00 0.00 172.50 0.00 8.1529
4 160.00 0.00 182.50 0.00 165.00 0.00 167.50 0.00 14.6612
4 150.00 0.00 195.00 0.00 165.00 0.00 170.00 0.00 2.41519
4 145.00 0.00 190.00 0.00 170.00 0.00 175.00 0.00 1.77081
4 140.00 0.00 185.00 0.00 175.00 0.00 180.00 0.00 12.5778
4 155.00 0.00 200.00 0.00 160.00 0.00 165.00 0.00 19.5134
4 110.00 0.00 200.00 0.00 180.00 0.00 190.00 0.00 7.04772
4 160.00 0.00 182.50 0.00 167.50 0.00 170.00 0.00 6.81529
4 157.50 0.00 180.00 0.00 170.00 0.00 172.50 0.00 6.01788
4 162.50 0.00 185.00 0.00 165.00 0.00 167.50 0.00 33.6142
4 152.50 0.00 197.50 0.00 162.50 0.00 167.50 0.00 6.96807
4 147.50 0.00 192.50 0.00 167.50 0.00 172.50 0.00 1.44724
4 155.00 0.00 177.50 0.00 172.50 0.00 175.00 0.00 23.8484
4 142.50 0.00 187.50 0.00 172.50 0.00 177.50 0.00 4.39782
4 162.50 0.00 185.00 0.00 167.50 0.00 170.00 0.00 11.4259
4 160.00 0.00 182.50 0.00 170.00 0.00 172.50 0.00 5.59852
4 157.50 0.00 180.00 0.00 172.50 0.00 175.00 0.00 12.2966
4 155.00 0.00 200.00 0.00 165.00 0.00 170.00 0.00 6.04584
4 150.00 0.00 195.00 0.00 170.00 0.00 175.00 0.00 1.72789
4 145.00 0.00 190.00 0.00 175.00 0.00 180.00 0.00 3.67688
4 160.00 0.00 182.50 0.00 172.50 0.00 175.00 0.00 7.30898
4 157.50 0.00 180.00 0.00 175.00 0.00 177.50 0.00 43.206
4 165.00 0.00 187.50 0.00 167.50 0.00 170.00 0.00 35.0303
4 162.50 0.00 185.00 0.00 170.00 0.00 172.50 0.00 7.16129
4 142.50 0.00 187.50 0.00 177.50 0.00 182.50 0.00 10.8606
4 147.50 0.00 192.50 0.00 172.50 0.00 177.50 0.00 2.39372
4 152.50 0.00 197.50 0.00 167.50 0.00 172.50 0.00 2.48459
4 162.50 0.00 185.00 0.00 172.50 0.00 175.00 0.00 5.83392
4 165.00 0.00 187.50 0.00 170.00 0.00 172.50 0.00 15.4778
4 160.00 0.00 182.50 0.00 175.00 0.00 177.50 0.00 16.6118
4 150.00 0.00 195.00 0.00 175.00 0.00 180.00 0.00 2.14322
4 145.00 0.00 190.00 0.00 180.00 0.00 185.00 0.00 13.8808
4 155.00 0.00 200.00 0.00 170.00 0.00 175.00 0.00 2.84727
4 152.50 0.00 197.50 0.00 172.50 0.00 177.50 0.00 2.22101
4 147.50 0.00 192.50 0.00 177.50 0.00 182.50 0.00 3.45698
4 162.50 0.00 185.00 0.00 175.00 0.00 177.50 0.00 7.79826
4 165.00 0.00 187.50 0.00 172.50 0.00 175.00 0.00 8.70189
4 167.50 0.00 190.00 0.00 170.00 0.00 172.50 0.00 50.3614
4 160.00 0.00 182.50 0.00 177.50 0.00 180.00 0.00 26.6877
4 162.50 0.00 185.00 0.00 177.50 0.00 180.00 0.00 7.66522
4 165.00 0.00 187.50 0.00 175.00 0.00 177.50 0.00 7.31559
4 167.50 0.00 190.00 0.00 172.50 0.00 175.00 0.00 17.8972
4 155.00 0.00 200.00 0.00 175.00 0.00 180.00 0.00 1.9223
4 150.00 0.00 195.00 0.00 180.00 0.00 185.00 0.00 4.81375
4 170.00 0.00 192.50 0.00 172.50 0.00 175.00 0.00 46.7896
4 162.50 0.00 185.00 0.00 180.00 0.00 182.50 0.00 21.4687
4 165.00 0.00 187.50 0.00 177.50 0.00 180.00 0.00 4.16137
4 152.50 0.00 197.50 0.00 177.50 0.00 182.50 0.00 1.86594
4 167.50 0.00 190.00 0.00 175.00 0.00 177.50 0.00 10.6299
4 147.50 0.00 192.50 0.00 182.50 0.00 187.50 0.00 13.9077
4 170.00 0.00 192.50 0.00 175.00 0.00 177.50 0.00 20.0437
4 165.00 0.00 187.50 0.00 180.00 0.00 182.50 0.00 8.4031
4 167.50 0.00 190.00 0.00 177.50 0.00 180.00 0.00 3.45307
4 155.00 0.00 200.00 0.00 180.00 0.00 185.00 0.00 2.55224
4 150.00 0.00 195.00 0.00 185.00 0.00 190.00 0.00 14.488
4 172.50 0.00 195.00 0.00 175.00 0.00 177.50 0.00 53.9238
4 167.50 0.00 190.00 0.00 180.00 0.00 182.50 0.00 4.87694
4 152.50 0.00 197.50 0.00 182.50 0.00 187.50 0.00 4.85054
4 165.00 0.00 187.50 0.00 182.50 0.00 185.00 0.00 30.9389
4 170.00 0.00 192.50 0.00 177.50 0.00 180.00 0.00 4.19931
4 170.00 0.00 192.50 0.00 180.00 0.00 182.50 0.00 4.36981
4 172.50 0.00 195.00 0.00 177.50 0.00 180.00 0.00 6.87734
4 167.50 0.00 190.00 0.00 182.50 0.00 185.00 0.00 11.1134
4 155.00 0.00 200.00 0.00 185.00 0.00 190.00 0.00 4.91975
4 175.00 0.00 197.50 0.00 177.50 0.00 180.00 0.00 18.7704
4 172.50 0.00 195.00 0.00 180.00 0.00 182.50 0.00 5.4232
4 152.50 0.00 197.50 0.00 187.50 0.00 192.50 0.00 15.4192
4 170.00 0.00 192.50 0.00 182.50 0.00 185.00 0.00 6.77404
4 167.50 0.00 190.00 0.00 185.00 0.00 187.50 0.00 21.9262
4 170.00 0.00 192.50 0.00 185.00 0.00 187.50 0.00 8.98982
4 172.50 0.00 195.00 0.00 182.50 0.00 185.00 0.00 5.64224
4 175.00 0.00 197.50 0.00 180.00 0.00 182.50 0.00 10.7677
4 155.00 0.00 200.00 0.00 190.00 0.00 195.00 0.00 16.0162
4 177.50 0.00 200.00 0.00 180.00 0.00 182.50 0.00 37.638
4 170.00 0.00 192.50 0.00 187.50 0.00 190.00 0.00 27.8373
4 175.00 0.00 197.50 0.00 182.50 0.00 185.00 0.00 7.37488
4 172.50 0.00 195.00 0.00 185.00 0.00 187.50 0.00 5.24999
4 175.00 0.00 197.50 0.00 185.00 0.00 187.50 0.00 4.35077
4 177.50 0.00 200.00 0.00 182.50 0.00 185.00 0.00 16.4012
4 172.50 0.00 195.00 0.00 187.50 0.00 190.00 0.00 10.5809
4 175.00 0.00 197.50 0.00 187.50 0.00 190.00 0.00 6.07863
4 177.50 0.00 200.00 0.00 185.00 0.00 187.50 0.00 6.00944
4 172.50 0.00 195.00 0.00 190.00 0.00 192.50 0.00 28.5019
4 177.50 0.00 200.00 0.00 187.50 0.00 190.00 0.00 5.11329
4 175.00 0.00 197.50 0.00 190.00 0.00 192.50 0.00 10.7435
4 175.00 0.00 197.50 0.00 192.50 0.00 195.00 0.00 33.4753
4 177.50 0.00 200.00 0.00 190.00 0.00 192.50 0.00 6.06793
4 177.50 0.00 200.00 0.00 192.50 0.00 195.00 0.00 11.6156
4 177.50 0.00 200.00 0.00 195.00 0.00 197.50 0.00 28.0539
Topography in a separate list
2
79
0 0
4.849 0.48
9.622 1.06
14.697 1.968
19.722 2.515
24.592 3.772
29.431 4.702
34.395 5.409
39.343 6.175
44.334 6.828
49.194 7.647
54.085 8.081
59.111 8.432
64.153 8.889
69.14 9.245
74.006 9.611
79.085 10.171
84.022 10.726
88.992 11.27
93.927 11.834
98.948 12.306
104.747 12.838
109.862 13.253
114.716 13.837
118.842 14.322
123.662 15.381
128.538 16.005
133.529 16.786
138.559 17.463
143.373 18.576
148.279 19.537
153.105 20.24
157.996 20.885
162.907 21.54
167.738 22.409
172.648 23.528
177.616 24.402
182.538 24.97
187.399 25.567
192.452 26.164
196.957 27.25
201.592 28.273
208.358 28.7364
212.498 29.1998
217.168 29.6632
221.611 30.1266
227.242 30.59
233.667 31.769
238.502 33.907
241.256 34.703
244.139 34.789
253.957 38.152
260.002 42.775
264.533 44.842
268.988 47.58
275.532 49.219
278.216 50.4195
283.591 51.62
289.96 51.094
294.801 54.365
298.201 54.375
303.613 53.475
309.224 54.0825
313.849 54.69
318.752 56.49
324.798 55.632
329.007 54.933
333.541 59.334
338.324 61.345
343.449 63.005
348.284 65.478
350.571 67.951
355.167 71.281
359.581 70.619
363.705 72.575
370.441 72.656
373.974 75.579
377.484 78.85
381.352 81.392
0
0
0
0
0
0
