Project8 Dipole-Dipole_1
2.50
11
3
Type of measurement (0=app.resistivity,1=resistance)
1
1469
2
0
4 7.50 0.00 5.00 0.00 0.00 0.00 2.50 0.00 27.3292
4 10.00 0.00 7.50 0.00 0.00 0.00 2.50 0.00 5.73195
4 10.00 0.00 7.50 0.00 2.50 0.00 5.00 0.00 19.1498
4 12.50 0.00 10.00 0.00 0.00 0.00 2.50 0.00 2.71333
4 12.50 0.00 10.00 0.00 2.50 0.00 5.00 0.00 6.29346
4 15.00 0.00 12.50 0.00 0.00 0.00 2.50 0.00 1.18862
4 15.00 0.00 10.00 0.00 0.00 0.00 5.00 0.00 12.6318
4 12.50 0.00 10.00 0.00 5.00 0.00 7.50 0.00 25.2099
4 15.00 0.00 12.50 0.00 2.50 0.00 5.00 0.00 2.44635
4 17.50 0.00 15.00 0.00 0.00 0.00 2.50 0.00 0.577842
4 15.00 0.00 12.50 0.00 5.00 0.00 7.50 0.00 6.38287
4 20.00 0.00 17.50 0.00 0.00 0.00 2.50 0.00 0.345979
4 17.50 0.00 15.00 0.00 2.50 0.00 5.00 0.00 1.11547
4 20.00 0.00 15.00 0.00 0.00 0.00 5.00 0.00 2.67361
4 15.00 0.00 12.50 0.00 7.50 0.00 10.00 0.00 24.5005
4 17.50 0.00 15.00 0.00 5.00 0.00 7.50 0.00 2.54565
4 20.00 0.00 17.50 0.00 2.50 0.00 5.00 0.00 0.63389
4 22.50 0.00 20.00 0.00 0.00 0.00 2.50 0.00 0.150546
4 20.00 0.00 17.50 0.00 5.00 0.00 7.50 0.00 1.34677
4 22.50 0.00 20.00 0.00 2.50 0.00 5.00 0.00 0.262627
4 25.00 0.00 22.50 0.00 0.00 0.00 2.50 0.00 0.0976685
4 17.50 0.00 15.00 0.00 7.50 0.00 10.00 0.00 5.80998
4 25.00 0.00 20.00 0.00 0.00 0.00 5.00 0.00 0.674962
4 20.00 0.00 15.00 0.00 5.00 0.00 10.00 0.00 12.3033
4 22.50 0.00 20.00 0.00 5.00 0.00 7.50 0.00 0.533345
4 25.00 0.00 22.50 0.00 2.50 0.00 5.00 0.00 0.162929
4 17.50 0.00 15.00 0.00 10.00 0.00 12.50 0.00 27.3637
4 20.00 0.00 17.50 0.00 7.50 0.00 10.00 0.00 2.61413
4 25.00 0.00 22.50 0.00 5.00 0.00 7.50 0.00 0.314174
4 27.50 0.00 25.00 0.00 2.50 0.00 5.00 0.00 0.120617
4 22.50 0.00 20.00 0.00 7.50 0.00 10.00 0.00 0.957146
4 25.00 0.00 20.00 0.00 5.00 0.00 10.00 0.00 2.33482
4 20.00 0.00 17.50 0.00 10.00 0.00 12.50 0.00 7.65423
4 30.00 0.00 20.00 0.00 0.00 0.00 10.00 0.00 4.07023
4 30.00 0.00 25.00 0.00 0.00 0.00 5.00 0.00 0.281256
4 20.00 0.00 17.50 0.00 12.50 0.00 15.00 0.00 25.6193
4 22.50 0.00 20.00 0.00 10.00 0.00 12.50 0.00 2.45361
4 27.50 0.00 25.00 0.00 5.00 0.00 7.50 0.00 0.219961
4 25.00 0.00 22.50 0.00 7.50 0.00 10.00 0.00 0.527598
4 22.50 0.00 20.00 0.00 12.50 0.00 15.00 0.00 5.91511
4 27.50 0.00 25.00 0.00 7.50 0.00 10.00 0.00 0.351475
4 30.00 0.00 27.50 0.00 5.00 0.00 7.50 0.00 0.0828677
4 25.00 0.00 22.50 0.00 10.00 0.00 12.50 0.00 1.21043
4 35.00 0.00 30.00 0.00 0.00 0.00 5.00 0.00 0.0806825
4 30.00 0.00 25.00 0.00 5.00 0.00 10.00 0.00 0.782907
4 25.00 0.00 20.00 0.00 10.00 0.00 15.00 0.00 12.1176
4 22.50 0.00 20.00 0.00 15.00 0.00 17.50 0.00 19.7162
4 25.00 0.00 22.50 0.00 12.50 0.00 15.00 0.00 2.54338
4 27.50 0.00 25.00 0.00 10.00 0.00 12.50 0.00 0.767738
4 30.00 0.00 27.50 0.00 7.50 0.00 10.00 0.00 0.12299
4 25.00 0.00 22.50 0.00 15.00 0.00 17.50 0.00 5.91922
4 27.50 0.00 25.00 0.00 12.50 0.00 15.00 0.00 1.49952
4 30.00 0.00 27.50 0.00 10.00 0.00 12.50 0.00 0.248687
4 32.50 0.00 30.00 0.00 7.50 0.00 10.00 0.00 0.0612036
4 35.00 0.00 25.00 0.00 5.00 0.00 15.00 0.00 4.35315
4 40.00 0.00 30.00 0.00 0.00 0.00 10.00 0.00 0.341533
4 40.00 0.00 35.00 0.00 0.00 0.00 5.00 0.00 0.0345029
4 35.00 0.00 30.00 0.00 5.00 0.00 10.00 0.00 0.165937
4 30.00 0.00 25.00 0.00 10.00 0.00 15.00 0.00 2.96874
4 27.50 0.00 25.00 0.00 15.00 0.00 17.50 0.00 3.16201
4 30.00 0.00 27.50 0.00 12.50 0.00 15.00 0.00 0.446511
4 32.50 0.00 30.00 0.00 10.00 0.00 12.50 0.00 0.115234
4 25.00 0.00 22.50 0.00 17.50 0.00 20.00 0.00 26.5818
4 32.50 0.00 30.00 0.00 12.50 0.00 15.00 0.00 0.187555
4 30.00 0.00 27.50 0.00 15.00 0.00 17.50 0.00 0.856356
4 35.00 0.00 32.50 0.00 10.00 0.00 12.50 0.00 0.0567381
4 30.00 0.00 25.00 0.00 15.00 0.00 20.00 0.00 17.0248
4 27.50 0.00 25.00 0.00 17.50 0.00 20.00 0.00 10.4795
4 45.00 0.00 30.00 0.00 0.00 0.00 15.00 0.00 0.999106
4 45.00 0.00 40.00 0.00 0.00 0.00 5.00 0.00 0.0204015
4 40.00 0.00 35.00 0.00 5.00 0.00 10.00 0.00 0.0580882
4 35.00 0.00 30.00 0.00 10.00 0.00 15.00 0.00 0.441342
4 27.50 0.00 25.00 0.00 20.00 0.00 22.50 0.00 23.3928
4 30.00 0.00 27.50 0.00 17.50 0.00 20.00 0.00 2.49246
4 32.50 0.00 30.00 0.00 15.00 0.00 17.50 0.00 0.330775
4 35.00 0.00 32.50 0.00 12.50 0.00 15.00 0.00 0.0811179
4 30.00 0.00 27.50 0.00 20.00 0.00 22.50 0.00 4.4174
4 32.50 0.00 30.00 0.00 17.50 0.00 20.00 0.00 0.866234
4 35.00 0.00 32.50 0.00 15.00 0.00 17.50 0.00 0.128181
4 40.00 0.00 30.00 0.00 10.00 0.00 20.00 0.00 2.43768
4 35.00 0.00 30.00 0.00 15.00 0.00 20.00 0.00 1.61346
4 45.00 0.00 35.00 0.00 5.00 0.00 15.00 0.00 0.254729
4 50.00 0.00 45.00 0.00 0.00 0.00 5.00 0.00 0.011887
4 45.00 0.00 40.00 0.00 5.00 0.00 10.00 0.00 0.030395
4 40.00 0.00 35.00 0.00 10.00 0.00 15.00 0.00 0.115095
4 50.00 0.00 40.00 0.00 0.00 0.00 10.00 0.00 0.0841889
4 37.50 0.00 35.00 0.00 12.50 0.00 15.00 0.00 0.0410912
4 32.50 0.00 30.00 0.00 20.00 0.00 22.50 0.00 1.37648
4 37.50 0.00 35.00 0.00 15.00 0.00 17.50 0.00 0.0574483
4 30.00 0.00 27.50 0.00 22.50 0.00 25.00 0.00 20.4826
4 35.00 0.00 32.50 0.00 17.50 0.00 20.00 0.00 0.286804
4 32.50 0.00 30.00 0.00 22.50 0.00 25.00 0.00 5.06157
4 35.00 0.00 32.50 0.00 20.00 0.00 22.50 0.00 0.403375
4 37.50 0.00 35.00 0.00 17.50 0.00 20.00 0.00 0.117908
4 50.00 0.00 45.00 0.00 5.00 0.00 10.00 0.00 0.0210322
4 40.00 0.00 37.50 0.00 15.00 0.00 17.50 0.00 0.0325091
4 50.00 0.00 35.00 0.00 5.00 0.00 20.00 0.00 0.733716
4 45.00 0.00 40.00 0.00 10.00 0.00 15.00 0.00 0.0516665
4 40.00 0.00 35.00 0.00 15.00 0.00 20.00 0.00 0.269705
4 35.00 0.00 30.00 0.00 20.00 0.00 25.00 0.00 8.07251
4 37.50 0.00 35.00 0.00 20.00 0.00 22.50 0.00 0.147359
4 40.00 0.00 37.50 0.00 17.50 0.00 20.00 0.00 0.0616442
4 32.50 0.00 30.00 0.00 25.00 0.00 27.50 0.00 31.1537
4 35.00 0.00 32.50 0.00 22.50 0.00 25.00 0.00 1.21098
4 35.00 0.00 32.50 0.00 25.00 0.00 27.50 0.00 4.82051
4 40.00 0.00 37.50 0.00 20.00 0.00 22.50 0.00 0.0700952
4 42.50 0.00 40.00 0.00 17.50 0.00 20.00 0.00 0.0390808
4 60.00 0.00 50.00 0.00 0.00 0.00 10.00 0.00 0.0485799
4 40.00 0.00 35.00 0.00 20.00 0.00 25.00 0.00 0.753778
4 55.00 0.00 45.00 0.00 5.00 0.00 15.00 0.00 0.0964267
4 60.00 0.00 45.00 0.00 0.00 0.00 15.00 0.00 0.15216
4 37.50 0.00 35.00 0.00 22.50 0.00 25.00 0.00 0.377048
4 60.00 0.00 40.00 0.00 0.00 0.00 20.00 0.00 0.462951
4 50.00 0.00 40.00 0.00 10.00 0.00 20.00 0.00 0.238845
4 50.00 0.00 45.00 0.00 10.00 0.00 15.00 0.00 0.035671
4 45.00 0.00 35.00 0.00 15.00 0.00 25.00 0.00 1.31061
4 45.00 0.00 40.00 0.00 15.00 0.00 20.00 0.00 0.097858
4 55.00 0.00 50.00 0.00 5.00 0.00 10.00 0.00 0.0168731
4 35.00 0.00 32.50 0.00 27.50 0.00 30.00 0.00 27.4029
4 37.50 0.00 35.00 0.00 25.00 0.00 27.50 0.00 1.19066
4 42.50 0.00 40.00 0.00 20.00 0.00 22.50 0.00 0.0413689
4 40.00 0.00 37.50 0.00 22.50 0.00 25.00 0.00 0.157235
4 37.50 0.00 35.00 0.00 27.50 0.00 30.00 0.00 4.55585
4 40.00 0.00 37.50 0.00 25.00 0.00 27.50 0.00 0.408259
4 42.50 0.00 40.00 0.00 22.50 0.00 25.00 0.00 0.0816731
4 45.00 0.00 42.50 0.00 20.00 0.00 22.50 0.00 0.023389
4 55.00 0.00 40.00 0.00 10.00 0.00 25.00 0.00 0.63345
4 40.00 0.00 35.00 0.00 25.00 0.00 30.00 0.00 7.36608
4 55.00 0.00 50.00 0.00 10.00 0.00 15.00 0.00 0.0218481
4 50.00 0.00 45.00 0.00 15.00 0.00 20.00 0.00 0.0547406
4 45.00 0.00 40.00 0.00 20.00 0.00 25.00 0.00 0.191613
4 42.50 0.00 40.00 0.00 25.00 0.00 27.50 0.00 0.192185
4 40.00 0.00 37.50 0.00 27.50 0.00 30.00 0.00 1.19176
4 45.00 0.00 42.50 0.00 22.50 0.00 25.00 0.00 0.0443398
4 37.50 0.00 35.00 0.00 30.00 0.00 32.50 0.00 23.0234
4 45.00 0.00 42.50 0.00 25.00 0.00 27.50 0.00 0.0933412
4 47.50 0.00 45.00 0.00 22.50 0.00 25.00 0.00 0.0328816
4 45.00 0.00 40.00 0.00 25.00 0.00 30.00 0.00 0.931195
4 55.00 0.00 45.00 0.00 15.00 0.00 25.00 0.00 0.234925
4 65.00 0.00 50.00 0.00 5.00 0.00 20.00 0.00 0.13961
4 60.00 0.00 55.00 0.00 10.00 0.00 15.00 0.00 0.0133758
4 70.00 0.00 60.00 0.00 0.00 0.00 10.00 0.00 0.020186
4 65.00 0.00 45.00 0.00 5.00 0.00 25.00 0.00 0.431196
4 65.00 0.00 55.00 0.00 5.00 0.00 15.00 0.00 0.0350381
4 40.00 0.00 37.50 0.00 30.00 0.00 32.50 0.00 4.16869
4 60.00 0.00 50.00 0.00 10.00 0.00 20.00 0.00 0.0914
4 55.00 0.00 50.00 0.00 15.00 0.00 20.00 0.00 0.0373017
4 50.00 0.00 40.00 0.00 20.00 0.00 30.00 0.00 1.50386
4 42.50 0.00 40.00 0.00 27.50 0.00 30.00 0.00 0.455964
4 50.00 0.00 45.00 0.00 20.00 0.00 25.00 0.00 0.0897138
4 45.00 0.00 42.50 0.00 27.50 0.00 30.00 0.00 0.186234
4 47.50 0.00 45.00 0.00 25.00 0.00 27.50 0.00 0.062923
4 40.00 0.00 37.50 0.00 32.50 0.00 35.00 0.00 20.1983
4 42.50 0.00 40.00 0.00 30.00 0.00 32.50 0.00 1.2863
4 45.00 0.00 42.50 0.00 30.00 0.00 32.50 0.00 0.435509
4 47.50 0.00 45.00 0.00 27.50 0.00 30.00 0.00 0.110579
4 50.00 0.00 47.50 0.00 25.00 0.00 27.50 0.00 0.0466133
4 42.50 0.00 40.00 0.00 32.50 0.00 35.00 0.00 4.4866
4 75.00 0.00 60.00 0.00 0.00 0.00 15.00 0.00 0.0481454
4 75.00 0.00 50.00 0.00 0.00 0.00 25.00 0.00 0.324759
4 50.00 0.00 45.00 0.00 25.00 0.00 30.00 0.00 0.295186
4 60.00 0.00 45.00 0.00 15.00 0.00 30.00 0.00 0.780556
4 60.00 0.00 55.00 0.00 15.00 0.00 20.00 0.00 0.0185531
4 55.00 0.00 50.00 0.00 20.00 0.00 25.00 0.00 0.0531083
4 45.00 0.00 40.00 0.00 30.00 0.00 35.00 0.00 7.42753
4 47.50 0.00 45.00 0.00 30.00 0.00 32.50 0.00 0.223829
4 42.50 0.00 40.00 0.00 35.00 0.00 37.50 0.00 14.6143
4 45.00 0.00 42.50 0.00 32.50 0.00 35.00 0.00 1.21377
4 50.00 0.00 47.50 0.00 27.50 0.00 30.00 0.00 0.0747253
4 52.50 0.00 50.00 0.00 27.50 0.00 30.00 0.00 0.0532685
4 50.00 0.00 47.50 0.00 30.00 0.00 32.50 0.00 0.139008
4 47.50 0.00 45.00 0.00 32.50 0.00 35.00 0.00 0.535264
4 75.00 0.00 65.00 0.00 5.00 0.00 15.00 0.00 0.023091
4 70.00 0.00 50.00 0.00 10.00 0.00 30.00 0.00 0.48428
4 65.00 0.00 55.00 0.00 15.00 0.00 25.00 0.00 0.0649676
4 70.00 0.00 55.00 0.00 10.00 0.00 25.00 0.00 0.115781
4 80.00 0.00 70.00 0.00 0.00 0.00 10.00 0.00 0.0117309
4 60.00 0.00 50.00 0.00 20.00 0.00 30.00 0.00 0.286432
4 70.00 0.00 60.00 0.00 10.00 0.00 20.00 0.00 0.03439
4 45.00 0.00 42.50 0.00 35.00 0.00 37.50 0.00 2.83335
4 50.00 0.00 45.00 0.00 30.00 0.00 35.00 0.00 1.20208
4 65.00 0.00 60.00 0.00 15.00 0.00 20.00 0.00 0.00971974
4 60.00 0.00 55.00 0.00 20.00 0.00 25.00 0.00 0.0247265
4 55.00 0.00 45.00 0.00 25.00 0.00 35.00 0.00 2.07653
4 55.00 0.00 50.00 0.00 25.00 0.00 30.00 0.00 0.147418
4 80.00 0.00 60.00 0.00 0.00 0.00 20.00 0.00 0.0845542
4 50.00 0.00 47.50 0.00 32.50 0.00 35.00 0.00 0.302746
4 45.00 0.00 42.50 0.00 37.50 0.00 40.00 0.00 8.3111
4 47.50 0.00 45.00 0.00 35.00 0.00 37.50 0.00 1.05539
4 52.50 0.00 50.00 0.00 30.00 0.00 32.50 0.00 0.0919524
4 52.50 0.00 50.00 0.00 32.50 0.00 35.00 0.00 0.185551
4 55.00 0.00 52.50 0.00 30.00 0.00 32.50 0.00 0.054543
4 65.00 0.00 60.00 0.00 20.00 0.00 25.00 0.00 0.0124233
4 80.00 0.00 55.00 0.00 5.00 0.00 30.00 0.00 0.304004
4 60.00 0.00 55.00 0.00 25.00 0.00 30.00 0.00 0.0611277
4 47.50 0.00 45.00 0.00 37.50 0.00 40.00 0.00 2.12011
4 50.00 0.00 47.50 0.00 35.00 0.00 37.50 0.00 0.545816
4 80.00 0.00 65.00 0.00 5.00 0.00 20.00 0.00 0.0482902
4 50.00 0.00 45.00 0.00 35.00 0.00 40.00 0.00 4.70261
4 55.00 0.00 50.00 0.00 30.00 0.00 35.00 0.00 0.433861
4 65.00 0.00 50.00 0.00 20.00 0.00 35.00 0.00 0.949712
4 50.00 0.00 47.50 0.00 37.50 0.00 40.00 0.00 0.978656
4 52.50 0.00 50.00 0.00 35.00 0.00 37.50 0.00 0.310058
4 55.00 0.00 52.50 0.00 32.50 0.00 35.00 0.00 0.101889
4 47.50 0.00 45.00 0.00 40.00 0.00 42.50 0.00 6.24988
4 52.50 0.00 50.00 0.00 37.50 0.00 40.00 0.00 0.515
4 55.00 0.00 52.50 0.00 35.00 0.00 37.50 0.00 0.159667
4 57.50 0.00 55.00 0.00 32.50 0.00 35.00 0.00 0.0667626
4 50.00 0.00 47.50 0.00 40.00 0.00 42.50 0.00 2.12911
4 75.00 0.00 60.00 0.00 15.00 0.00 30.00 0.00 0.122533
4 85.00 0.00 75.00 0.00 5.00 0.00 15.00 0.00 0.0100228
4 70.00 0.00 60.00 0.00 20.00 0.00 30.00 0.00 0.0729764
4 90.00 0.00 80.00 0.00 0.00 0.00 10.00 0.00 0.0081571
4 90.00 0.00 75.00 0.00 0.00 0.00 15.00 0.00 0.0207311
4 85.00 0.00 65.00 0.00 5.00 0.00 25.00 0.00 0.0852051
4 60.00 0.00 55.00 0.00 30.00 0.00 35.00 0.00 0.146017
4 65.00 0.00 60.00 0.00 25.00 0.00 30.00 0.00 0.0253425
4 80.00 0.00 70.00 0.00 10.00 0.00 20.00 0.00 0.0185355
4 75.00 0.00 55.00 0.00 15.00 0.00 35.00 0.00 0.47682
4 70.00 0.00 65.00 0.00 20.00 0.00 25.00 0.00 0.0123441
4 65.00 0.00 55.00 0.00 25.00 0.00 35.00 0.00 0.27881
4 60.00 0.00 50.00 0.00 30.00 0.00 40.00 0.00 2.15193
4 55.00 0.00 50.00 0.00 35.00 0.00 40.00 0.00 1.2338
4 75.00 0.00 65.00 0.00 15.00 0.00 25.00 0.00 0.0368826
4 55.00 0.00 52.50 0.00 37.50 0.00 40.00 0.00 0.248298
4 50.00 0.00 47.50 0.00 42.50 0.00 45.00 0.00 5.96749
4 57.50 0.00 55.00 0.00 35.00 0.00 37.50 0.00 0.0994225
4 52.50 0.00 50.00 0.00 40.00 0.00 42.50 0.00 0.962605
4 52.50 0.00 50.00 0.00 42.50 0.00 45.00 0.00 1.93178
4 55.00 0.00 52.50 0.00 40.00 0.00 42.50 0.00 0.434715
4 57.50 0.00 55.00 0.00 37.50 0.00 40.00 0.00 0.147947
4 60.00 0.00 57.50 0.00 35.00 0.00 37.50 0.00 0.0379407
4 65.00 0.00 60.00 0.00 30.00 0.00 35.00 0.00 0.0469737
4 85.00 0.00 70.00 0.00 10.00 0.00 25.00 0.00 0.0409353
4 55.00 0.00 50.00 0.00 40.00 0.00 45.00 0.00 4.10379
4 70.00 0.00 55.00 0.00 25.00 0.00 40.00 0.00 0.815257
4 70.00 0.00 65.00 0.00 25.00 0.00 30.00 0.00 0.0230037
4 60.00 0.00 55.00 0.00 35.00 0.00 40.00 0.00 0.340484
4 85.00 0.00 60.00 0.00 10.00 0.00 35.00 0.00 0.297916
4 55.00 0.00 52.50 0.00 42.50 0.00 45.00 0.00 0.768506
4 57.50 0.00 55.00 0.00 40.00 0.00 42.50 0.00 0.241811
4 60.00 0.00 57.50 0.00 37.50 0.00 40.00 0.00 0.0539686
4 52.50 0.00 50.00 0.00 45.00 0.00 47.50 0.00 6.57529
4 55.00 0.00 52.50 0.00 45.00 0.00 47.50 0.00 1.91801
4 62.50 0.00 60.00 0.00 37.50 0.00 40.00 0.00 0.0264683
4 75.00 0.00 65.00 0.00 25.00 0.00 35.00 0.00 0.0953807
4 85.00 0.00 75.00 0.00 15.00 0.00 25.00 0.00 0.0145505
4 95.00 0.00 80.00 0.00 5.00 0.00 20.00 0.00 0.0226263
4 100.00 0.00 75.00 0.00 0.00 0.00 25.00 0.00 0.0613994
4 90.00 0.00 80.00 0.00 10.00 0.00 20.00 0.00 0.0119095
4 95.00 0.00 85.00 0.00 5.00 0.00 15.00 0.00 0.00835227
4 100.00 0.00 90.00 0.00 0.00 0.00 10.00 0.00 0.00568943
4 80.00 0.00 60.00 0.00 20.00 0.00 40.00 0.00 0.397858
4 65.00 0.00 60.00 0.00 35.00 0.00 40.00 0.00 0.0849892
4 60.00 0.00 57.50 0.00 40.00 0.00 42.50 0.00 0.0849643
4 80.00 0.00 65.00 0.00 20.00 0.00 35.00 0.00 0.135194
4 75.00 0.00 70.00 0.00 25.00 0.00 30.00 0.00 0.0147837
4 70.00 0.00 60.00 0.00 30.00 0.00 40.00 0.00 0.22159
4 70.00 0.00 65.00 0.00 30.00 0.00 35.00 0.00 0.0353574
4 80.00 0.00 70.00 0.00 20.00 0.00 30.00 0.00 0.0337187
4 60.00 0.00 55.00 0.00 40.00 0.00 45.00 0.00 0.855908
4 57.50 0.00 55.00 0.00 42.50 0.00 45.00 0.00 0.396162
4 90.00 0.00 70.00 0.00 10.00 0.00 30.00 0.00 0.0848821
4 65.00 0.00 55.00 0.00 35.00 0.00 45.00 0.00 1.45464
4 100.00 0.00 80.00 0.00 0.00 0.00 20.00 0.00 0.035317
4 55.00 0.00 52.50 0.00 47.50 0.00 50.00 0.00 6.77842
4 60.00 0.00 57.50 0.00 42.50 0.00 45.00 0.00 0.132578
4 62.50 0.00 60.00 0.00 40.00 0.00 42.50 0.00 0.0405782
4 57.50 0.00 55.00 0.00 45.00 0.00 47.50 0.00 0.85497
4 60.00 0.00 57.50 0.00 45.00 0.00 47.50 0.00 0.26423
4 62.50 0.00 60.00 0.00 42.50 0.00 45.00 0.00 0.0576607
4 90.00 0.00 65.00 0.00 15.00 0.00 40.00 0.00 0.308827
4 90.00 0.00 75.00 0.00 15.00 0.00 30.00 0.00 0.0410572
4 65.00 0.00 60.00 0.00 40.00 0.00 45.00 0.00 0.17481
4 75.00 0.00 60.00 0.00 30.00 0.00 45.00 0.00 0.579842
4 60.00 0.00 55.00 0.00 45.00 0.00 50.00 0.00 3.88854
4 105.00 0.00 90.00 0.00 0.00 0.00 15.00 0.00 0.0156092
4 75.00 0.00 70.00 0.00 30.00 0.00 35.00 0.00 0.0217678
4 65.00 0.00 62.50 0.00 40.00 0.00 42.50 0.00 0.0320806
4 70.00 0.00 65.00 0.00 35.00 0.00 40.00 0.00 0.0535479
4 57.50 0.00 55.00 0.00 47.50 0.00 50.00 0.00 2.16116
4 57.50 0.00 55.00 0.00 50.00 0.00 52.50 0.00 7.07554
4 62.50 0.00 60.00 0.00 45.00 0.00 47.50 0.00 0.107988
4 65.00 0.00 62.50 0.00 42.50 0.00 45.00 0.00 0.0440452
4 60.00 0.00 57.50 0.00 47.50 0.00 50.00 0.00 0.592332
4 62.50 0.00 60.00 0.00 47.50 0.00 50.00 0.00 0.220686
4 65.00 0.00 62.50 0.00 45.00 0.00 47.50 0.00 0.0769702
4 75.00 0.00 65.00 0.00 35.00 0.00 45.00 0.00 0.216494
4 100.00 0.00 85.00 0.00 10.00 0.00 25.00 0.00 0.0232808
4 90.00 0.00 80.00 0.00 20.00 0.00 30.00 0.00 0.0202621
4 105.00 0.00 95.00 0.00 5.00 0.00 15.00 0.00 0.00743182
4 85.00 0.00 70.00 0.00 25.00 0.00 40.00 0.00 0.116474
4 105.00 0.00 85.00 0.00 5.00 0.00 25.00 0.00 0.0377655
4 105.00 0.00 80.00 0.00 5.00 0.00 30.00 0.00 0.075941
4 95.00 0.00 85.00 0.00 15.00 0.00 25.00 0.00 0.0119006
4 100.00 0.00 90.00 0.00 10.00 0.00 20.00 0.00 0.00831616
4 95.00 0.00 75.00 0.00 15.00 0.00 35.00 0.00 0.0807526
4 60.00 0.00 57.50 0.00 50.00 0.00 52.50 0.00 1.48918
4 85.00 0.00 65.00 0.00 25.00 0.00 45.00 0.00 0.38668
4 85.00 0.00 75.00 0.00 25.00 0.00 35.00 0.00 0.0309394
4 80.00 0.00 70.00 0.00 30.00 0.00 40.00 0.00 0.0704365
4 75.00 0.00 70.00 0.00 35.00 0.00 40.00 0.00 0.0289518
4 70.00 0.00 65.00 0.00 40.00 0.00 45.00 0.00 0.0907512
4 65.00 0.00 60.00 0.00 45.00 0.00 50.00 0.00 0.553145
4 70.00 0.00 60.00 0.00 40.00 0.00 50.00 0.00 1.04223
4 80.00 0.00 75.00 0.00 30.00 0.00 35.00 0.00 0.00896713
4 67.50 0.00 65.00 0.00 42.50 0.00 45.00 0.00 0.0268384
4 62.50 0.00 60.00 0.00 50.00 0.00 52.50 0.00 0.487658
4 65.00 0.00 62.50 0.00 47.50 0.00 50.00 0.00 0.146808
4 60.00 0.00 57.50 0.00 52.50 0.00 55.00 0.00 3.98849
4 67.50 0.00 65.00 0.00 45.00 0.00 47.50 0.00 0.0439592
4 62.50 0.00 60.00 0.00 52.50 0.00 55.00 0.00 0.923953
4 67.50 0.00 65.00 0.00 47.50 0.00 50.00 0.00 0.0795131
4 80.00 0.00 65.00 0.00 35.00 0.00 50.00 0.00 0.579576
4 110.00 0.00 95.00 0.00 5.00 0.00 20.00 0.00 0.0170885
4 95.00 0.00 80.00 0.00 20.00 0.00 35.00 0.00 0.0485242
4 65.00 0.00 62.50 0.00 50.00 0.00 52.50 0.00 0.294554
4 95.00 0.00 70.00 0.00 20.00 0.00 45.00 0.00 0.258353
4 70.00 0.00 67.50 0.00 45.00 0.00 47.50 0.00 0.0378323
4 80.00 0.00 75.00 0.00 35.00 0.00 40.00 0.00 0.0100777
4 65.00 0.00 60.00 0.00 50.00 0.00 55.00 0.00 2.20137
4 70.00 0.00 65.00 0.00 45.00 0.00 50.00 0.00 0.224346
4 75.00 0.00 70.00 0.00 40.00 0.00 45.00 0.00 0.043359
4 62.50 0.00 60.00 0.00 55.00 0.00 57.50 0.00 2.98633
4 67.50 0.00 65.00 0.00 50.00 0.00 52.50 0.00 0.148052
4 70.00 0.00 67.50 0.00 47.50 0.00 50.00 0.00 0.0634521
4 65.00 0.00 62.50 0.00 52.50 0.00 55.00 0.00 0.487761
4 67.50 0.00 65.00 0.00 52.50 0.00 55.00 0.00 0.220141
4 90.00 0.00 75.00 0.00 30.00 0.00 45.00 0.00 0.0855914
4 95.00 0.00 85.00 0.00 25.00 0.00 35.00 0.00 0.0230011
4 100.00 0.00 80.00 0.00 20.00 0.00 40.00 0.00 0.0860531
4 105.00 0.00 95.00 0.00 15.00 0.00 25.00 0.00 0.00992097
4 75.00 0.00 65.00 0.00 45.00 0.00 55.00 0.00 1.17603
4 110.00 0.00 100.00 0.00 10.00 0.00 20.00 0.00 0.0081549
4 110.00 0.00 90.00 0.00 10.00 0.00 30.00 0.00 0.0419734
4 120.00 0.00 105.00 0.00 0.00 0.00 15.00 0.00 0.0116532
4 90.00 0.00 80.00 0.00 30.00 0.00 40.00 0.00 0.0325778
4 75.00 0.00 70.00 0.00 45.00 0.00 50.00 0.00 0.0912162
4 65.00 0.00 62.50 0.00 55.00 0.00 57.50 0.00 1.05875
4 105.00 0.00 90.00 0.00 15.00 0.00 30.00 0.00 0.0279009
4 110.00 0.00 85.00 0.00 10.00 0.00 35.00 0.00 0.0851979
4 90.00 0.00 70.00 0.00 30.00 0.00 50.00 0.00 0.324344
4 85.00 0.00 75.00 0.00 35.00 0.00 45.00 0.00 0.0448798
4 85.00 0.00 80.00 0.00 35.00 0.00 40.00 0.00 0.00949527
4 120.00 0.00 100.00 0.00 0.00 0.00 20.00 0.00 0.0251885
4 80.00 0.00 70.00 0.00 40.00 0.00 50.00 0.00 0.171332
4 72.50 0.00 70.00 0.00 47.50 0.00 50.00 0.00 0.038502
4 70.00 0.00 65.00 0.00 50.00 0.00 55.00 0.00 0.640112
4 80.00 0.00 75.00 0.00 40.00 0.00 45.00 0.00 0.0137675
4 70.00 0.00 67.50 0.00 50.00 0.00 52.50 0.00 0.113109
4 100.00 0.00 90.00 0.00 20.00 0.00 30.00 0.00 0.0134404
4 72.50 0.00 70.00 0.00 50.00 0.00 52.50 0.00 0.0651094
4 70.00 0.00 67.50 0.00 52.50 0.00 55.00 0.00 0.15836
4 65.00 0.00 62.50 0.00 57.50 0.00 60.00 0.00 2.52902
4 67.50 0.00 65.00 0.00 55.00 0.00 57.50 0.00 0.398415
4 70.00 0.00 67.50 0.00 55.00 0.00 57.50 0.00 0.262525
4 72.50 0.00 70.00 0.00 52.50 0.00 55.00 0.00 0.0879092
4 85.00 0.00 70.00 0.00 40.00 0.00 55.00 0.00 0.498756
4 100.00 0.00 75.00 0.00 25.00 0.00 50.00 0.00 0.212856
4 125.00 0.00 100.00 0.00 0.00 0.00 25.00 0.00 0.0418951
4 115.00 0.00 100.00 0.00 10.00 0.00 25.00 0.00 0.0188495
4 100.00 0.00 85.00 0.00 25.00 0.00 40.00 0.00 0.0488941
4 80.00 0.00 75.00 0.00 45.00 0.00 50.00 0.00 0.0236606
4 70.00 0.00 65.00 0.00 55.00 0.00 60.00 0.00 1.49416
4 75.00 0.00 72.50 0.00 50.00 0.00 52.50 0.00 0.0289372
4 85.00 0.00 80.00 0.00 40.00 0.00 45.00 0.00 0.0111175
4 67.50 0.00 65.00 0.00 57.50 0.00 60.00 0.00 0.540098
4 75.00 0.00 70.00 0.00 50.00 0.00 55.00 0.00 0.219521
4 72.50 0.00 70.00 0.00 55.00 0.00 57.50 0.00 0.138226
4 75.00 0.00 72.50 0.00 52.50 0.00 55.00 0.00 0.0380313
4 70.00 0.00 67.50 0.00 57.50 0.00 60.00 0.00 0.298032
4 67.50 0.00 65.00 0.00 60.00 0.00 62.50 0.00 2.44185
4 72.50 0.00 70.00 0.00 57.50 0.00 60.00 0.00 0.145696
4 90.00 0.00 85.00 0.00 40.00 0.00 45.00 0.00 0.00885734
4 90.00 0.00 80.00 0.00 40.00 0.00 50.00 0.00 0.0502383
4 75.00 0.00 70.00 0.00 55.00 0.00 60.00 0.00 0.398837
4 95.00 0.00 85.00 0.00 35.00 0.00 45.00 0.00 0.0283913
4 105.00 0.00 85.00 0.00 25.00 0.00 45.00 0.00 0.0904406
4 115.00 0.00 105.00 0.00 15.00 0.00 25.00 0.00 0.00748764
4 115.00 0.00 90.00 0.00 15.00 0.00 40.00 0.00 0.0878236
4 85.00 0.00 75.00 0.00 45.00 0.00 55.00 0.00 0.12012
4 75.00 0.00 72.50 0.00 55.00 0.00 57.50 0.00 0.056675
4 100.00 0.00 90.00 0.00 30.00 0.00 40.00 0.00 0.0205109
4 115.00 0.00 95.00 0.00 15.00 0.00 35.00 0.00 0.0498285
4 110.00 0.00 95.00 0.00 20.00 0.00 35.00 0.00 0.0333811
4 105.00 0.00 95.00 0.00 25.00 0.00 35.00 0.00 0.018351
4 85.00 0.00 80.00 0.00 45.00 0.00 50.00 0.00 0.0171502
4 95.00 0.00 75.00 0.00 35.00 0.00 55.00 0.00 0.247268
4 80.00 0.00 75.00 0.00 50.00 0.00 55.00 0.00 0.0480898
4 110.00 0.00 100.00 0.00 20.00 0.00 30.00 0.00 0.0130676
4 77.50 0.00 75.00 0.00 52.50 0.00 55.00 0.00 0.0150774
4 125.00 0.00 105.00 0.00 5.00 0.00 25.00 0.00 0.0273437
4 125.00 0.00 110.00 0.00 5.00 0.00 20.00 0.00 0.0135795
4 95.00 0.00 80.00 0.00 35.00 0.00 50.00 0.00 0.0873639
4 80.00 0.00 70.00 0.00 50.00 0.00 60.00 0.00 0.737805
4 70.00 0.00 67.50 0.00 60.00 0.00 62.50 0.00 0.740633
4 75.00 0.00 72.50 0.00 57.50 0.00 60.00 0.00 0.0567421
4 77.50 0.00 75.00 0.00 55.00 0.00 57.50 0.00 0.0215009
4 72.50 0.00 70.00 0.00 60.00 0.00 62.50 0.00 0.30374
4 70.00 0.00 67.50 0.00 62.50 0.00 65.00 0.00 3.12786
4 90.00 0.00 75.00 0.00 45.00 0.00 60.00 0.00 0.288763
4 90.00 0.00 85.00 0.00 45.00 0.00 50.00 0.00 0.0126814
4 120.00 0.00 105.00 0.00 15.00 0.00 30.00 0.00 0.0199135
4 77.50 0.00 75.00 0.00 57.50 0.00 60.00 0.00 0.02025
4 75.00 0.00 70.00 0.00 60.00 0.00 65.00 0.00 1.54234
4 130.00 0.00 105.00 0.00 5.00 0.00 30.00 0.00 0.0461946
4 105.00 0.00 90.00 0.00 30.00 0.00 45.00 0.00 0.0481957
4 135.00 0.00 120.00 0.00 0.00 0.00 15.00 0.00 0.00983607
4 85.00 0.00 80.00 0.00 50.00 0.00 55.00 0.00 0.0309811
4 105.00 0.00 80.00 0.00 30.00 0.00 55.00 0.00 0.236423
4 80.00 0.00 75.00 0.00 55.00 0.00 60.00 0.00 0.0712365
4 75.00 0.00 72.50 0.00 60.00 0.00 62.50 0.00 0.109324
4 72.50 0.00 70.00 0.00 62.50 0.00 65.00 0.00 0.856188
4 80.00 0.00 77.50 0.00 55.00 0.00 57.50 0.00 0.0153575
4 75.00 0.00 72.50 0.00 62.50 0.00 65.00 0.00 0.267284
4 80.00 0.00 77.50 0.00 57.50 0.00 60.00 0.00 0.0139913
4 72.50 0.00 70.00 0.00 65.00 0.00 67.50 0.00 3.3645
4 77.50 0.00 75.00 0.00 60.00 0.00 62.50 0.00 0.0364694
4 90.00 0.00 85.00 0.00 50.00 0.00 55.00 0.00 0.0205226
4 100.00 0.00 80.00 0.00 40.00 0.00 60.00 0.00 0.235257
4 105.00 0.00 95.00 0.00 35.00 0.00 45.00 0.00 0.0210853
4 110.00 0.00 90.00 0.00 30.00 0.00 50.00 0.00 0.0871607
4 95.00 0.00 85.00 0.00 45.00 0.00 55.00 0.00 0.0541894
4 100.00 0.00 85.00 0.00 40.00 0.00 55.00 0.00 0.0886525
4 100.00 0.00 90.00 0.00 40.00 0.00 50.00 0.00 0.0256889
4 75.00 0.00 72.50 0.00 65.00 0.00 67.50 0.00 0.712626
4 115.00 0.00 105.00 0.00 25.00 0.00 35.00 0.00 0.0132337
4 130.00 0.00 115.00 0.00 10.00 0.00 25.00 0.00 0.0149672
4 120.00 0.00 95.00 0.00 20.00 0.00 45.00 0.00 0.0908046
4 90.00 0.00 80.00 0.00 50.00 0.00 60.00 0.00 0.116046
4 140.00 0.00 120.00 0.00 0.00 0.00 20.00 0.00 0.019491
4 82.50 0.00 80.00 0.00 57.50 0.00 60.00 0.00 0.010352
4 115.00 0.00 100.00 0.00 25.00 0.00 40.00 0.00 0.0352695
4 120.00 0.00 100.00 0.00 20.00 0.00 40.00 0.00 0.0532368
4 85.00 0.00 75.00 0.00 55.00 0.00 65.00 0.00 0.38228
4 85.00 0.00 80.00 0.00 55.00 0.00 60.00 0.00 0.0405807
4 120.00 0.00 110.00 0.00 20.00 0.00 30.00 0.00 0.00956008
4 110.00 0.00 100.00 0.00 30.00 0.00 40.00 0.00 0.0186968
4 95.00 0.00 90.00 0.00 45.00 0.00 50.00 0.00 0.00800418
4 130.00 0.00 110.00 0.00 10.00 0.00 30.00 0.00 0.0307651
4 80.00 0.00 75.00 0.00 60.00 0.00 65.00 0.00 0.18562
4 80.00 0.00 77.50 0.00 60.00 0.00 62.50 0.00 0.0234352
4 77.50 0.00 75.00 0.00 62.50 0.00 65.00 0.00 0.078705
4 75.00 0.00 72.50 0.00 67.50 0.00 70.00 0.00 3.05955
4 80.00 0.00 77.50 0.00 62.50 0.00 65.00 0.00 0.0476885
4 82.50 0.00 80.00 0.00 60.00 0.00 62.50 0.00 0.0169876
4 77.50 0.00 75.00 0.00 65.00 0.00 67.50 0.00 0.169277
4 95.00 0.00 80.00 0.00 50.00 0.00 65.00 0.00 0.289957
4 95.00 0.00 90.00 0.00 50.00 0.00 55.00 0.00 0.0129027
4 125.00 0.00 110.00 0.00 20.00 0.00 35.00 0.00 0.0256309
4 110.00 0.00 95.00 0.00 35.00 0.00 50.00 0.00 0.0487422
4 90.00 0.00 85.00 0.00 55.00 0.00 60.00 0.00 0.0239131
4 140.00 0.00 125.00 0.00 5.00 0.00 20.00 0.00 0.0098498
4 135.00 0.00 110.00 0.00 10.00 0.00 35.00 0.00 0.0498247
4 85.00 0.00 80.00 0.00 60.00 0.00 65.00 0.00 0.0846646
4 80.00 0.00 75.00 0.00 65.00 0.00 70.00 0.00 0.916803
4 85.00 0.00 82.50 0.00 60.00 0.00 62.50 0.00 0.011928
4 80.00 0.00 77.50 0.00 65.00 0.00 67.50 0.00 0.0952069
4 110.00 0.00 85.00 0.00 35.00 0.00 60.00 0.00 0.22069
4 82.50 0.00 80.00 0.00 62.50 0.00 65.00 0.00 0.0326637
4 77.50 0.00 75.00 0.00 67.50 0.00 70.00 0.00 0.438922
4 77.50 0.00 75.00 0.00 70.00 0.00 72.50 0.00 1.29614
4 80.00 0.00 77.50 0.00 67.50 0.00 70.00 0.00 0.217512
4 85.00 0.00 82.50 0.00 62.50 0.00 65.00 0.00 0.0231045
4 82.50 0.00 80.00 0.00 65.00 0.00 67.50 0.00 0.061515
4 95.00 0.00 90.00 0.00 55.00 0.00 60.00 0.00 0.0133652
4 110.00 0.00 100.00 0.00 40.00 0.00 50.00 0.00 0.0234005
4 105.00 0.00 95.00 0.00 45.00 0.00 55.00 0.00 0.0337442
4 100.00 0.00 90.00 0.00 50.00 0.00 60.00 0.00 0.0433429
4 120.00 0.00 110.00 0.00 30.00 0.00 40.00 0.00 0.0119158
4 145.00 0.00 125.00 0.00 5.00 0.00 25.00 0.00 0.017317
4 115.00 0.00 95.00 0.00 35.00 0.00 55.00 0.00 0.0908032
4 100.00 0.00 95.00 0.00 50.00 0.00 55.00 0.00 0.00808139
4 90.00 0.00 85.00 0.00 60.00 0.00 65.00 0.00 0.0425369
4 150.00 0.00 125.00 0.00 0.00 0.00 25.00 0.00 0.0242196
4 150.00 0.00 135.00 0.00 0.00 0.00 15.00 0.00 0.00737502
4 105.00 0.00 85.00 0.00 45.00 0.00 65.00 0.00 0.234418
4 85.00 0.00 80.00 0.00 65.00 0.00 70.00 0.00 0.314272
4 115.00 0.00 105.00 0.00 35.00 0.00 45.00 0.00 0.0145541
4 135.00 0.00 115.00 0.00 15.00 0.00 35.00 0.00 0.0334262
4 125.00 0.00 100.00 0.00 25.00 0.00 50.00 0.00 0.101821
4 135.00 0.00 120.00 0.00 15.00 0.00 30.00 0.00 0.0157583
4 120.00 0.00 105.00 0.00 30.00 0.00 45.00 0.00 0.0308284
4 105.00 0.00 90.00 0.00 45.00 0.00 60.00 0.00 0.0877253
4 125.00 0.00 115.00 0.00 25.00 0.00 35.00 0.00 0.0130592
4 82.50 0.00 80.00 0.00 67.50 0.00 70.00 0.00 0.131009
4 125.00 0.00 105.00 0.00 25.00 0.00 45.00 0.00 0.0553614
4 87.50 0.00 85.00 0.00 62.50 0.00 65.00 0.00 0.0164441
4 85.00 0.00 82.50 0.00 65.00 0.00 67.50 0.00 0.0399688
4 95.00 0.00 85.00 0.00 55.00 0.00 65.00 0.00 0.100709
4 80.00 0.00 77.50 0.00 70.00 0.00 72.50 0.00 0.385642
4 90.00 0.00 80.00 0.00 60.00 0.00 70.00 0.00 0.573598
4 82.50 0.00 80.00 0.00 70.00 0.00 72.50 0.00 0.204788
4 87.50 0.00 85.00 0.00 65.00 0.00 67.50 0.00 0.0279094
4 85.00 0.00 82.50 0.00 67.50 0.00 70.00 0.00 0.0814216
4 80.00 0.00 77.50 0.00 72.50 0.00 75.00 0.00 0.992063
4 90.00 0.00 85.00 0.00 65.00 0.00 70.00 0.00 0.132069
4 100.00 0.00 95.00 0.00 55.00 0.00 60.00 0.00 0.00900848
4 95.00 0.00 90.00 0.00 60.00 0.00 65.00 0.00 0.0208778
4 115.00 0.00 100.00 0.00 40.00 0.00 55.00 0.00 0.0545735
4 145.00 0.00 130.00 0.00 10.00 0.00 25.00 0.00 0.0101968
4 140.00 0.00 115.00 0.00 15.00 0.00 40.00 0.00 0.0565471
4 100.00 0.00 85.00 0.00 55.00 0.00 70.00 0.00 0.348725
4 82.50 0.00 80.00 0.00 72.50 0.00 75.00 0.00 0.339242
4 85.00 0.00 80.00 0.00 70.00 0.00 75.00 0.00 0.826042
4 90.00 0.00 87.50 0.00 65.00 0.00 67.50 0.00 0.0171834
4 130.00 0.00 115.00 0.00 25.00 0.00 40.00 0.00 0.0259382
4 115.00 0.00 90.00 0.00 40.00 0.00 65.00 0.00 0.20428
4 87.50 0.00 85.00 0.00 67.50 0.00 70.00 0.00 0.0543245
4 85.00 0.00 82.50 0.00 70.00 0.00 72.50 0.00 0.120648
4 90.00 0.00 87.50 0.00 67.50 0.00 70.00 0.00 0.0326648
4 87.50 0.00 85.00 0.00 70.00 0.00 72.50 0.00 0.0755089
4 85.00 0.00 82.50 0.00 72.50 0.00 75.00 0.00 0.164738
4 82.50 0.00 80.00 0.00 75.00 0.00 77.50 0.00 0.834579
4 87.50 0.00 85.00 0.00 72.50 0.00 75.00 0.00 0.0968621
4 90.00 0.00 85.00 0.00 70.00 0.00 75.00 0.00 0.268663
4 120.00 0.00 110.00 0.00 40.00 0.00 50.00 0.00 0.0143659
4 105.00 0.00 100.00 0.00 55.00 0.00 60.00 0.00 0.00990097
4 95.00 0.00 85.00 0.00 65.00 0.00 75.00 0.00 0.555199
4 90.00 0.00 87.50 0.00 70.00 0.00 72.50 0.00 0.0435341
4 110.00 0.00 90.00 0.00 50.00 0.00 70.00 0.00 0.267054
4 105.00 0.00 95.00 0.00 55.00 0.00 65.00 0.00 0.0453753
4 115.00 0.00 105.00 0.00 45.00 0.00 55.00 0.00 0.0216351
4 95.00 0.00 90.00 0.00 65.00 0.00 70.00 0.00 0.0559886
4 110.00 0.00 95.00 0.00 50.00 0.00 65.00 0.00 0.0856581
4 120.00 0.00 100.00 0.00 40.00 0.00 60.00 0.00 0.0923906
4 100.00 0.00 90.00 0.00 60.00 0.00 70.00 0.00 0.127113
4 140.00 0.00 120.00 0.00 20.00 0.00 40.00 0.00 0.0366726
4 130.00 0.00 110.00 0.00 30.00 0.00 50.00 0.00 0.0518307
4 110.00 0.00 100.00 0.00 50.00 0.00 60.00 0.00 0.0352065
4 125.00 0.00 110.00 0.00 35.00 0.00 50.00 0.00 0.0323687
4 125.00 0.00 115.00 0.00 35.00 0.00 45.00 0.00 0.0137258
4 140.00 0.00 125.00 0.00 20.00 0.00 35.00 0.00 0.0163145
4 100.00 0.00 95.00 0.00 60.00 0.00 65.00 0.00 0.0162129
4 130.00 0.00 120.00 0.00 30.00 0.00 40.00 0.00 0.0127758
4 150.00 0.00 130.00 0.00 10.00 0.00 30.00 0.00 0.020076
4 130.00 0.00 105.00 0.00 30.00 0.00 55.00 0.00 0.0968034
4 92.50 0.00 90.00 0.00 67.50 0.00 70.00 0.00 0.0192715
4 85.00 0.00 82.50 0.00 75.00 0.00 77.50 0.00 0.247767
4 155.00 0.00 130.00 0.00 5.00 0.00 30.00 0.00 0.0272083
4 160.00 0.00 140.00 0.00 0.00 0.00 20.00 0.00 0.0129281
4 155.00 0.00 140.00 0.00 5.00 0.00 20.00 0.00 0.0070114
4 92.50 0.00 90.00 0.00 70.00 0.00 72.50 0.00 0.0251278
4 90.00 0.00 87.50 0.00 72.50 0.00 75.00 0.00 0.0521003
4 87.50 0.00 85.00 0.00 75.00 0.00 77.50 0.00 0.129056
4 85.00 0.00 82.50 0.00 77.50 0.00 80.00 0.00 0.768851
4 95.00 0.00 90.00 0.00 70.00 0.00 75.00 0.00 0.0984818
4 120.00 0.00 105.00 0.00 45.00 0.00 60.00 0.00 0.0463187
4 105.00 0.00 90.00 0.00 60.00 0.00 75.00 0.00 0.361491
4 87.50 0.00 85.00 0.00 77.50 0.00 80.00 0.00 0.265575
4 90.00 0.00 87.50 0.00 75.00 0.00 77.50 0.00 0.0636406
4 145.00 0.00 120.00 0.00 20.00 0.00 45.00 0.00 0.0540645
4 135.00 0.00 120.00 0.00 30.00 0.00 45.00 0.00 0.0238099
4 120.00 0.00 95.00 0.00 45.00 0.00 70.00 0.00 0.236781
4 105.00 0.00 100.00 0.00 60.00 0.00 65.00 0.00 0.00937124
4 150.00 0.00 135.00 0.00 15.00 0.00 30.00 0.00 0.0117851
4 95.00 0.00 92.50 0.00 70.00 0.00 72.50 0.00 0.0213363
4 100.00 0.00 95.00 0.00 65.00 0.00 70.00 0.00 0.0339756
4 90.00 0.00 85.00 0.00 75.00 0.00 80.00 0.00 0.573116
4 92.50 0.00 90.00 0.00 72.50 0.00 75.00 0.00 0.0283498
4 90.00 0.00 87.50 0.00 77.50 0.00 80.00 0.00 0.111835
4 95.00 0.00 92.50 0.00 72.50 0.00 75.00 0.00 0.0236142
4 92.50 0.00 90.00 0.00 75.00 0.00 77.50 0.00 0.0325396
4 87.50 0.00 85.00 0.00 80.00 0.00 82.50 0.00 0.807541
4 135.00 0.00 125.00 0.00 35.00 0.00 45.00 0.00 0.00818774
4 105.00 0.00 100.00 0.00 65.00 0.00 70.00 0.00 0.0288047
4 125.00 0.00 105.00 0.00 45.00 0.00 65.00 0.00 0.0836962
4 115.00 0.00 105.00 0.00 55.00 0.00 65.00 0.00 0.022807
4 115.00 0.00 95.00 0.00 55.00 0.00 75.00 0.00 0.285693
4 120.00 0.00 110.00 0.00 50.00 0.00 60.00 0.00 0.020198
4 100.00 0.00 95.00 0.00 70.00 0.00 75.00 0.00 0.0548513
4 110.00 0.00 105.00 0.00 60.00 0.00 65.00 0.00 0.00750554
4 105.00 0.00 95.00 0.00 65.00 0.00 75.00 0.00 0.160338
4 130.00 0.00 115.00 0.00 40.00 0.00 55.00 0.00 0.0340666
4 115.00 0.00 100.00 0.00 55.00 0.00 70.00 0.00 0.096852
4 125.00 0.00 115.00 0.00 45.00 0.00 55.00 0.00 0.0189226
4 145.00 0.00 125.00 0.00 25.00 0.00 45.00 0.00 0.0323165
4 135.00 0.00 110.00 0.00 35.00 0.00 60.00 0.00 0.0867852
4 135.00 0.00 115.00 0.00 35.00 0.00 55.00 0.00 0.0520764
4 95.00 0.00 90.00 0.00 75.00 0.00 80.00 0.00 0.151118
4 97.50 0.00 95.00 0.00 72.50 0.00 75.00 0.00 0.0148318
4 130.00 0.00 120.00 0.00 40.00 0.00 50.00 0.00 0.0131989
4 100.00 0.00 90.00 0.00 70.00 0.00 80.00 0.00 0.377538
4 145.00 0.00 130.00 0.00 25.00 0.00 40.00 0.00 0.0176912
4 90.00 0.00 87.50 0.00 80.00 0.00 82.50 0.00 0.215456
4 92.50 0.00 90.00 0.00 77.50 0.00 80.00 0.00 0.0526774
4 95.00 0.00 92.50 0.00 75.00 0.00 77.50 0.00 0.0257124
4 110.00 0.00 100.00 0.00 60.00 0.00 70.00 0.00 0.0609811
4 155.00 0.00 135.00 0.00 15.00 0.00 35.00 0.00 0.0224994
4 160.00 0.00 135.00 0.00 10.00 0.00 35.00 0.00 0.0317448
4 160.00 0.00 145.00 0.00 10.00 0.00 25.00 0.00 0.00837007
4 165.00 0.00 145.00 0.00 5.00 0.00 25.00 0.00 0.0144546
4 90.00 0.00 87.50 0.00 82.50 0.00 85.00 0.00 0.705769
4 95.00 0.00 92.50 0.00 77.50 0.00 80.00 0.00 0.0399078
4 97.50 0.00 95.00 0.00 75.00 0.00 77.50 0.00 0.0154517
4 92.50 0.00 90.00 0.00 80.00 0.00 82.50 0.00 0.0890329
4 105.00 0.00 100.00 0.00 70.00 0.00 75.00 0.00 0.0427194
4 92.50 0.00 90.00 0.00 82.50 0.00 85.00 0.00 0.187584
4 95.00 0.00 90.00 0.00 80.00 0.00 85.00 0.00 0.453685
4 100.00 0.00 95.00 0.00 75.00 0.00 80.00 0.00 0.073398
4 125.00 0.00 110.00 0.00 50.00 0.00 65.00 0.00 0.0452657
4 100.00 0.00 97.50 0.00 75.00 0.00 77.50 0.00 0.0138554
4 140.00 0.00 125.00 0.00 35.00 0.00 50.00 0.00 0.0200679
4 110.00 0.00 105.00 0.00 65.00 0.00 70.00 0.00 0.0156494
4 150.00 0.00 125.00 0.00 25.00 0.00 50.00 0.00 0.0478646
4 95.00 0.00 92.50 0.00 80.00 0.00 82.50 0.00 0.0633962
4 125.00 0.00 100.00 0.00 50.00 0.00 75.00 0.00 0.261063
4 110.00 0.00 95.00 0.00 65.00 0.00 80.00 0.00 0.343867
4 97.50 0.00 95.00 0.00 77.50 0.00 80.00 0.00 0.0234262
4 175.00 0.00 150.00 0.00 0.00 0.00 25.00 0.00 0.0186842
4 155.00 0.00 140.00 0.00 20.00 0.00 35.00 0.00 0.0124865
4 92.50 0.00 90.00 0.00 85.00 0.00 87.50 0.00 0.583277
4 95.00 0.00 92.50 0.00 82.50 0.00 85.00 0.00 0.115954
4 100.00 0.00 97.50 0.00 77.50 0.00 80.00 0.00 0.0208019
4 97.50 0.00 95.00 0.00 80.00 0.00 82.50 0.00 0.0358416
4 105.00 0.00 100.00 0.00 75.00 0.00 80.00 0.00 0.0520981
4 100.00 0.00 95.00 0.00 80.00 0.00 85.00 0.00 0.176548
4 105.00 0.00 95.00 0.00 75.00 0.00 85.00 0.00 0.414675
4 95.00 0.00 92.50 0.00 85.00 0.00 87.50 0.00 0.244982
4 115.00 0.00 110.00 0.00 65.00 0.00 70.00 0.00 0.00931273
4 120.00 0.00 100.00 0.00 60.00 0.00 80.00 0.00 0.269022
4 110.00 0.00 105.00 0.00 70.00 0.00 75.00 0.00 0.0205478
4 140.00 0.00 115.00 0.00 40.00 0.00 65.00 0.00 0.0837866
4 150.00 0.00 135.00 0.00 30.00 0.00 45.00 0.00 0.0174039
4 120.00 0.00 110.00 0.00 60.00 0.00 70.00 0.00 0.024816
4 110.00 0.00 100.00 0.00 70.00 0.00 80.00 0.00 0.138234
4 135.00 0.00 125.00 0.00 45.00 0.00 55.00 0.00 0.0110423
4 130.00 0.00 120.00 0.00 50.00 0.00 60.00 0.00 0.0175172
4 135.00 0.00 120.00 0.00 45.00 0.00 60.00 0.00 0.0310093
4 120.00 0.00 105.00 0.00 60.00 0.00 75.00 0.00 0.0896112
4 125.00 0.00 115.00 0.00 55.00 0.00 65.00 0.00 0.019512
4 140.00 0.00 120.00 0.00 40.00 0.00 60.00 0.00 0.0498639
4 140.00 0.00 130.00 0.00 40.00 0.00 50.00 0.00 0.00884727
4 130.00 0.00 110.00 0.00 50.00 0.00 70.00 0.00 0.0848875
4 150.00 0.00 130.00 0.00 30.00 0.00 50.00 0.00 0.0295963
4 115.00 0.00 105.00 0.00 65.00 0.00 75.00 0.00 0.0564972
4 100.00 0.00 97.50 0.00 80.00 0.00 82.50 0.00 0.0305436
4 97.50 0.00 95.00 0.00 82.50 0.00 85.00 0.00 0.0607984
4 102.50 0.00 100.00 0.00 77.50 0.00 80.00 0.00 0.0198266
4 160.00 0.00 140.00 0.00 20.00 0.00 40.00 0.00 0.0223074
4 165.00 0.00 150.00 0.00 15.00 0.00 30.00 0.00 0.0104103
4 180.00 0.00 160.00 0.00 0.00 0.00 20.00 0.00 0.0116386
4 165.00 0.00 140.00 0.00 15.00 0.00 40.00 0.00 0.0335437
4 170.00 0.00 150.00 0.00 10.00 0.00 30.00 0.00 0.0156897
4 97.50 0.00 95.00 0.00 85.00 0.00 87.50 0.00 0.111611
4 100.00 0.00 97.50 0.00 82.50 0.00 85.00 0.00 0.0488878
4 95.00 0.00 92.50 0.00 87.50 0.00 90.00 0.00 0.66034
4 102.50 0.00 100.00 0.00 80.00 0.00 82.50 0.00 0.0283702
4 105.00 0.00 100.00 0.00 80.00 0.00 85.00 0.00 0.11306
4 115.00 0.00 100.00 0.00 70.00 0.00 85.00 0.00 0.344685
4 115.00 0.00 110.00 0.00 70.00 0.00 75.00 0.00 0.011397
4 100.00 0.00 95.00 0.00 85.00 0.00 90.00 0.00 0.540222
4 145.00 0.00 130.00 0.00 40.00 0.00 55.00 0.00 0.0192855
4 110.00 0.00 105.00 0.00 75.00 0.00 80.00 0.00 0.0226804
4 130.00 0.00 115.00 0.00 55.00 0.00 70.00 0.00 0.0462089
4 130.00 0.00 105.00 0.00 55.00 0.00 80.00 0.00 0.206637
4 100.00 0.00 97.50 0.00 85.00 0.00 87.50 0.00 0.0840108
4 97.50 0.00 95.00 0.00 87.50 0.00 90.00 0.00 0.209013
4 160.00 0.00 145.00 0.00 25.00 0.00 40.00 0.00 0.0127495
4 180.00 0.00 155.00 0.00 5.00 0.00 30.00 0.00 0.0238468
4 155.00 0.00 130.00 0.00 30.00 0.00 55.00 0.00 0.0486293
4 105.00 0.00 102.50 0.00 80.00 0.00 82.50 0.00 0.0160603
4 102.50 0.00 100.00 0.00 82.50 0.00 85.00 0.00 0.0437647
4 97.50 0.00 95.00 0.00 90.00 0.00 92.50 0.00 0.627281
4 100.00 0.00 97.50 0.00 87.50 0.00 90.00 0.00 0.133581
4 105.00 0.00 102.50 0.00 82.50 0.00 85.00 0.00 0.0252826
4 102.50 0.00 100.00 0.00 85.00 0.00 87.50 0.00 0.0710521
4 110.00 0.00 105.00 0.00 80.00 0.00 85.00 0.00 0.0452709
4 105.00 0.00 100.00 0.00 85.00 0.00 90.00 0.00 0.262814
4 145.00 0.00 125.00 0.00 45.00 0.00 65.00 0.00 0.0404347
4 115.00 0.00 110.00 0.00 75.00 0.00 80.00 0.00 0.0142587
4 140.00 0.00 125.00 0.00 50.00 0.00 65.00 0.00 0.0243345
4 120.00 0.00 115.00 0.00 70.00 0.00 75.00 0.00 0.0100296
4 120.00 0.00 110.00 0.00 70.00 0.00 80.00 0.00 0.0441709
4 125.00 0.00 110.00 0.00 65.00 0.00 80.00 0.00 0.0855433
4 145.00 0.00 120.00 0.00 45.00 0.00 70.00 0.00 0.0865755
4 125.00 0.00 105.00 0.00 65.00 0.00 85.00 0.00 0.239658
4 110.00 0.00 100.00 0.00 80.00 0.00 90.00 0.00 0.508486
4 125.00 0.00 115.00 0.00 65.00 0.00 75.00 0.00 0.0344083
4 140.00 0.00 130.00 0.00 50.00 0.00 60.00 0.00 0.0105778
4 135.00 0.00 115.00 0.00 55.00 0.00 75.00 0.00 0.0814645
4 135.00 0.00 125.00 0.00 55.00 0.00 65.00 0.00 0.0099234
4 130.00 0.00 120.00 0.00 60.00 0.00 70.00 0.00 0.021938
4 145.00 0.00 135.00 0.00 45.00 0.00 55.00 0.00 0.00917105
4 115.00 0.00 105.00 0.00 75.00 0.00 85.00 0.00 0.104971
4 100.00 0.00 97.50 0.00 90.00 0.00 92.50 0.00 0.259115
4 155.00 0.00 140.00 0.00 35.00 0.00 50.00 0.00 0.0141453
4 165.00 0.00 145.00 0.00 25.00 0.00 45.00 0.00 0.0247868
4 170.00 0.00 145.00 0.00 20.00 0.00 45.00 0.00 0.0335912
4 155.00 0.00 135.00 0.00 35.00 0.00 55.00 0.00 0.0320712
4 185.00 0.00 165.00 0.00 5.00 0.00 25.00 0.00 0.0110835
4 175.00 0.00 155.00 0.00 15.00 0.00 35.00 0.00 0.0181933
4 170.00 0.00 155.00 0.00 20.00 0.00 35.00 0.00 0.0117706
4 107.50 0.00 105.00 0.00 82.50 0.00 85.00 0.00 0.0147215
4 105.00 0.00 102.50 0.00 85.00 0.00 87.50 0.00 0.0377514
4 102.50 0.00 100.00 0.00 87.50 0.00 90.00 0.00 0.102579
4 100.00 0.00 97.50 0.00 92.50 0.00 95.00 0.00 1.06551
4 105.00 0.00 102.50 0.00 87.50 0.00 90.00 0.00 0.0514765
4 107.50 0.00 105.00 0.00 85.00 0.00 87.50 0.00 0.0215234
4 102.50 0.00 100.00 0.00 90.00 0.00 92.50 0.00 0.15987
4 120.00 0.00 105.00 0.00 75.00 0.00 90.00 0.00 0.28179
4 110.00 0.00 105.00 0.00 85.00 0.00 90.00 0.00 0.0878459
4 120.00 0.00 115.00 0.00 75.00 0.00 80.00 0.00 0.00879406
4 115.00 0.00 110.00 0.00 80.00 0.00 85.00 0.00 0.0231592
4 150.00 0.00 135.00 0.00 45.00 0.00 60.00 0.00 0.0203719
4 135.00 0.00 110.00 0.00 60.00 0.00 85.00 0.00 0.190061
4 135.00 0.00 120.00 0.00 60.00 0.00 75.00 0.00 0.0453154
4 105.00 0.00 100.00 0.00 90.00 0.00 95.00 0.00 0.799909
4 185.00 0.00 160.00 0.00 10.00 0.00 35.00 0.00 0.0252812
4 107.50 0.00 105.00 0.00 87.50 0.00 90.00 0.00 0.0276137
4 165.00 0.00 150.00 0.00 30.00 0.00 45.00 0.00 0.014401
4 160.00 0.00 135.00 0.00 35.00 0.00 60.00 0.00 0.0496948
4 102.50 0.00 100.00 0.00 92.50 0.00 95.00 0.00 0.41762
4 105.00 0.00 102.50 0.00 90.00 0.00 92.50 0.00 0.0719894
4 110.00 0.00 107.50 0.00 85.00 0.00 87.50 0.00 0.0170757
4 110.00 0.00 107.50 0.00 87.50 0.00 90.00 0.00 0.0210109
4 102.50 0.00 100.00 0.00 95.00 0.00 97.50 0.00 1.40402
4 105.00 0.00 102.50 0.00 92.50 0.00 95.00 0.00 0.151412
4 107.50 0.00 105.00 0.00 90.00 0.00 92.50 0.00 0.0354188
4 130.00 0.00 110.00 0.00 70.00 0.00 90.00 0.00 0.222048
4 120.00 0.00 115.00 0.00 80.00 0.00 85.00 0.00 0.0146041
4 115.00 0.00 105.00 0.00 85.00 0.00 95.00 0.00 0.364907
4 120.00 0.00 110.00 0.00 80.00 0.00 90.00 0.00 0.104321
4 115.00 0.00 110.00 0.00 85.00 0.00 90.00 0.00 0.0411877
4 140.00 0.00 120.00 0.00 60.00 0.00 80.00 0.00 0.0747154
4 135.00 0.00 125.00 0.00 65.00 0.00 75.00 0.00 0.0167339
4 145.00 0.00 135.00 0.00 55.00 0.00 65.00 0.00 0.0108858
4 145.00 0.00 130.00 0.00 55.00 0.00 70.00 0.00 0.0254226
4 150.00 0.00 130.00 0.00 50.00 0.00 70.00 0.00 0.0414533
4 110.00 0.00 105.00 0.00 90.00 0.00 95.00 0.00 0.168559
4 140.00 0.00 130.00 0.00 60.00 0.00 70.00 0.00 0.0121719
4 150.00 0.00 125.00 0.00 50.00 0.00 75.00 0.00 0.0734903
4 130.00 0.00 115.00 0.00 70.00 0.00 85.00 0.00 0.0783303
4 130.00 0.00 120.00 0.00 70.00 0.00 80.00 0.00 0.0260329
4 125.00 0.00 120.00 0.00 75.00 0.00 80.00 0.00 0.00668811
4 150.00 0.00 140.00 0.00 50.00 0.00 60.00 0.00 0.00748261
4 125.00 0.00 115.00 0.00 75.00 0.00 85.00 0.00 0.0432177
4 200.00 0.00 175.00 0.00 0.00 0.00 25.00 0.00 0.0154853
4 160.00 0.00 140.00 0.00 40.00 0.00 60.00 0.00 0.028175
4 105.00 0.00 102.50 0.00 95.00 0.00 97.50 0.00 0.335521
4 175.00 0.00 160.00 0.00 25.00 0.00 40.00 0.00 0.0118084
4 200.00 0.00 180.00 0.00 0.00 0.00 20.00 0.00 0.00849298
4 175.00 0.00 150.00 0.00 25.00 0.00 50.00 0.00 0.0363153
4 160.00 0.00 145.00 0.00 40.00 0.00 55.00 0.00 0.015962
4 180.00 0.00 160.00 0.00 20.00 0.00 40.00 0.00 0.020992
4 170.00 0.00 150.00 0.00 30.00 0.00 50.00 0.00 0.0239965
4 112.50 0.00 110.00 0.00 87.50 0.00 90.00 0.00 0.0129856
4 110.00 0.00 107.50 0.00 90.00 0.00 92.50 0.00 0.0258964
4 107.50 0.00 105.00 0.00 92.50 0.00 95.00 0.00 0.0641833
4 190.00 0.00 170.00 0.00 10.00 0.00 30.00 0.00 0.0133527
4 112.50 0.00 110.00 0.00 90.00 0.00 92.50 0.00 0.0143405
4 105.00 0.00 102.50 0.00 97.50 0.00 100.00 0.00 2.95698
4 110.00 0.00 107.50 0.00 92.50 0.00 95.00 0.00 0.0432839
4 107.50 0.00 105.00 0.00 95.00 0.00 97.50 0.00 0.101481
4 115.00 0.00 110.00 0.00 90.00 0.00 95.00 0.00 0.0666193
4 140.00 0.00 115.00 0.00 65.00 0.00 90.00 0.00 0.195166
4 140.00 0.00 125.00 0.00 65.00 0.00 80.00 0.00 0.0364383
4 125.00 0.00 120.00 0.00 80.00 0.00 85.00 0.00 0.0127053
4 125.00 0.00 110.00 0.00 80.00 0.00 95.00 0.00 0.266796
4 120.00 0.00 115.00 0.00 85.00 0.00 90.00 0.00 0.024789
4 110.00 0.00 105.00 0.00 95.00 0.00 100.00 0.00 0.744493
4 170.00 0.00 155.00 0.00 35.00 0.00 50.00 0.00 0.0133811
4 165.00 0.00 140.00 0.00 40.00 0.00 65.00 0.00 0.043875
4 107.50 0.00 105.00 0.00 97.50 0.00 100.00 0.00 0.433021
4 190.00 0.00 165.00 0.00 15.00 0.00 40.00 0.00 0.0244365
4 115.00 0.00 112.50 0.00 90.00 0.00 92.50 0.00 0.0114502
4 112.50 0.00 110.00 0.00 92.50 0.00 95.00 0.00 0.023568
4 110.00 0.00 107.50 0.00 95.00 0.00 97.50 0.00 0.0559231
4 155.00 0.00 140.00 0.00 50.00 0.00 65.00 0.00 0.0163945
4 107.50 0.00 105.00 0.00 100.00 0.00 102.50 0.00 4.98223
4 115.00 0.00 112.50 0.00 92.50 0.00 95.00 0.00 0.0177687
4 112.50 0.00 110.00 0.00 95.00 0.00 97.50 0.00 0.0272856
4 110.00 0.00 107.50 0.00 97.50 0.00 100.00 0.00 0.148592
4 140.00 0.00 130.00 0.00 70.00 0.00 80.00 0.00 0.0155981
4 145.00 0.00 125.00 0.00 65.00 0.00 85.00 0.00 0.0621071
4 120.00 0.00 115.00 0.00 90.00 0.00 95.00 0.00 0.0360899
4 145.00 0.00 135.00 0.00 65.00 0.00 75.00 0.00 0.015203
4 125.00 0.00 120.00 0.00 85.00 0.00 90.00 0.00 0.020219
4 115.00 0.00 110.00 0.00 95.00 0.00 100.00 0.00 0.135002
4 135.00 0.00 115.00 0.00 75.00 0.00 95.00 0.00 0.201572
4 150.00 0.00 135.00 0.00 60.00 0.00 75.00 0.00 0.0257879
4 120.00 0.00 110.00 0.00 90.00 0.00 100.00 0.00 0.30653
4 130.00 0.00 125.00 0.00 80.00 0.00 85.00 0.00 0.00645925
4 135.00 0.00 120.00 0.00 75.00 0.00 90.00 0.00 0.0712724
4 135.00 0.00 125.00 0.00 75.00 0.00 85.00 0.00 0.0161022
4 130.00 0.00 120.00 0.00 80.00 0.00 90.00 0.00 0.0490049
4 150.00 0.00 140.00 0.00 60.00 0.00 70.00 0.00 0.00887924
4 125.00 0.00 115.00 0.00 85.00 0.00 95.00 0.00 0.108364
4 155.00 0.00 130.00 0.00 55.00 0.00 80.00 0.00 0.0622859
4 165.00 0.00 150.00 0.00 45.00 0.00 60.00 0.00 0.0164248
4 155.00 0.00 145.00 0.00 55.00 0.00 65.00 0.00 0.0063665
4 185.00 0.00 165.00 0.00 25.00 0.00 45.00 0.00 0.0195334
4 110.00 0.00 107.50 0.00 100.00 0.00 102.50 0.00 0.857796
4 180.00 0.00 165.00 0.00 30.00 0.00 45.00 0.00 0.0117032
4 155.00 0.00 135.00 0.00 55.00 0.00 75.00 0.00 0.0391739
4 180.00 0.00 155.00 0.00 30.00 0.00 55.00 0.00 0.03884
4 175.00 0.00 155.00 0.00 35.00 0.00 55.00 0.00 0.024938
4 165.00 0.00 145.00 0.00 45.00 0.00 65.00 0.00 0.0283336
4 117.50 0.00 115.00 0.00 92.50 0.00 95.00 0.00 0.0120531
4 195.00 0.00 175.00 0.00 15.00 0.00 35.00 0.00 0.0147694
4 115.00 0.00 112.50 0.00 95.00 0.00 97.50 0.00 0.0195538
4 112.50 0.00 110.00 0.00 97.50 0.00 100.00 0.00 0.0567167
4 115.00 0.00 112.50 0.00 97.50 0.00 100.00 0.00 0.0358331
4 112.50 0.00 110.00 0.00 100.00 0.00 102.50 0.00 0.196979
4 117.50 0.00 115.00 0.00 95.00 0.00 97.50 0.00 0.0128541
4 110.00 0.00 107.50 0.00 102.50 0.00 105.00 0.00 5.94271
4 115.00 0.00 110.00 0.00 100.00 0.00 105.00 0.00 1.30809
4 120.00 0.00 115.00 0.00 95.00 0.00 100.00 0.00 0.0624631
4 145.00 0.00 130.00 0.00 70.00 0.00 85.00 0.00 0.0315283
4 125.00 0.00 120.00 0.00 90.00 0.00 95.00 0.00 0.0266544
4 130.00 0.00 115.00 0.00 85.00 0.00 100.00 0.00 0.249535
4 145.00 0.00 120.00 0.00 70.00 0.00 95.00 0.00 0.178363
4 130.00 0.00 125.00 0.00 85.00 0.00 90.00 0.00 0.009165
4 160.00 0.00 145.00 0.00 55.00 0.00 70.00 0.00 0.0167265
4 115.00 0.00 112.50 0.00 100.00 0.00 102.50 0.00 0.0920915
4 120.00 0.00 117.50 0.00 95.00 0.00 97.50 0.00 0.0101853
4 175.00 0.00 160.00 0.00 40.00 0.00 55.00 0.00 0.0138084
4 112.50 0.00 110.00 0.00 102.50 0.00 105.00 0.00 0.776348
4 195.00 0.00 170.00 0.00 20.00 0.00 45.00 0.00 0.0261522
4 170.00 0.00 145.00 0.00 45.00 0.00 70.00 0.00 0.0440231
4 117.50 0.00 115.00 0.00 97.50 0.00 100.00 0.00 0.0226183
4 117.50 0.00 115.00 0.00 100.00 0.00 102.50 0.00 0.0487606
4 120.00 0.00 117.50 0.00 97.50 0.00 100.00 0.00 0.0154498
4 115.00 0.00 112.50 0.00 102.50 0.00 105.00 0.00 0.233619
4 112.50 0.00 110.00 0.00 105.00 0.00 107.50 0.00 4.70311
4 125.00 0.00 120.00 0.00 95.00 0.00 100.00 0.00 0.0424473
4 125.00 0.00 115.00 0.00 95.00 0.00 105.00 0.00 0.438133
4 140.00 0.00 120.00 0.00 80.00 0.00 100.00 0.00 0.198511
4 145.00 0.00 135.00 0.00 75.00 0.00 85.00 0.00 0.0151096
4 150.00 0.00 130.00 0.00 70.00 0.00 90.00 0.00 0.057463
4 135.00 0.00 130.00 0.00 85.00 0.00 90.00 0.00 0.00537925
4 150.00 0.00 140.00 0.00 70.00 0.00 80.00 0.00 0.00939592
4 140.00 0.00 130.00 0.00 80.00 0.00 90.00 0.00 0.0187806
4 135.00 0.00 125.00 0.00 85.00 0.00 95.00 0.00 0.0344355
4 140.00 0.00 125.00 0.00 80.00 0.00 95.00 0.00 0.0619248
4 120.00 0.00 115.00 0.00 100.00 0.00 105.00 0.00 0.222392
4 130.00 0.00 120.00 0.00 90.00 0.00 100.00 0.00 0.0977002
4 130.00 0.00 125.00 0.00 90.00 0.00 95.00 0.00 0.0120026
4 190.00 0.00 170.00 0.00 30.00 0.00 50.00 0.00 0.0191368
4 160.00 0.00 135.00 0.00 60.00 0.00 85.00 0.00 0.0637508
4 160.00 0.00 150.00 0.00 60.00 0.00 70.00 0.00 0.00881333
4 155.00 0.00 145.00 0.00 65.00 0.00 75.00 0.00 0.00995447
4 115.00 0.00 112.50 0.00 105.00 0.00 107.50 0.00 0.881662
4 200.00 0.00 180.00 0.00 20.00 0.00 40.00 0.00 0.0141147
4 185.00 0.00 160.00 0.00 35.00 0.00 60.00 0.00 0.0356669
4 160.00 0.00 140.00 0.00 60.00 0.00 80.00 0.00 0.0334886
4 185.00 0.00 170.00 0.00 35.00 0.00 50.00 0.00 0.0113999
4 155.00 0.00 140.00 0.00 65.00 0.00 80.00 0.00 0.0201972
4 170.00 0.00 155.00 0.00 50.00 0.00 65.00 0.00 0.0145812
4 180.00 0.00 160.00 0.00 40.00 0.00 60.00 0.00 0.0242614
4 122.50 0.00 120.00 0.00 97.50 0.00 100.00 0.00 0.0133121
4 120.00 0.00 117.50 0.00 100.00 0.00 102.50 0.00 0.0315965
4 117.50 0.00 115.00 0.00 102.50 0.00 105.00 0.00 0.0921359
4 170.00 0.00 150.00 0.00 50.00 0.00 70.00 0.00 0.0278334
4 122.50 0.00 120.00 0.00 100.00 0.00 102.50 0.00 0.0249244
4 117.50 0.00 115.00 0.00 105.00 0.00 107.50 0.00 0.230293
4 115.00 0.00 112.50 0.00 107.50 0.00 110.00 0.00 5.81822
4 120.00 0.00 117.50 0.00 102.50 0.00 105.00 0.00 0.0503954
4 130.00 0.00 125.00 0.00 95.00 0.00 100.00 0.00 0.0173062
4 120.00 0.00 115.00 0.00 105.00 0.00 110.00 0.00 1.41823
4 150.00 0.00 135.00 0.00 75.00 0.00 90.00 0.00 0.0327636
4 150.00 0.00 125.00 0.00 75.00 0.00 100.00 0.00 0.140793
4 135.00 0.00 120.00 0.00 90.00 0.00 105.00 0.00 0.288981
4 125.00 0.00 120.00 0.00 100.00 0.00 105.00 0.00 0.112185
4 135.00 0.00 130.00 0.00 90.00 0.00 95.00 0.00 0.00770053
4 165.00 0.00 150.00 0.00 60.00 0.00 75.00 0.00 0.0182066
4 122.50 0.00 120.00 0.00 102.50 0.00 105.00 0.00 0.0356758
4 175.00 0.00 150.00 0.00 50.00 0.00 75.00 0.00 0.0436292
4 180.00 0.00 165.00 0.00 45.00 0.00 60.00 0.00 0.0131602
4 200.00 0.00 175.00 0.00 25.00 0.00 50.00 0.00 0.0277521
4 117.50 0.00 115.00 0.00 107.50 0.00 110.00 0.00 0.827634
4 125.00 0.00 122.50 0.00 100.00 0.00 102.50 0.00 0.0211093
4 120.00 0.00 117.50 0.00 105.00 0.00 107.50 0.00 0.0993969
4 122.50 0.00 120.00 0.00 105.00 0.00 107.50 0.00 0.0586626
4 120.00 0.00 117.50 0.00 107.50 0.00 110.00 0.00 0.257885
4 117.50 0.00 115.00 0.00 110.00 0.00 112.50 0.00 5.71316
4 125.00 0.00 122.50 0.00 102.50 0.00 105.00 0.00 0.0292577
4 140.00 0.00 135.00 0.00 90.00 0.00 95.00 0.00 0.00768599
4 130.00 0.00 125.00 0.00 100.00 0.00 105.00 0.00 0.0411547
4 125.00 0.00 120.00 0.00 105.00 0.00 110.00 0.00 0.301639
4 140.00 0.00 130.00 0.00 90.00 0.00 100.00 0.00 0.0317655
4 150.00 0.00 140.00 0.00 80.00 0.00 90.00 0.00 0.0145996
4 145.00 0.00 130.00 0.00 85.00 0.00 100.00 0.00 0.051841
4 145.00 0.00 135.00 0.00 85.00 0.00 95.00 0.00 0.0214572
4 135.00 0.00 130.00 0.00 95.00 0.00 100.00 0.00 0.00797701
4 135.00 0.00 125.00 0.00 95.00 0.00 105.00 0.00 0.0878123
4 130.00 0.00 120.00 0.00 100.00 0.00 110.00 0.00 0.536283
4 145.00 0.00 125.00 0.00 85.00 0.00 105.00 0.00 0.184995
4 185.00 0.00 165.00 0.00 45.00 0.00 65.00 0.00 0.0209886
4 155.00 0.00 135.00 0.00 75.00 0.00 95.00 0.00 0.0553697
4 160.00 0.00 150.00 0.00 70.00 0.00 80.00 0.00 0.00747434
4 160.00 0.00 145.00 0.00 70.00 0.00 85.00 0.00 0.0190728
4 165.00 0.00 155.00 0.00 65.00 0.00 75.00 0.00 0.00940625
4 165.00 0.00 145.00 0.00 65.00 0.00 85.00 0.00 0.0348322
4 190.00 0.00 175.00 0.00 40.00 0.00 55.00 0.00 0.0110916
4 195.00 0.00 175.00 0.00 35.00 0.00 55.00 0.00 0.018262
4 155.00 0.00 145.00 0.00 75.00 0.00 85.00 0.00 0.00809762
4 190.00 0.00 165.00 0.00 40.00 0.00 65.00 0.00 0.0296622
4 125.00 0.00 122.50 0.00 105.00 0.00 107.50 0.00 0.0440463
4 175.00 0.00 155.00 0.00 55.00 0.00 75.00 0.00 0.0268584
4 165.00 0.00 140.00 0.00 65.00 0.00 90.00 0.00 0.0604775
4 175.00 0.00 160.00 0.00 55.00 0.00 70.00 0.00 0.0138732
4 120.00 0.00 117.50 0.00 110.00 0.00 112.50 0.00 0.951022
4 127.50 0.00 125.00 0.00 102.50 0.00 105.00 0.00 0.0148019
4 122.50 0.00 120.00 0.00 107.50 0.00 110.00 0.00 0.119061
4 127.50 0.00 125.00 0.00 105.00 0.00 107.50 0.00 0.0215218
4 125.00 0.00 122.50 0.00 107.50 0.00 110.00 0.00 0.0793118
4 122.50 0.00 120.00 0.00 110.00 0.00 112.50 0.00 0.276385
4 120.00 0.00 117.50 0.00 112.50 0.00 115.00 0.00 11.083
4 140.00 0.00 125.00 0.00 95.00 0.00 110.00 0.00 0.266997
4 135.00 0.00 130.00 0.00 100.00 0.00 105.00 0.00 0.0213876
4 125.00 0.00 120.00 0.00 110.00 0.00 115.00 0.00 2.54334
4 130.00 0.00 125.00 0.00 105.00 0.00 110.00 0.00 0.0831993
4 140.00 0.00 135.00 0.00 95.00 0.00 100.00 0.00 0.00828967
4 170.00 0.00 155.00 0.00 65.00 0.00 80.00 0.00 0.0165764
4 185.00 0.00 170.00 0.00 50.00 0.00 65.00 0.00 0.0122052
4 155.00 0.00 130.00 0.00 80.00 0.00 105.00 0.00 0.154983
4 125.00 0.00 122.50 0.00 110.00 0.00 112.50 0.00 0.142453
4 155.00 0.00 140.00 0.00 80.00 0.00 95.00 0.00 0.0274389
4 180.00 0.00 155.00 0.00 55.00 0.00 80.00 0.00 0.040495
4 130.00 0.00 127.50 0.00 105.00 0.00 107.50 0.00 0.0116713
4 122.50 0.00 120.00 0.00 112.50 0.00 115.00 0.00 1.59498
4 127.50 0.00 125.00 0.00 107.50 0.00 110.00 0.00 0.0339798
4 125.00 0.00 122.50 0.00 112.50 0.00 115.00 0.00 0.546574
4 122.50 0.00 120.00 0.00 115.00 0.00 117.50 0.00 17.3499
4 130.00 0.00 127.50 0.00 107.50 0.00 110.00 0.00 0.0179869
4 127.50 0.00 125.00 0.00 110.00 0.00 112.50 0.00 0.0527805
4 145.00 0.00 140.00 0.00 95.00 0.00 100.00 0.00 0.00253585
4 145.00 0.00 135.00 0.00 95.00 0.00 105.00 0.00 0.0418294
4 140.00 0.00 130.00 0.00 100.00 0.00 110.00 0.00 0.108759
4 135.00 0.00 125.00 0.00 105.00 0.00 115.00 0.00 0.50346
4 140.00 0.00 135.00 0.00 100.00 0.00 105.00 0.00 0.0196449
4 150.00 0.00 140.00 0.00 90.00 0.00 100.00 0.00 0.017225
4 150.00 0.00 130.00 0.00 90.00 0.00 110.00 0.00 0.191407
4 135.00 0.00 130.00 0.00 105.00 0.00 110.00 0.00 0.036104
4 150.00 0.00 135.00 0.00 90.00 0.00 105.00 0.00 0.0656355
4 130.00 0.00 125.00 0.00 110.00 0.00 115.00 0.00 0.296285
4 195.00 0.00 180.00 0.00 45.00 0.00 60.00 0.00 0.00914874
4 155.00 0.00 145.00 0.00 85.00 0.00 95.00 0.00 0.0108403
4 170.00 0.00 145.00 0.00 70.00 0.00 95.00 0.00 0.0543759
4 165.00 0.00 150.00 0.00 75.00 0.00 90.00 0.00 0.0193888
4 132.50 0.00 130.00 0.00 107.50 0.00 110.00 0.00 0.0136384
4 165.00 0.00 155.00 0.00 75.00 0.00 85.00 0.00 0.007714
4 190.00 0.00 170.00 0.00 50.00 0.00 70.00 0.00 0.0203768
4 180.00 0.00 165.00 0.00 60.00 0.00 75.00 0.00 0.0133757
4 160.00 0.00 150.00 0.00 80.00 0.00 90.00 0.00 0.00929871
4 160.00 0.00 140.00 0.00 80.00 0.00 100.00 0.00 0.050064
4 170.00 0.00 150.00 0.00 70.00 0.00 90.00 0.00 0.0319582
4 200.00 0.00 180.00 0.00 40.00 0.00 60.00 0.00 0.0165845
4 125.00 0.00 122.50 0.00 115.00 0.00 117.50 0.00 3.18284
4 180.00 0.00 160.00 0.00 60.00 0.00 80.00 0.00 0.0258871
4 170.00 0.00 160.00 0.00 70.00 0.00 80.00 0.00 0.00686008
4 195.00 0.00 170.00 0.00 45.00 0.00 70.00 0.00 0.0307608
4 130.00 0.00 127.50 0.00 110.00 0.00 112.50 0.00 0.0259726
4 127.50 0.00 125.00 0.00 112.50 0.00 115.00 0.00 0.154348
4 125.00 0.00 122.50 0.00 117.50 0.00 120.00 0.00 20.5499
4 132.50 0.00 130.00 0.00 110.00 0.00 112.50 0.00 0.0178189
4 130.00 0.00 127.50 0.00 112.50 0.00 115.00 0.00 0.0635405
4 127.50 0.00 125.00 0.00 115.00 0.00 117.50 0.00 0.654779
4 135.00 0.00 130.00 0.00 110.00 0.00 115.00 0.00 0.0879811
4 145.00 0.00 140.00 0.00 100.00 0.00 105.00 0.00 0.0134755
4 130.00 0.00 125.00 0.00 115.00 0.00 120.00 0.00 4.32292
4 145.00 0.00 130.00 0.00 100.00 0.00 115.00 0.00 0.303998
4 140.00 0.00 135.00 0.00 105.00 0.00 110.00 0.00 0.0281962
4 160.00 0.00 135.00 0.00 85.00 0.00 110.00 0.00 0.17322
4 185.00 0.00 160.00 0.00 60.00 0.00 85.00 0.00 0.0380129
4 175.00 0.00 160.00 0.00 70.00 0.00 85.00 0.00 0.0148083
4 130.00 0.00 127.50 0.00 115.00 0.00 117.50 0.00 0.213013
4 190.00 0.00 175.00 0.00 55.00 0.00 70.00 0.00 0.0102997
4 127.50 0.00 125.00 0.00 117.50 0.00 120.00 0.00 2.74375
4 160.00 0.00 145.00 0.00 85.00 0.00 100.00 0.00 0.0271913
4 135.00 0.00 132.50 0.00 110.00 0.00 112.50 0.00 0.00945938
4 132.50 0.00 130.00 0.00 112.50 0.00 115.00 0.00 0.0419609
4 130.00 0.00 127.50 0.00 117.50 0.00 120.00 0.00 0.729799
4 135.00 0.00 132.50 0.00 112.50 0.00 115.00 0.00 0.0186518
4 132.50 0.00 130.00 0.00 115.00 0.00 117.50 0.00 0.114798
4 127.50 0.00 125.00 0.00 120.00 0.00 122.50 0.00 19.8802
4 150.00 0.00 145.00 0.00 100.00 0.00 105.00 0.00 0.000336058
4 140.00 0.00 135.00 0.00 110.00 0.00 115.00 0.00 0.0565638
4 140.00 0.00 130.00 0.00 110.00 0.00 120.00 0.00 1.0447
4 145.00 0.00 140.00 0.00 105.00 0.00 110.00 0.00 0.0140084
4 145.00 0.00 135.00 0.00 105.00 0.00 115.00 0.00 0.125314
4 135.00 0.00 130.00 0.00 115.00 0.00 120.00 0.00 0.640968
4 150.00 0.00 140.00 0.00 100.00 0.00 110.00 0.00 0.036027
4 175.00 0.00 155.00 0.00 75.00 0.00 95.00 0.00 0.0304753
4 165.00 0.00 155.00 0.00 85.00 0.00 95.00 0.00 0.0107694
4 165.00 0.00 145.00 0.00 85.00 0.00 105.00 0.00 0.0553212
4 170.00 0.00 160.00 0.00 80.00 0.00 90.00 0.00 0.00805232
4 155.00 0.00 145.00 0.00 95.00 0.00 105.00 0.00 0.0187722
4 195.00 0.00 175.00 0.00 55.00 0.00 75.00 0.00 0.0183041
4 185.00 0.00 165.00 0.00 65.00 0.00 85.00 0.00 0.0229472
4 160.00 0.00 150.00 0.00 90.00 0.00 100.00 0.00 0.0118448
4 175.00 0.00 150.00 0.00 75.00 0.00 100.00 0.00 0.0529383
4 155.00 0.00 135.00 0.00 95.00 0.00 115.00 0.00 0.221498
4 155.00 0.00 140.00 0.00 95.00 0.00 110.00 0.00 0.0624061
4 200.00 0.00 175.00 0.00 50.00 0.00 75.00 0.00 0.0293227
4 185.00 0.00 170.00 0.00 65.00 0.00 80.00 0.00 0.0132375
4 175.00 0.00 165.00 0.00 75.00 0.00 85.00 0.00 0.00558951
4 170.00 0.00 155.00 0.00 80.00 0.00 95.00 0.00 0.0195872
4 200.00 0.00 185.00 0.00 50.00 0.00 65.00 0.00 0.00871377
4 137.50 0.00 135.00 0.00 112.50 0.00 115.00 0.00 0.0194116
4 135.00 0.00 132.50 0.00 115.00 0.00 117.50 0.00 0.0466089
4 132.50 0.00 130.00 0.00 117.50 0.00 120.00 0.00 0.349083
4 130.00 0.00 127.50 0.00 120.00 0.00 122.50 0.00 3.5637
4 137.50 0.00 135.00 0.00 115.00 0.00 117.50 0.00 0.0434778
4 130.00 0.00 127.50 0.00 122.50 0.00 125.00 0.00 9.98986
4 135.00 0.00 132.50 0.00 117.50 0.00 120.00 0.00 0.128176
4 132.50 0.00 130.00 0.00 120.00 0.00 122.50 0.00 1.50424
4 140.00 0.00 135.00 0.00 115.00 0.00 120.00 0.00 0.263139
4 150.00 0.00 145.00 0.00 105.00 0.00 110.00 0.00 0.00831644
4 150.00 0.00 135.00 0.00 105.00 0.00 120.00 0.00 0.513849
4 145.00 0.00 140.00 0.00 110.00 0.00 115.00 0.00 0.0243092
4 135.00 0.00 130.00 0.00 120.00 0.00 125.00 0.00 6.41457
4 165.00 0.00 150.00 0.00 90.00 0.00 105.00 0.00 0.0325387
4 165.00 0.00 140.00 0.00 90.00 0.00 115.00 0.00 0.161945
4 195.00 0.00 180.00 0.00 60.00 0.00 75.00 0.00 0.00923579
4 190.00 0.00 165.00 0.00 65.00 0.00 90.00 0.00 0.0341868
4 132.50 0.00 130.00 0.00 122.50 0.00 125.00 0.00 3.35211
4 140.00 0.00 137.50 0.00 115.00 0.00 117.50 0.00 0.0351331
4 137.50 0.00 135.00 0.00 117.50 0.00 120.00 0.00 0.106627
4 135.00 0.00 132.50 0.00 120.00 0.00 122.50 0.00 0.507251
4 180.00 0.00 165.00 0.00 75.00 0.00 90.00 0.00 0.0138277
4 140.00 0.00 137.50 0.00 117.50 0.00 120.00 0.00 0.0768751
4 137.50 0.00 135.00 0.00 120.00 0.00 122.50 0.00 0.39058
4 135.00 0.00 132.50 0.00 122.50 0.00 125.00 0.00 1.04071
4 132.50 0.00 130.00 0.00 125.00 0.00 127.50 0.00 6.29303
4 145.00 0.00 140.00 0.00 115.00 0.00 120.00 0.00 0.0765153
4 150.00 0.00 145.00 0.00 110.00 0.00 115.00 0.00 0.0130037
4 140.00 0.00 135.00 0.00 120.00 0.00 125.00 0.00 1.92648
4 150.00 0.00 140.00 0.00 110.00 0.00 120.00 0.00 0.142581
4 145.00 0.00 135.00 0.00 115.00 0.00 125.00 0.00 2.69691
4 160.00 0.00 145.00 0.00 100.00 0.00 115.00 0.00 0.0635006
4 175.00 0.00 165.00 0.00 85.00 0.00 95.00 0.00 0.00657034
4 155.00 0.00 145.00 0.00 105.00 0.00 115.00 0.00 0.0353277
4 160.00 0.00 150.00 0.00 100.00 0.00 110.00 0.00 0.0219611
4 175.00 0.00 160.00 0.00 85.00 0.00 100.00 0.00 0.0191394
4 180.00 0.00 155.00 0.00 80.00 0.00 105.00 0.00 0.0607692
4 170.00 0.00 150.00 0.00 90.00 0.00 110.00 0.00 0.0583572
4 140.00 0.00 137.50 0.00 120.00 0.00 122.50 0.00 0.269157
4 200.00 0.00 180.00 0.00 60.00 0.00 80.00 0.00 0.0155416
4 160.00 0.00 140.00 0.00 100.00 0.00 120.00 0.00 0.239911
4 180.00 0.00 170.00 0.00 80.00 0.00 90.00 0.00 0.00694024
4 170.00 0.00 160.00 0.00 90.00 0.00 100.00 0.00 0.00952092
4 190.00 0.00 175.00 0.00 70.00 0.00 85.00 0.00 0.0106034
4 190.00 0.00 170.00 0.00 70.00 0.00 90.00 0.00 0.0212046
4 155.00 0.00 150.00 0.00 105.00 0.00 110.00 0.00 0.00619573
4 180.00 0.00 160.00 0.00 80.00 0.00 100.00 0.00 0.03239
4 165.00 0.00 155.00 0.00 95.00 0.00 105.00 0.00 0.0154673
4 142.50 0.00 140.00 0.00 117.50 0.00 120.00 0.00 0.0292214
4 137.50 0.00 135.00 0.00 122.50 0.00 125.00 0.00 0.76091
4 135.00 0.00 132.50 0.00 125.00 0.00 127.50 0.00 1.5364
4 140.00 0.00 137.50 0.00 122.50 0.00 125.00 0.00 0.504929
4 142.50 0.00 140.00 0.00 120.00 0.00 122.50 0.00 0.0938809
4 137.50 0.00 135.00 0.00 125.00 0.00 127.50 0.00 1.02431
4 135.00 0.00 132.50 0.00 127.50 0.00 130.00 0.00 4.21592
4 140.00 0.00 135.00 0.00 125.00 0.00 130.00 0.00 4.99733
4 145.00 0.00 140.00 0.00 120.00 0.00 125.00 0.00 0.432361
4 150.00 0.00 145.00 0.00 115.00 0.00 120.00 0.00 0.0292939
4 155.00 0.00 150.00 0.00 110.00 0.00 115.00 0.00 0.00783354
4 155.00 0.00 140.00 0.00 110.00 0.00 125.00 0.00 0.748701
4 137.50 0.00 135.00 0.00 127.50 0.00 130.00 0.00 2.14022
4 140.00 0.00 137.50 0.00 125.00 0.00 127.50 0.00 0.643943
4 170.00 0.00 145.00 0.00 95.00 0.00 120.00 0.00 0.17206
4 145.00 0.00 142.50 0.00 120.00 0.00 122.50 0.00 0.059904
4 185.00 0.00 170.00 0.00 80.00 0.00 95.00 0.00 0.0149881
4 195.00 0.00 170.00 0.00 70.00 0.00 95.00 0.00 0.0320505
4 200.00 0.00 185.00 0.00 65.00 0.00 80.00 0.00 0.00869021
4 170.00 0.00 155.00 0.00 95.00 0.00 110.00 0.00 0.0332132
4 142.50 0.00 140.00 0.00 122.50 0.00 125.00 0.00 0.17162
4 142.50 0.00 140.00 0.00 125.00 0.00 127.50 0.00 0.212531
4 145.00 0.00 142.50 0.00 122.50 0.00 125.00 0.00 0.107492
4 140.00 0.00 137.50 0.00 127.50 0.00 130.00 0.00 1.18846
4 137.50 0.00 135.00 0.00 130.00 0.00 132.50 0.00 5.48275
4 145.00 0.00 140.00 0.00 125.00 0.00 130.00 0.00 0.912301
4 150.00 0.00 145.00 0.00 120.00 0.00 125.00 0.00 0.112187
4 150.00 0.00 140.00 0.00 120.00 0.00 130.00 0.00 1.64527
4 155.00 0.00 145.00 0.00 115.00 0.00 125.00 0.00 0.197569
4 160.00 0.00 150.00 0.00 110.00 0.00 120.00 0.00 0.040565
4 165.00 0.00 155.00 0.00 105.00 0.00 115.00 0.00 0.0231881
4 185.00 0.00 165.00 0.00 85.00 0.00 105.00 0.00 0.0312854
4 155.00 0.00 150.00 0.00 115.00 0.00 120.00 0.00 0.0149298
4 185.00 0.00 160.00 0.00 85.00 0.00 110.00 0.00 0.0611259
4 180.00 0.00 170.00 0.00 90.00 0.00 100.00 0.00 0.00814638
4 195.00 0.00 180.00 0.00 75.00 0.00 90.00 0.00 0.00868108
4 165.00 0.00 150.00 0.00 105.00 0.00 120.00 0.00 0.0719612
4 185.00 0.00 175.00 0.00 85.00 0.00 95.00 0.00 0.00638392
4 175.00 0.00 165.00 0.00 95.00 0.00 105.00 0.00 0.00971583
4 175.00 0.00 155.00 0.00 95.00 0.00 115.00 0.00 0.0614278
4 180.00 0.00 165.00 0.00 90.00 0.00 105.00 0.00 0.0200698
4 160.00 0.00 155.00 0.00 110.00 0.00 115.00 0.00 0.00634751
4 170.00 0.00 160.00 0.00 100.00 0.00 110.00 0.00 0.0155615
4 165.00 0.00 145.00 0.00 105.00 0.00 125.00 0.00 0.325536
4 147.50 0.00 145.00 0.00 122.50 0.00 125.00 0.00 0.0522116
4 145.00 0.00 142.50 0.00 125.00 0.00 127.50 0.00 0.125056
4 142.50 0.00 140.00 0.00 127.50 0.00 130.00 0.00 0.367747
4 140.00 0.00 137.50 0.00 130.00 0.00 132.50 0.00 2.47546
4 195.00 0.00 175.00 0.00 75.00 0.00 95.00 0.00 0.0189714
4 147.50 0.00 145.00 0.00 125.00 0.00 127.50 0.00 0.0582154
4 140.00 0.00 137.50 0.00 132.50 0.00 135.00 0.00 4.82465
4 145.00 0.00 142.50 0.00 127.50 0.00 130.00 0.00 0.205693
4 142.50 0.00 140.00 0.00 130.00 0.00 132.50 0.00 0.727365
4 145.00 0.00 140.00 0.00 130.00 0.00 135.00 0.00 2.86623
4 150.00 0.00 145.00 0.00 125.00 0.00 130.00 0.00 0.188439
4 155.00 0.00 150.00 0.00 120.00 0.00 125.00 0.00 0.0426399
4 160.00 0.00 155.00 0.00 115.00 0.00 120.00 0.00 0.0110477
4 190.00 0.00 175.00 0.00 85.00 0.00 100.00 0.00 0.0131175
4 160.00 0.00 145.00 0.00 115.00 0.00 130.00 0.00 0.512477
4 147.50 0.00 145.00 0.00 127.50 0.00 130.00 0.00 0.0875156
4 200.00 0.00 175.00 0.00 75.00 0.00 100.00 0.00 0.0296801
4 175.00 0.00 150.00 0.00 100.00 0.00 125.00 0.00 0.227306
4 175.00 0.00 160.00 0.00 100.00 0.00 115.00 0.00 0.0349799
4 145.00 0.00 142.50 0.00 130.00 0.00 132.50 0.00 0.384287
4 150.00 0.00 147.50 0.00 125.00 0.00 127.50 0.00 0.0172888
4 142.50 0.00 140.00 0.00 132.50 0.00 135.00 0.00 1.17205
4 145.00 0.00 142.50 0.00 132.50 0.00 135.00 0.00 0.571118
4 147.50 0.00 145.00 0.00 130.00 0.00 132.50 0.00 0.15497
4 142.50 0.00 140.00 0.00 135.00 0.00 137.50 0.00 4.22637
4 150.00 0.00 147.50 0.00 127.50 0.00 130.00 0.00 0.0245679
4 150.00 0.00 145.00 0.00 130.00 0.00 135.00 0.00 0.462137
4 150.00 0.00 147.50 0.00 130.00 0.00 132.50 0.00 0.0396307
4 185.00 0.00 170.00 0.00 95.00 0.00 110.00 0.00 0.0222218
4 155.00 0.00 150.00 0.00 125.00 0.00 130.00 0.00 0.0559654
4 155.00 0.00 145.00 0.00 125.00 0.00 135.00 0.00 0.802204
4 160.00 0.00 150.00 0.00 120.00 0.00 130.00 0.00 0.158128
4 185.00 0.00 175.00 0.00 95.00 0.00 105.00 0.00 0.00841586
4 180.00 0.00 170.00 0.00 100.00 0.00 110.00 0.00 0.0128999
4 170.00 0.00 155.00 0.00 110.00 0.00 125.00 0.00 0.0991948
4 175.00 0.00 165.00 0.00 105.00 0.00 115.00 0.00 0.0133391
4 190.00 0.00 170.00 0.00 90.00 0.00 110.00 0.00 0.0323309
4 190.00 0.00 180.00 0.00 90.00 0.00 100.00 0.00 0.00439298
4 180.00 0.00 160.00 0.00 100.00 0.00 120.00 0.00 0.0686709
4 170.00 0.00 160.00 0.00 110.00 0.00 120.00 0.00 0.0231834
4 165.00 0.00 160.00 0.00 115.00 0.00 120.00 0.00 0.00867847
4 200.00 0.00 180.00 0.00 80.00 0.00 100.00 0.00 0.0174528
4 190.00 0.00 165.00 0.00 90.00 0.00 115.00 0.00 0.0563632
4 200.00 0.00 185.00 0.00 80.00 0.00 95.00 0.00 0.00940117
4 165.00 0.00 155.00 0.00 115.00 0.00 125.00 0.00 0.0686271
4 160.00 0.00 155.00 0.00 120.00 0.00 125.00 0.00 0.027587
4 147.50 0.00 145.00 0.00 132.50 0.00 135.00 0.00 0.216592
4 170.00 0.00 150.00 0.00 110.00 0.00 130.00 0.00 0.284261
4 145.00 0.00 142.50 0.00 135.00 0.00 137.50 0.00 1.74599
4 152.50 0.00 150.00 0.00 127.50 0.00 130.00 0.00 0.0219825
4 147.50 0.00 145.00 0.00 135.00 0.00 137.50 0.00 0.588684
4 150.00 0.00 147.50 0.00 132.50 0.00 135.00 0.00 0.0503939
4 145.00 0.00 142.50 0.00 137.50 0.00 140.00 0.00 5.70654
4 152.50 0.00 150.00 0.00 130.00 0.00 132.50 0.00 0.0334255
4 150.00 0.00 145.00 0.00 135.00 0.00 140.00 0.00 2.42439
4 165.00 0.00 160.00 0.00 120.00 0.00 125.00 0.00 0.0211926
4 165.00 0.00 150.00 0.00 120.00 0.00 135.00 0.00 0.380745
4 155.00 0.00 150.00 0.00 130.00 0.00 135.00 0.00 0.097805
4 150.00 0.00 147.50 0.00 135.00 0.00 137.50 0.00 0.124792
4 160.00 0.00 155.00 0.00 125.00 0.00 130.00 0.00 0.0319942
4 195.00 0.00 180.00 0.00 90.00 0.00 105.00 0.00 0.0119898
4 180.00 0.00 165.00 0.00 105.00 0.00 120.00 0.00 0.0354952
4 180.00 0.00 155.00 0.00 105.00 0.00 130.00 0.00 0.234826
4 147.50 0.00 145.00 0.00 137.50 0.00 140.00 0.00 1.45361
4 155.00 0.00 152.50 0.00 130.00 0.00 132.50 0.00 0.0129467
4 152.50 0.00 150.00 0.00 132.50 0.00 135.00 0.00 0.0374426
4 150.00 0.00 147.50 0.00 137.50 0.00 140.00 0.00 0.258574
4 147.50 0.00 145.00 0.00 140.00 0.00 142.50 0.00 2.87418
4 155.00 0.00 152.50 0.00 132.50 0.00 135.00 0.00 0.014189
4 152.50 0.00 150.00 0.00 135.00 0.00 137.50 0.00 0.0832097
4 195.00 0.00 175.00 0.00 95.00 0.00 115.00 0.00 0.0319533
4 160.00 0.00 150.00 0.00 130.00 0.00 140.00 0.00 0.610547
4 180.00 0.00 170.00 0.00 110.00 0.00 120.00 0.00 0.0172534
4 190.00 0.00 180.00 0.00 100.00 0.00 110.00 0.00 0.00733158
4 165.00 0.00 160.00 0.00 125.00 0.00 130.00 0.00 0.0218374
4 195.00 0.00 170.00 0.00 95.00 0.00 120.00 0.00 0.0620623
4 190.00 0.00 175.00 0.00 100.00 0.00 115.00 0.00 0.0209537
4 160.00 0.00 155.00 0.00 130.00 0.00 135.00 0.00 0.0502906
4 155.00 0.00 150.00 0.00 135.00 0.00 140.00 0.00 0.323491
4 195.00 0.00 185.00 0.00 95.00 0.00 105.00 0.00 0.00551252
4 150.00 0.00 147.50 0.00 140.00 0.00 142.50 0.00 0.324915
4 185.00 0.00 175.00 0.00 105.00 0.00 115.00 0.00 0.0110431
4 185.00 0.00 165.00 0.00 105.00 0.00 125.00 0.00 0.0756201
4 165.00 0.00 155.00 0.00 125.00 0.00 135.00 0.00 0.135418
4 175.00 0.00 155.00 0.00 115.00 0.00 135.00 0.00 0.273583
4 175.00 0.00 160.00 0.00 115.00 0.00 130.00 0.00 0.0994772
4 175.00 0.00 165.00 0.00 115.00 0.00 125.00 0.00 0.0295998
4 170.00 0.00 165.00 0.00 120.00 0.00 125.00 0.00 0.00952295
4 170.00 0.00 160.00 0.00 120.00 0.00 130.00 0.00 0.0623326
4 157.50 0.00 155.00 0.00 132.50 0.00 135.00 0.00 0.0134683
4 155.00 0.00 152.50 0.00 135.00 0.00 137.50 0.00 0.0317404
4 152.50 0.00 150.00 0.00 137.50 0.00 140.00 0.00 0.151814
4 150.00 0.00 147.50 0.00 142.50 0.00 145.00 0.00 1.17863
4 155.00 0.00 152.50 0.00 137.50 0.00 140.00 0.00 0.0560275
4 157.50 0.00 155.00 0.00 135.00 0.00 137.50 0.00 0.0285175
4 152.50 0.00 150.00 0.00 140.00 0.00 142.50 0.00 0.162251
4 155.00 0.00 150.00 0.00 140.00 0.00 145.00 0.00 0.694151
4 160.00 0.00 155.00 0.00 135.00 0.00 140.00 0.00 0.139852
4 165.00 0.00 160.00 0.00 130.00 0.00 135.00 0.00 0.0321203
4 185.00 0.00 160.00 0.00 110.00 0.00 135.00 0.00 0.218567
4 200.00 0.00 185.00 0.00 95.00 0.00 110.00 0.00 0.0136921
4 170.00 0.00 165.00 0.00 125.00 0.00 130.00 0.00 0.00971687
4 170.00 0.00 155.00 0.00 125.00 0.00 140.00 0.00 0.408511
4 185.00 0.00 170.00 0.00 110.00 0.00 125.00 0.00 0.0460283
4 155.00 0.00 152.50 0.00 140.00 0.00 142.50 0.00 0.0508165
4 152.50 0.00 150.00 0.00 142.50 0.00 145.00 0.00 0.374234
4 160.00 0.00 157.50 0.00 135.00 0.00 137.50 0.00 0.0240646
4 157.50 0.00 155.00 0.00 137.50 0.00 140.00 0.00 0.0471341
4 152.50 0.00 150.00 0.00 145.00 0.00 147.50 0.00 1.93978
4 160.00 0.00 157.50 0.00 137.50 0.00 140.00 0.00 0.0398696
4 155.00 0.00 152.50 0.00 142.50 0.00 145.00 0.00 0.100127
4 157.50 0.00 155.00 0.00 140.00 0.00 142.50 0.00 0.0419499
4 200.00 0.00 190.00 0.00 100.00 0.00 110.00 0.00 0.00774268
4 165.00 0.00 160.00 0.00 135.00 0.00 140.00 0.00 0.0830044
4 170.00 0.00 160.00 0.00 130.00 0.00 140.00 0.00 0.155762
4 180.00 0.00 170.00 0.00 120.00 0.00 130.00 0.00 0.0342544
4 190.00 0.00 170.00 0.00 110.00 0.00 130.00 0.00 0.0766188
4 170.00 0.00 165.00 0.00 130.00 0.00 135.00 0.00 0.0123526
4 160.00 0.00 155.00 0.00 140.00 0.00 145.00 0.00 0.210243
4 200.00 0.00 175.00 0.00 100.00 0.00 125.00 0.00 0.0729876
4 190.00 0.00 180.00 0.00 110.00 0.00 120.00 0.00 0.00891282
4 200.00 0.00 180.00 0.00 100.00 0.00 120.00 0.00 0.0327423
4 165.00 0.00 155.00 0.00 135.00 0.00 145.00 0.00 0.543245
4 195.00 0.00 185.00 0.00 105.00 0.00 115.00 0.00 0.00686092
4 180.00 0.00 165.00 0.00 120.00 0.00 135.00 0.00 0.0837731
4 175.00 0.00 165.00 0.00 125.00 0.00 135.00 0.00 0.0400142
4 175.00 0.00 170.00 0.00 125.00 0.00 130.00 0.00 0.0081757
4 195.00 0.00 180.00 0.00 105.00 0.00 120.00 0.00 0.0184805
4 180.00 0.00 160.00 0.00 120.00 0.00 140.00 0.00 0.308357
4 185.00 0.00 175.00 0.00 115.00 0.00 125.00 0.00 0.0217286
4 162.50 0.00 160.00 0.00 137.50 0.00 140.00 0.00 0.0291514
4 160.00 0.00 157.50 0.00 140.00 0.00 142.50 0.00 0.0345941
4 157.50 0.00 155.00 0.00 142.50 0.00 145.00 0.00 0.0738406
4 155.00 0.00 152.50 0.00 145.00 0.00 147.50 0.00 0.27782
4 162.50 0.00 160.00 0.00 140.00 0.00 142.50 0.00 0.0236677
4 155.00 0.00 152.50 0.00 147.50 0.00 150.00 0.00 0.933829
4 160.00 0.00 157.50 0.00 142.50 0.00 145.00 0.00 0.0592121
4 157.50 0.00 155.00 0.00 145.00 0.00 147.50 0.00 0.16247
4 175.00 0.00 160.00 0.00 130.00 0.00 145.00 0.00 0.358995
4 165.00 0.00 160.00 0.00 140.00 0.00 145.00 0.00 0.112004
4 190.00 0.00 165.00 0.00 115.00 0.00 140.00 0.00 0.208561
4 190.00 0.00 175.00 0.00 115.00 0.00 130.00 0.00 0.0425446
4 175.00 0.00 170.00 0.00 130.00 0.00 135.00 0.00 0.0103318
4 170.00 0.00 165.00 0.00 135.00 0.00 140.00 0.00 0.029188
4 160.00 0.00 155.00 0.00 145.00 0.00 150.00 0.00 0.711905
4 157.50 0.00 155.00 0.00 147.50 0.00 150.00 0.00 0.270736
4 165.00 0.00 162.50 0.00 140.00 0.00 142.50 0.00 0.0181879
4 162.50 0.00 160.00 0.00 142.50 0.00 145.00 0.00 0.0396445
4 160.00 0.00 157.50 0.00 145.00 0.00 147.50 0.00 0.121271
4 165.00 0.00 162.50 0.00 142.50 0.00 145.00 0.00 0.0301159
4 162.50 0.00 160.00 0.00 145.00 0.00 147.50 0.00 0.0767622
4 160.00 0.00 157.50 0.00 147.50 0.00 150.00 0.00 0.168752
4 157.50 0.00 155.00 0.00 150.00 0.00 152.50 0.00 2.44962
4 170.00 0.00 165.00 0.00 140.00 0.00 145.00 0.00 0.0360744
4 185.00 0.00 165.00 0.00 125.00 0.00 145.00 0.00 0.225117
4 200.00 0.00 190.00 0.00 110.00 0.00 120.00 0.00 0.00870623
4 175.00 0.00 170.00 0.00 135.00 0.00 140.00 0.00 0.0220009
4 185.00 0.00 175.00 0.00 125.00 0.00 135.00 0.00 0.0252828
4 175.00 0.00 165.00 0.00 135.00 0.00 145.00 0.00 0.110418
4 200.00 0.00 185.00 0.00 110.00 0.00 125.00 0.00 0.0247291
4 195.00 0.00 185.00 0.00 115.00 0.00 125.00 0.00 0.0126176
4 185.00 0.00 170.00 0.00 125.00 0.00 140.00 0.00 0.0899951
4 170.00 0.00 160.00 0.00 140.00 0.00 150.00 0.00 0.514618
4 180.00 0.00 175.00 0.00 130.00 0.00 135.00 0.00 0.00843023
4 165.00 0.00 160.00 0.00 145.00 0.00 150.00 0.00 0.289772
4 180.00 0.00 170.00 0.00 130.00 0.00 140.00 0.00 0.0562607
4 195.00 0.00 175.00 0.00 115.00 0.00 135.00 0.00 0.0719341
4 190.00 0.00 180.00 0.00 120.00 0.00 130.00 0.00 0.0162964
4 165.00 0.00 162.50 0.00 145.00 0.00 147.50 0.00 0.0552496
4 160.00 0.00 157.50 0.00 150.00 0.00 152.50 0.00 0.943132
4 167.50 0.00 165.00 0.00 142.50 0.00 145.00 0.00 0.0148728
4 162.50 0.00 160.00 0.00 147.50 0.00 150.00 0.00 0.0942351
4 165.00 0.00 162.50 0.00 147.50 0.00 150.00 0.00 0.0638375
4 167.50 0.00 165.00 0.00 145.00 0.00 147.50 0.00 0.0263984
4 162.50 0.00 160.00 0.00 150.00 0.00 152.50 0.00 0.399822
4 160.00 0.00 157.50 0.00 152.50 0.00 155.00 0.00 2.45831
4 180.00 0.00 175.00 0.00 135.00 0.00 140.00 0.00 0.0159342
4 165.00 0.00 160.00 0.00 150.00 0.00 155.00 0.00 1.33225
4 175.00 0.00 170.00 0.00 140.00 0.00 145.00 0.00 0.0241988
4 195.00 0.00 170.00 0.00 120.00 0.00 145.00 0.00 0.204375
4 170.00 0.00 165.00 0.00 145.00 0.00 150.00 0.00 0.0779384
4 180.00 0.00 165.00 0.00 135.00 0.00 150.00 0.00 0.289938
4 195.00 0.00 180.00 0.00 120.00 0.00 135.00 0.00 0.0354433
4 162.50 0.00 160.00 0.00 152.50 0.00 155.00 0.00 0.499888
4 165.00 0.00 162.50 0.00 150.00 0.00 152.50 0.00 0.231455
4 170.00 0.00 167.50 0.00 145.00 0.00 147.50 0.00 0.011443
4 167.50 0.00 165.00 0.00 147.50 0.00 150.00 0.00 0.0283761
4 167.50 0.00 165.00 0.00 150.00 0.00 152.50 0.00 0.095252
4 165.00 0.00 162.50 0.00 152.50 0.00 155.00 0.00 0.207765
4 170.00 0.00 167.50 0.00 147.50 0.00 150.00 0.00 0.0113715
4 162.50 0.00 160.00 0.00 155.00 0.00 157.50 0.00 3.92803
4 175.00 0.00 165.00 0.00 145.00 0.00 155.00 0.00 0.454946
4 195.00 0.00 185.00 0.00 125.00 0.00 135.00 0.00 0.0128493
4 190.00 0.00 170.00 0.00 130.00 0.00 150.00 0.00 0.219722
4 200.00 0.00 180.00 0.00 120.00 0.00 140.00 0.00 0.0719125
4 185.00 0.00 180.00 0.00 135.00 0.00 140.00 0.00 0.00864146
4 190.00 0.00 175.00 0.00 130.00 0.00 145.00 0.00 0.076713
4 190.00 0.00 180.00 0.00 130.00 0.00 140.00 0.00 0.0213683
4 180.00 0.00 175.00 0.00 140.00 0.00 145.00 0.00 0.0167462
4 170.00 0.00 165.00 0.00 150.00 0.00 155.00 0.00 0.236778
4 185.00 0.00 175.00 0.00 135.00 0.00 145.00 0.00 0.0492035
4 180.00 0.00 170.00 0.00 140.00 0.00 150.00 0.00 0.109872
4 175.00 0.00 170.00 0.00 145.00 0.00 150.00 0.00 0.0430421
4 200.00 0.00 190.00 0.00 120.00 0.00 130.00 0.00 0.0149525
4 165.00 0.00 162.50 0.00 155.00 0.00 157.50 0.00 0.918439
4 172.50 0.00 170.00 0.00 147.50 0.00 150.00 0.00 0.0106644
4 170.00 0.00 167.50 0.00 150.00 0.00 152.50 0.00 0.0351639
4 167.50 0.00 165.00 0.00 152.50 0.00 155.00 0.00 0.0777517
4 172.50 0.00 170.00 0.00 150.00 0.00 152.50 0.00 0.0294687
4 165.00 0.00 162.50 0.00 157.50 0.00 160.00 0.00 5.89782
4 167.50 0.00 165.00 0.00 155.00 0.00 157.50 0.00 0.272942
4 170.00 0.00 167.50 0.00 152.50 0.00 155.00 0.00 0.0271868
4 185.00 0.00 170.00 0.00 140.00 0.00 155.00 0.00 0.301517
4 185.00 0.00 180.00 0.00 140.00 0.00 145.00 0.00 0.0079676
4 200.00 0.00 185.00 0.00 125.00 0.00 140.00 0.00 0.0370488
4 175.00 0.00 170.00 0.00 150.00 0.00 155.00 0.00 0.0986544
4 180.00 0.00 175.00 0.00 145.00 0.00 150.00 0.00 0.0263611
4 170.00 0.00 165.00 0.00 155.00 0.00 160.00 0.00 1.38029
4 200.00 0.00 175.00 0.00 125.00 0.00 150.00 0.00 0.185516
4 172.50 0.00 170.00 0.00 152.50 0.00 155.00 0.00 0.0233951
4 167.50 0.00 165.00 0.00 157.50 0.00 160.00 0.00 0.85903
4 170.00 0.00 167.50 0.00 155.00 0.00 157.50 0.00 0.0792027
4 175.00 0.00 172.50 0.00 150.00 0.00 152.50 0.00 0.0257842
4 170.00 0.00 167.50 0.00 157.50 0.00 160.00 0.00 0.162693
4 172.50 0.00 170.00 0.00 155.00 0.00 157.50 0.00 0.0582044
4 167.50 0.00 165.00 0.00 160.00 0.00 162.50 0.00 9.98758
4 175.00 0.00 172.50 0.00 152.50 0.00 155.00 0.00 0.0197514
4 190.00 0.00 185.00 0.00 140.00 0.00 145.00 0.00 0.00553785
4 195.00 0.00 175.00 0.00 135.00 0.00 155.00 0.00 0.217705
4 200.00 0.00 190.00 0.00 130.00 0.00 140.00 0.00 0.018823
4 195.00 0.00 180.00 0.00 135.00 0.00 150.00 0.00 0.0638315
4 185.00 0.00 175.00 0.00 145.00 0.00 155.00 0.00 0.111537
4 180.00 0.00 170.00 0.00 150.00 0.00 160.00 0.00 0.57067
4 180.00 0.00 175.00 0.00 150.00 0.00 155.00 0.00 0.0545536
4 175.00 0.00 170.00 0.00 155.00 0.00 160.00 0.00 0.29006
4 195.00 0.00 185.00 0.00 135.00 0.00 145.00 0.00 0.0211475
4 185.00 0.00 180.00 0.00 145.00 0.00 150.00 0.00 0.0113735
4 190.00 0.00 180.00 0.00 140.00 0.00 150.00 0.00 0.0324427
4 175.00 0.00 172.50 0.00 155.00 0.00 157.50 0.00 0.0471252
4 170.00 0.00 167.50 0.00 160.00 0.00 162.50 0.00 0.653754
4 177.50 0.00 175.00 0.00 152.50 0.00 155.00 0.00 0.0156439
4 172.50 0.00 170.00 0.00 157.50 0.00 160.00 0.00 0.104232
4 172.50 0.00 170.00 0.00 160.00 0.00 162.50 0.00 0.241149
4 175.00 0.00 172.50 0.00 157.50 0.00 160.00 0.00 0.0798782
4 170.00 0.00 167.50 0.00 162.50 0.00 165.00 0.00 4.97836
4 177.50 0.00 175.00 0.00 155.00 0.00 157.50 0.00 0.0371616
4 180.00 0.00 175.00 0.00 155.00 0.00 160.00 0.00 0.129248
4 190.00 0.00 185.00 0.00 145.00 0.00 150.00 0.00 0.00689811
4 190.00 0.00 175.00 0.00 145.00 0.00 160.00 0.00 0.314505
4 175.00 0.00 170.00 0.00 160.00 0.00 165.00 0.00 1.49983
4 185.00 0.00 180.00 0.00 150.00 0.00 155.00 0.00 0.0190588
4 177.50 0.00 175.00 0.00 157.50 0.00 160.00 0.00 0.0584937
4 175.00 0.00 172.50 0.00 160.00 0.00 162.50 0.00 0.164673
4 172.50 0.00 170.00 0.00 162.50 0.00 165.00 0.00 0.682902
4 180.00 0.00 177.50 0.00 155.00 0.00 157.50 0.00 0.0135058
4 180.00 0.00 177.50 0.00 157.50 0.00 160.00 0.00 0.0203692
4 175.00 0.00 172.50 0.00 162.50 0.00 165.00 0.00 0.398571
4 177.50 0.00 175.00 0.00 160.00 0.00 162.50 0.00 0.110358
4 172.50 0.00 170.00 0.00 165.00 0.00 167.50 0.00 2.17816
4 200.00 0.00 180.00 0.00 140.00 0.00 160.00 0.00 0.18874
4 180.00 0.00 175.00 0.00 160.00 0.00 165.00 0.00 0.456802
4 190.00 0.00 185.00 0.00 150.00 0.00 155.00 0.00 0.010732
4 195.00 0.00 190.00 0.00 145.00 0.00 150.00 0.00 0.0075926
4 200.00 0.00 190.00 0.00 140.00 0.00 150.00 0.00 0.0232116
4 190.00 0.00 180.00 0.00 150.00 0.00 160.00 0.00 0.0861764
4 185.00 0.00 180.00 0.00 155.00 0.00 160.00 0.00 0.0375704
4 195.00 0.00 185.00 0.00 145.00 0.00 155.00 0.00 0.0357708
4 200.00 0.00 185.00 0.00 140.00 0.00 155.00 0.00 0.0655422
4 185.00 0.00 175.00 0.00 155.00 0.00 165.00 0.00 0.713329
4 182.50 0.00 180.00 0.00 157.50 0.00 160.00 0.00 0.012527
4 175.00 0.00 172.50 0.00 165.00 0.00 167.50 0.00 0.69946
4 180.00 0.00 177.50 0.00 160.00 0.00 162.50 0.00 0.0343403
4 177.50 0.00 175.00 0.00 162.50 0.00 165.00 0.00 0.245526
4 175.00 0.00 172.50 0.00 167.50 0.00 170.00 0.00 5.14584
4 182.50 0.00 180.00 0.00 160.00 0.00 162.50 0.00 0.0201052
4 180.00 0.00 177.50 0.00 162.50 0.00 165.00 0.00 0.065732
4 177.50 0.00 175.00 0.00 165.00 0.00 167.50 0.00 0.337839
4 190.00 0.00 185.00 0.00 155.00 0.00 160.00 0.00 0.0185604
4 180.00 0.00 175.00 0.00 165.00 0.00 170.00 0.00 1.69013
4 195.00 0.00 190.00 0.00 150.00 0.00 155.00 0.00 0.010472
4 185.00 0.00 180.00 0.00 160.00 0.00 165.00 0.00 0.090426
4 195.00 0.00 180.00 0.00 150.00 0.00 165.00 0.00 0.270563
4 180.00 0.00 177.50 0.00 165.00 0.00 167.50 0.00 0.0791273
4 177.50 0.00 175.00 0.00 167.50 0.00 170.00 0.00 1.10455
4 185.00 0.00 182.50 0.00 160.00 0.00 162.50 0.00 0.0139041
4 182.50 0.00 180.00 0.00 162.50 0.00 165.00 0.00 0.0338174
4 180.00 0.00 177.50 0.00 167.50 0.00 170.00 0.00 0.157335
4 177.50 0.00 175.00 0.00 170.00 0.00 172.50 0.00 9.81346
4 182.50 0.00 180.00 0.00 165.00 0.00 167.50 0.00 0.0379043
4 185.00 0.00 182.50 0.00 162.50 0.00 165.00 0.00 0.0225177
4 185.00 0.00 180.00 0.00 165.00 0.00 170.00 0.00 0.146145
4 195.00 0.00 190.00 0.00 155.00 0.00 160.00 0.00 0.0157475
4 200.00 0.00 190.00 0.00 150.00 0.00 160.00 0.00 0.0472534
4 190.00 0.00 180.00 0.00 160.00 0.00 170.00 0.00 0.326489
4 200.00 0.00 195.00 0.00 150.00 0.00 155.00 0.00 0.00806411
4 190.00 0.00 185.00 0.00 160.00 0.00 165.00 0.00 0.0385716
4 195.00 0.00 185.00 0.00 155.00 0.00 165.00 0.00 0.10274
4 182.50 0.00 180.00 0.00 167.50 0.00 170.00 0.00 0.0541002
4 187.50 0.00 185.00 0.00 162.50 0.00 165.00 0.00 0.0111589
4 185.00 0.00 182.50 0.00 165.00 0.00 167.50 0.00 0.0237174
4 180.00 0.00 177.50 0.00 170.00 0.00 172.50 0.00 0.734816
4 187.50 0.00 185.00 0.00 165.00 0.00 167.50 0.00 0.01135
4 185.00 0.00 182.50 0.00 167.50 0.00 170.00 0.00 0.0304373
4 180.00 0.00 177.50 0.00 172.50 0.00 175.00 0.00 4.03399
4 182.50 0.00 180.00 0.00 170.00 0.00 172.50 0.00 0.174575
4 190.00 0.00 185.00 0.00 165.00 0.00 170.00 0.00 0.0510329
4 195.00 0.00 190.00 0.00 160.00 0.00 165.00 0.00 0.0293548
4 200.00 0.00 185.00 0.00 155.00 0.00 170.00 0.00 0.244484
4 200.00 0.00 195.00 0.00 155.00 0.00 160.00 0.00 0.0134017
4 185.00 0.00 180.00 0.00 170.00 0.00 175.00 0.00 0.968665
4 182.50 0.00 180.00 0.00 172.50 0.00 175.00 0.00 0.514285
4 190.00 0.00 187.50 0.00 165.00 0.00 167.50 0.00 0.0120626
4 187.50 0.00 185.00 0.00 167.50 0.00 170.00 0.00 0.0137956
4 185.00 0.00 182.50 0.00 170.00 0.00 172.50 0.00 0.0832522
4 190.00 0.00 187.50 0.00 167.50 0.00 170.00 0.00 0.0139841
4 187.50 0.00 185.00 0.00 170.00 0.00 172.50 0.00 0.0344436
4 185.00 0.00 182.50 0.00 172.50 0.00 175.00 0.00 0.194531
4 182.50 0.00 180.00 0.00 175.00 0.00 177.50 0.00 2.84736
4 195.00 0.00 185.00 0.00 165.00 0.00 175.00 0.00 0.379463
4 190.00 0.00 185.00 0.00 170.00 0.00 175.00 0.00 0.195397
4 200.00 0.00 190.00 0.00 160.00 0.00 170.00 0.00 0.107618
4 195.00 0.00 190.00 0.00 165.00 0.00 170.00 0.00 0.0335912
4 200.00 0.00 195.00 0.00 160.00 0.00 165.00 0.00 0.0224781
4 190.00 0.00 187.50 0.00 170.00 0.00 172.50 0.00 0.0326139
4 192.50 0.00 190.00 0.00 167.50 0.00 170.00 0.00 0.00987994
4 187.50 0.00 185.00 0.00 172.50 0.00 175.00 0.00 0.0686207
4 185.00 0.00 182.50 0.00 175.00 0.00 177.50 0.00 0.798625
4 192.50 0.00 190.00 0.00 170.00 0.00 172.50 0.00 0.0221466
4 187.50 0.00 185.00 0.00 175.00 0.00 177.50 0.00 0.229914
4 190.00 0.00 187.50 0.00 172.50 0.00 175.00 0.00 0.0592352
4 185.00 0.00 182.50 0.00 177.50 0.00 180.00 0.00 1.32397
4 190.00 0.00 185.00 0.00 175.00 0.00 180.00 0.00 0.926535
4 200.00 0.00 195.00 0.00 165.00 0.00 170.00 0.00 0.0220001
4 195.00 0.00 190.00 0.00 170.00 0.00 175.00 0.00 0.099674
4 190.00 0.00 187.50 0.00 175.00 0.00 177.50 0.00 0.173735
4 195.00 0.00 192.50 0.00 170.00 0.00 172.50 0.00 0.0145166
4 187.50 0.00 185.00 0.00 177.50 0.00 180.00 0.00 0.31265
4 192.50 0.00 190.00 0.00 172.50 0.00 175.00 0.00 0.0378772
4 192.50 0.00 190.00 0.00 175.00 0.00 177.50 0.00 0.101687
4 190.00 0.00 187.50 0.00 177.50 0.00 180.00 0.00 0.210445
4 195.00 0.00 192.50 0.00 172.50 0.00 175.00 0.00 0.0249409
4 187.50 0.00 185.00 0.00 180.00 0.00 182.50 0.00 0.685741
4 200.00 0.00 195.00 0.00 170.00 0.00 175.00 0.00 0.0530301
4 200.00 0.00 190.00 0.00 170.00 0.00 180.00 0.00 0.626062
4 195.00 0.00 190.00 0.00 175.00 0.00 180.00 0.00 0.337354
4 190.00 0.00 187.50 0.00 180.00 0.00 182.50 0.00 0.367973
4 197.50 0.00 195.00 0.00 172.50 0.00 175.00 0.00 0.0183
4 195.00 0.00 192.50 0.00 175.00 0.00 177.50 0.00 0.0609546
4 192.50 0.00 190.00 0.00 177.50 0.00 180.00 0.00 0.112454
4 190.00 0.00 187.50 0.00 182.50 0.00 185.00 0.00 1.00112
4 197.50 0.00 195.00 0.00 175.00 0.00 177.50 0.00 0.0409369
4 195.00 0.00 192.50 0.00 177.50 0.00 180.00 0.00 0.0612532
4 192.50 0.00 190.00 0.00 180.00 0.00 182.50 0.00 0.176491
4 195.00 0.00 190.00 0.00 180.00 0.00 185.00 0.00 0.804229
4 200.00 0.00 195.00 0.00 175.00 0.00 180.00 0.00 0.135892
4 192.50 0.00 190.00 0.00 182.50 0.00 185.00 0.00 0.380272
4 195.00 0.00 192.50 0.00 180.00 0.00 182.50 0.00 0.0873065
4 197.50 0.00 195.00 0.00 177.50 0.00 180.00 0.00 0.0395267
4 200.00 0.00 197.50 0.00 175.00 0.00 177.50 0.00 0.02891
4 195.00 0.00 192.50 0.00 182.50 0.00 185.00 0.00 0.158934
4 197.50 0.00 195.00 0.00 180.00 0.00 182.50 0.00 0.0529713
4 200.00 0.00 197.50 0.00 177.50 0.00 180.00 0.00 0.0265822
4 192.50 0.00 190.00 0.00 185.00 0.00 187.50 0.00 0.881005
4 200.00 0.00 195.00 0.00 180.00 0.00 185.00 0.00 0.224122
4 200.00 0.00 197.50 0.00 180.00 0.00 182.50 0.00 0.0340972
4 197.50 0.00 195.00 0.00 182.50 0.00 185.00 0.00 0.0860199
4 195.00 0.00 192.50 0.00 185.00 0.00 187.50 0.00 0.230191
4 200.00 0.00 197.50 0.00 182.50 0.00 185.00 0.00 0.0509192
4 197.50 0.00 195.00 0.00 185.00 0.00 187.50 0.00 0.0984664
4 195.00 0.00 192.50 0.00 187.50 0.00 190.00 0.00 3.85707
4 200.00 0.00 195.00 0.00 185.00 0.00 190.00 0.00 0.843041
4 200.00 0.00 197.50 0.00 185.00 0.00 187.50 0.00 0.0536207
4 197.50 0.00 195.00 0.00 187.50 0.00 190.00 0.00 0.521269
4 200.00 0.00 197.50 0.00 187.50 0.00 190.00 0.00 0.168793
4 197.50 0.00 195.00 0.00 190.00 0.00 192.50 0.00 3.85269
4 200.00 0.00 197.50 0.00 190.00 0.00 192.50 0.00 0.612728
4 200.00 0.00 197.50 0.00 192.50 0.00 195.00 0.00 8.78585
Topography in a separate list
2
16
0.00 23.09
12.05 19.66
23.07 19.87
27.61 19.17
37.75 19.53
51.55 16.2
73.52 12.87
98.16 13.33
111.01 11.48
123.88 11.53
135.63 14.83
148.58 13.06
160.15 10.16
172.15 2.22
184.5 0.42
196.57 0
0
0
0
0
0
0
0
0
