1.20370230719632e+03
1.20370230719632e+03
1.45383464960320e+03
1.45383464960320e+03
1.52691854683949e+03
1.52691854683949e+03
1.05478227820529e+03
1.05478227820529e+03
1.21703476607442e+03
1.21703476607442e+03
1.17572400602694e+03
1.17572400602694e+03
1.16054302547241e+03
1.16054302547241e+03
1.01247199554038e+03
1.01247199554038e+03
1.21340122114916e+03
1.21340122114916e+03
1.25695582180587e+03
1.25695582180587e+03
1.66905082663812e+03
1.66905082663812e+03
8.14597856875989e+02
8.14597856875989e+02
9.60557810891540e+02
9.60557810891540e+02
9.90781073961433e+02
9.90781073961433e+02
1.38420224113521e+03
1.38420224113521e+03
1.15078119237766e+03
1.15078119237766e+03
8.83955685671561e+02
8.83955685671561e+02
1.23077655380515e+03
1.23077655380515e+03
7.80020129773897e+02
7.80020129773897e+02
8.96555622236484e+02
8.96555622236484e+02
8.98113595322200e+02
8.98113595322200e+02
1.25115600821791e+03
1.25115600821791e+03
1.10229844888421e+03
1.10229844888421e+03
1.28611967027396e+03
1.28611967027396e+03
7.46656452446702e+02
7.46656452446702e+02
8.35868588962210e+02
8.35868588962210e+02
8.06609311951935e+02
8.06609311951935e+02
1.08757317351691e+03
1.08757317351691e+03
9.50429651443526e+02
9.50429651443526e+02
1.15557774985953e+03
1.15557774985953e+03
1.22220742056741e+03
1.22220742056741e+03
7.78991621396583e+02
7.78991621396583e+02
9.39129392030941e+02
9.39129392030941e+02
1.03841125661685e+03
1.03841125661685e+03
7.13767071333796e+02
7.13767071333796e+02
7.82921953491028e+02
7.82921953491028e+02
7.31623338311006e+02
7.31623338311006e+02
9.49152144444420e+02
9.49152144444420e+02
8.01779442025019e+02
8.01779442025019e+02
9.61149477685688e+02
9.61149477685688e+02
1.01631914180312e+03
1.01631914180312e+03
1.27114093032237e+03
1.27114093032237e+03
7.66527681152633e+02
7.66527681152633e+02
6.97902386800197e+02
6.97902386800197e+02
8.74264426727733e+02
8.74264426727733e+02
7.05826083651778e+02
7.05826083651778e+02
8.07292834915638e+02
8.07292834915638e+02
7.92214460120682e+02
7.92214460120682e+02
8.98382834384637e+02
8.98382834384637e+02
1.07660228797689e+03
1.07660228797689e+03
8.56877489623641e+02
8.56877489623641e+02
7.44654773543140e+02
7.44654773543140e+02
8.01845490642671e+02
8.01845490642671e+02
7.60612480616544e+02
7.60612480616544e+02
8.37844783950596e+02
8.37844783950596e+02
7.00690350762345e+02
7.00690350762345e+02
8.68671511056920e+02
8.68671511056920e+02
6.90403204730389e+02
6.90403204730389e+02
7.77082842197234e+02
7.77082842197234e+02
7.36441964613641e+02
7.36441964613641e+02
7.83972608294356e+02
7.83972608294356e+02
8.73977927694404e+02
8.73977927694404e+02
1.07171502671989e+03
1.07171502671989e+03
8.89424651582329e+02
8.89424651582329e+02
6.99319227015174e+02
6.99319227015174e+02
7.78580514797316e+02
7.78580514797316e+02
7.19732672713640e+02
7.19732672713640e+02
7.29167804310201e+02
7.29167804310201e+02
7.49176327520509e+02
7.49176327520509e+02
8.23569804969527e+02
8.23569804969527e+02
9.13943052697859e+02
9.13943052697859e+02
7.80848261123236e+02
7.80848261123236e+02
8.10994643299881e+02
8.10994643299881e+02
8.52861538355508e+02
8.52861538355508e+02
7.74811941432955e+02
7.74811941432955e+02
7.43431187767311e+02
7.43431187767311e+02
7.89189550925638e+02
7.89189550925638e+02
7.67150301186423e+02
7.67150301186423e+02
8.52039829897193e+02
8.52039829897193e+02
7.79847268112659e+02
7.79847268112659e+02
7.70998601411368e+02
7.70998601411368e+02
7.53017788700168e+02
7.53017788700168e+02
7.58800842389970e+02
7.58800842389970e+02
7.62703581860513e+02
7.62703581860513e+02
9.10090190273830e+02
9.10090190273830e+02
1.06227022139866e+03
1.06227022139866e+03
9.72934509304766e+02
9.72934509304766e+02
9.56691326426842e+02
9.56691326426842e+02
9.15865231053015e+02
9.15865231053015e+02
8.85142531457187e+02
8.85142531457187e+02
8.40392977669066e+02
8.40392977669066e+02
8.49086179371136e+02
8.49086179371136e+02
1.09844147637219e+03
1.09844147637219e+03
9.26803758357773e+02
9.26803758357773e+02
8.20284625439594e+02
8.20284625439594e+02
1.04103950113167e+03
1.04103950113167e+03
1.10303150131995e+03
1.10303150131995e+03
1.01083727856307e+03
1.01083727856307e+03
9.62628133674652e+02
9.62628133674652e+02
8.90826485646746e+02
8.90826485646746e+02
8.21735355989944e+02
8.21735355989944e+02
9.69647603462071e+02
9.69647603462071e+02
9.55968899343851e+02
9.55968899343851e+02
9.10384230502770e+02
9.10384230502770e+02
8.65598107112996e+02
8.65598107112996e+02
8.04443015830455e+02
8.04443015830455e+02
7.49501048776467e+02
7.49501048776467e+02
8.17486581948022e+02
8.17486581948022e+02
1.04529371218184e+03
1.04529371218184e+03
9.83134739735496e+02
9.83134739735496e+02
9.37539175920538e+02
9.37539175920538e+02
8.88031885163727e+02
8.88031885163727e+02
8.23378631926559e+02
8.23378631926559e+02
7.49817390199240e+02
7.49817390199240e+02
7.60440671094890e+02
7.60440671094890e+02
8.99752847054019e+02
8.99752847054019e+02
1.40156962980716e+03
1.40156962980716e+03
9.11535153305178e+02
9.11535153305178e+02
1.03643256011940e+03
1.03643256011940e+03
9.14479869908027e+02
9.14479869908027e+02
9.93600079824516e+02
9.93600079824516e+02
1.06679901611002e+03
1.06679901611002e+03
9.96597859897331e+02
9.96597859897331e+02
9.71917775523860e+02
9.71917775523860e+02
8.94199348131901e+02
8.94199348131901e+02
7.61350711206647e+02
7.61350711206647e+02
8.12984388088180e+02
8.12984388088180e+02
9.05972966447675e+02
9.05972966447675e+02
8.53762985828636e+02
8.53762985828636e+02
7.87518235036358e+02
7.87518235036358e+02
7.04160836050572e+02
7.04160836050572e+02
6.73484768026809e+02
6.73484768026809e+02
7.20930313129924e+02
7.20930313129924e+02
1.02763571065318e+03
1.02763571065318e+03
1.24031482957321e+03
1.24031482957321e+03
9.01989918416437e+02
9.01989918416437e+02
8.33308129722891e+02
8.33308129722891e+02
7.42167003110837e+02
7.42167003110837e+02
6.90410796103902e+02
6.90410796103902e+02
6.91840916825324e+02
6.91840916825324e+02
8.86087598146738e+02
8.86087598146738e+02
9.90701359207356e+02
9.90701359207356e+02
1.23980439487628e+03
1.23980439487628e+03
1.00937351525187e+03
1.00937351525187e+03
1.04844904301200e+03
1.04844904301200e+03
1.00542416468041e+03
1.00542416468041e+03
8.19495938168140e+02
8.19495938168140e+02
1.01752158852548e+03
1.01752158852548e+03
1.10457482327736e+03
1.10457482327736e+03
1.04890399931414e+03
1.04890399931414e+03
1.04576380995758e+03
1.04576380995758e+03
9.71255113656089e+02
9.71255113656089e+02
8.20010690425262e+02
8.20010690425262e+02
7.18843545022476e+02
7.18843545022476e+02
9.50664737154684e+02
9.50664737154684e+02
9.41361025008361e+02
9.41361025008361e+02
8.42572367886899e+02
8.42572367886899e+02
7.78996204239694e+02
7.78996204239694e+02
7.59360599818616e+02
7.59360599818616e+02
9.08338345382671e+02
9.08338345382671e+02
9.32878137367114e+02
9.32878137367114e+02
1.14314896634056e+03
1.14314896634056e+03
1.28195023067964e+03
1.28195023067964e+03
8.61396515625901e+02
8.61396515625901e+02
7.95247208902151e+02
7.95247208902151e+02
7.64590906132639e+02
7.64590906132639e+02
8.73392182438158e+02
8.73392182438158e+02
8.25219060432014e+02
8.25219060432014e+02
9.27032721005908e+02
9.27032721005908e+02
1.01860606852803e+03
1.01860606852803e+03
1.16362392383394e+03
1.16362392383394e+03
9.75208403682459e+02
9.75208403682459e+02
1.07376612059535e+03
1.07376612059535e+03
1.01653034780709e+03
1.01653034780709e+03
7.65507951502894e+02
7.65507951502894e+02
1.10075520801566e+03
1.10075520801566e+03
1.06049629303941e+03
1.06049629303941e+03
1.08059611267597e+03
1.08059611267597e+03
1.02405631778818e+03
1.02405631778818e+03
8.84799524840112e+02
8.84799524840112e+02
7.64656897885660e+02
7.64656897885660e+02
8.15431166849967e+02
8.15431166849967e+02
9.34373789614853e+02
9.34373789614853e+02
7.65118624818655e+02
7.65118624818655e+02
7.34442707232850e+02
7.34442707232850e+02
8.23369394140173e+02
8.23369394140173e+02
7.42353544005253e+02
7.42353544005253e+02
7.79601975691126e+02
7.79601975691126e+02
8.20135536721594e+02
8.20135536721594e+02
9.35585849467392e+02
9.35585849467392e+02
1.31786354758261e+03
1.31786354758261e+03
7.19000336638201e+02
7.19000336638201e+02
7.99367544525344e+02
7.99367544525344e+02
7.01488532965883e+02
7.01488532965883e+02
7.01512722914358e+02
7.01512722914358e+02
7.05718560231868e+02
7.05718560231868e+02
7.83155982067078e+02
7.83155982067078e+02
1.08294934282678e+03
1.08294934282678e+03
1.37455409982683e+03
1.37455409982683e+03
1.02190332580210e+03
1.02190332580210e+03
1.03634240119159e+03
1.03634240119159e+03
9.19015623665530e+02
9.19015623665530e+02
1.01579241665218e+03
1.01579241665218e+03
1.03760382288330e+03
1.03760382288330e+03
9.16960750357026e+02
9.16960750357026e+02
7.81827530654250e+02
7.81827530654250e+02
9.72316126519587e+02
9.72316126519587e+02
1.00339427122788e+03
1.00339427122788e+03
9.62280352650340e+02
9.62280352650340e+02
8.44466657478063e+02
8.44466657478063e+02
7.37950288348354e+02
7.37950288348354e+02
7.42232589314909e+02
7.42232589314909e+02
6.87956935241460e+02
6.87956935241460e+02
9.49575106801301e+02
9.49575106801301e+02
8.12781836163064e+02
8.12781836163064e+02
7.00721480368990e+02
7.00721480368990e+02
6.75400533894353e+02
6.75400533894353e+02
6.51403479411773e+02
6.51403479411773e+02
6.94876353708464e+02
6.94876353708464e+02
9.22250270182934e+02
9.22250270182934e+02
1.18745571546536e+03
1.18745571546536e+03
1.28674340033361e+03
1.28674340033361e+03
7.14600104062593e+02
7.14600104062593e+02
6.72142042781398e+02
6.72142042781398e+02
6.27419634850077e+02
6.27419634850077e+02
6.44651254249322e+02
6.44651254249322e+02
8.12371991049958e+02
8.12371991049958e+02
1.02433790581495e+03
1.02433790581495e+03
1.16328811484035e+03
1.16328811484035e+03
1.31165296618684e+03
1.31165296618684e+03
1.01883536429853e+03
1.01883536429853e+03
1.03285456138074e+03
1.03285456138074e+03
8.33289226111182e+02
8.33289226111182e+02
9.88241651362356e+02
9.88241651362356e+02
9.87995240137043e+02
9.87995240137043e+02
7.90920899291015e+02
7.90920899291015e+02
6.96512690560890e+02
6.96512690560890e+02
1.02021495236788e+03
1.02021495236788e+03
9.86353024565495e+02
9.86353024565495e+02
8.74472001964180e+02
8.74472001964180e+02
7.72960888422643e+02
7.72960888422643e+02
7.68377590175108e+02
7.68377590175108e+02
6.38795381121254e+02
6.38795381121254e+02
7.19381571651391e+02
7.19381571651391e+02
1.06488666856027e+03
1.06488666856027e+03
6.64538954065072e+02
6.64538954065072e+02
6.04442120954262e+02
6.04442120954262e+02
6.00126504953965e+02
6.00126504953965e+02
7.13543091671575e+02
7.13543091671575e+02
8.53899695506217e+02
8.53899695506217e+02
9.59871374772099e+02
9.59871374772099e+02
1.11103887495598e+03
1.11103887495598e+03
1.27587340641156e+03
1.27587340641156e+03
6.77071356697388e+02
6.77071356697388e+02
6.57664474785879e+02
6.57664474785879e+02
7.48259674911716e+02
7.48259674911716e+02
8.49219202883717e+02
8.49219202883717e+02
9.24318102621136e+02
9.24318102621136e+02
1.06027916267918e+03
1.06027916267918e+03
1.25434661338820e+03
1.25434661338820e+03
1.37552722828557e+03
1.37552722828557e+03
9.72325223673438e+02
9.72325223673438e+02
1.02580263421191e+03
1.02580263421191e+03
8.01529227106370e+02
8.01529227106370e+02
1.02950540057662e+03
1.02950540057662e+03
1.07050860651357e+03
1.07050860651357e+03
9.86407092190406e+02
9.86407092190406e+02
8.27901094291257e+02
8.27901094291257e+02
7.05030829512437e+02
7.05030829512437e+02
1.15759380551945e+03
1.15759380551945e+03
1.03661336381727e+03
1.03661336381727e+03
9.27452168263334e+02
9.27452168263334e+02
9.26465888735659e+02
9.26465888735659e+02
7.36289730516192e+02
7.36289730516192e+02
7.22808528720948e+02
7.22808528720948e+02
8.81430573286145e+02
8.81430573286145e+02
1.15806276187657e+03
1.15806276187657e+03
7.00314392842442e+02
7.00314392842442e+02
7.70487672826340e+02
7.70487672826340e+02
8.32560000683841e+02
8.32560000683841e+02
8.67215383277335e+02
8.67215383277335e+02
9.58380160778561e+02
9.58380160778561e+02
1.11469107682020e+03
1.11469107682020e+03
1.27692227968697e+03
1.27692227968697e+03
1.33614104461953e+03
1.33614104461953e+03
7.77623327508171e+02
7.77623327508171e+02
8.10352942255351e+02
8.10352942255351e+02
8.11277742760235e+02
8.11277742760235e+02
8.56298019200344e+02
8.56298019200344e+02
9.49558057623115e+02
9.49558057623115e+02
1.05873626366477e+03
1.05873626366477e+03
1.13964705633806e+03
1.13964705633806e+03
1.21378958764400e+03
1.21378958764400e+03
1.05178079515292e+03
1.05178079515292e+03
9.19883505152222e+02
9.19883505152222e+02
1.07279926594306e+03
1.07279926594306e+03
1.05648255591429e+03
1.05648255591429e+03
7.76535049224650e+02
7.76535049224650e+02
1.16972102883403e+03
1.16972102883403e+03
1.20981062419341e+03
1.20981062419341e+03
1.01549141165636e+03
1.01549141165636e+03
8.44783827927282e+02
8.44783827927282e+02
8.25631774229640e+02
8.25631774229640e+02
1.13663373446762e+03
1.13663373446762e+03
1.03250080781150e+03
1.03250080781150e+03
1.04672680929776e+03
1.04672680929776e+03
8.27203475427246e+02
8.27203475427246e+02
7.73351936183983e+02
7.73351936183983e+02
8.20683767945727e+02
8.20683767945727e+02
9.05813227621341e+02
9.05813227621341e+02
1.08964042640117e+03
1.08964042640117e+03
8.43520696815214e+02
8.43520696815214e+02
8.28196439313142e+02
8.28196439313142e+02
8.51954412239052e+02
8.51954412239052e+02
9.13459684833991e+02
9.13459684833991e+02
9.85008592509640e+02
9.85008592509640e+02
1.05083586432491e+03
1.05083586432491e+03
1.20376069582271e+03
1.20376069582271e+03
1.33491187133033e+03
1.33491187133033e+03
8.52127793609506e+02
8.52127793609506e+02
8.62026673904866e+02
8.62026673904866e+02
9.00831735946439e+02
9.00831735946439e+02
9.36601573365986e+02
9.36601573365986e+02
9.61211636333851e+02
9.61211636333851e+02
1.09660302224325e+03
1.09660302224325e+03
1.26469665739805e+03
1.26469665739805e+03
1.26195798261024e+03
1.26195798261024e+03
1.04618529413852e+03
1.04618529413852e+03
1.13317329655601e+03
1.13317329655601e+03
9.62375833121898e+02
9.62375833121898e+02
1.23396504823491e+03
1.23396504823491e+03
1.10784893627485e+03
1.10784893627485e+03
8.26055614939937e+02
8.26055614939937e+02
1.20609916112205e+03
1.20609916112205e+03
1.29334357652469e+03
1.29334357652469e+03
1.25140173542042e+03
1.25140173542042e+03
1.11029043394946e+03
1.11029043394946e+03
8.47814500367947e+02
8.47814500367947e+02
8.99372115098607e+02
8.99372115098607e+02
1.19174932328615e+03
1.19174932328615e+03
1.22906612583982e+03
1.22906612583982e+03
9.80672747436383e+02
9.80672747436383e+02
9.14243978767190e+02
9.14243978767190e+02
9.32104714807612e+02
9.32104714807612e+02
9.45284688006206e+02
9.45284688006206e+02
9.92646467849352e+02
9.92646467849352e+02
1.23528141224698e+03
1.23528141224698e+03
1.02492844425478e+03
1.02492844425478e+03
1.05705059705180e+03
1.05705059705180e+03
1.07457405924373e+03
1.07457405924373e+03
1.06580480141809e+03
1.06580480141809e+03
1.18301576187988e+03
1.18301576187988e+03
1.33798133899756e+03
1.33798133899756e+03
1.39978580871367e+03
1.39978580871367e+03
1.32718216581096e+03
1.32718216581096e+03
1.05966873009754e+03
1.05966873009754e+03
1.06257779548998e+03
1.06257779548998e+03
1.02761592660497e+03
1.02761592660497e+03
1.10556038849645e+03
1.10556038849645e+03
1.19523534070947e+03
1.19523534070947e+03
1.21958522794355e+03
1.21958522794355e+03
1.21362899518703e+03
1.21362899518703e+03
1.10576179381107e+03
1.10576179381107e+03
1.07599179472108e+03
1.07599179472108e+03
1.28371386504922e+03
1.28371386504922e+03
9.86066547064101e+02
9.86066547064101e+02
1.36090012388808e+03
1.36090012388808e+03
1.19308385227852e+03
1.19308385227852e+03
8.92518318800752e+02
8.92518318800752e+02
1.37569554844109e+03
1.37569554844109e+03
1.48082130626016e+03
1.48082130626016e+03
1.30902627407404e+03
1.30902627407404e+03
1.15241494340255e+03
1.15241494340255e+03
9.82233528910743e+02
9.82233528910743e+02
1.00611035139434e+03
1.00611035139434e+03
1.44229795458326e+03
1.44229795458326e+03
1.16065817792663e+03
1.16065817792663e+03
1.08608066129797e+03
1.08608066129797e+03
1.09593126801031e+03
1.09593126801031e+03
1.08740221509192e+03
1.08740221509192e+03
1.07233680236205e+03
1.07233680236205e+03
1.17309204200626e+03
1.17309204200626e+03
1.20420989642030e+03
1.20420989642030e+03
1.14884839006398e+03
1.14884839006398e+03
1.09792266984250e+03
1.09792266984250e+03
1.16039311623070e+03
1.16039311623070e+03
1.21114787698149e+03
1.21114787698149e+03
1.19100139198479e+03
1.19100139198479e+03
1.17248493172991e+03
1.17248493172991e+03
1.15626623613464e+03
1.15626623613464e+03
1.36460839856946e+03
1.36460839856946e+03
1.23340977943202e+03
1.23340977943202e+03
1.28868754327151e+03
1.28868754327151e+03
1.30810901646022e+03
1.30810901646022e+03
1.23546939003971e+03
1.23546939003971e+03
1.16611254651111e+03
1.16611254651111e+03
1.12600015714310e+03
1.12600015714310e+03
1.38781650907464e+03
1.38781650907464e+03
1.34032841708553e+03
1.34032841708553e+03
1.18622847632426e+03
1.18622847632426e+03
1.38247656129361e+03
1.38247656129361e+03
1.02404702524664e+03
1.02404702524664e+03
1.39427069214724e+03
1.39427069214724e+03
1.50537293728342e+03
1.50537293728342e+03
1.24704162882903e+03
1.24704162882903e+03
1.03137904251352e+03
1.03137904251352e+03
1.45687459824353e+03
1.45687459824353e+03
1.60853905768346e+03
1.60853905768346e+03
1.62207872774091e+03
1.62207872774091e+03
1.51137103222606e+03
1.51137103222606e+03
1.19652018136088e+03
1.19652018136088e+03
1.16074383365937e+03
1.16074383365937e+03
1.18294113947091e+03
1.18294113947091e+03
1.37695336091360e+03
1.37695336091360e+03
1.29368341322262e+03
1.29368341322262e+03
1.30204913040653e+03
1.30204913040653e+03
1.28825669662399e+03
1.28825669662399e+03
1.25818934720642e+03
1.25818934720642e+03
1.29297953153148e+03
1.29297953153148e+03
1.16412647790047e+03
1.16412647790047e+03
1.25406718733321e+03
1.25406718733321e+03
1.27951845268183e+03
1.27951845268183e+03
1.28370841513520e+03
1.28370841513520e+03
1.18545999897240e+03
1.18545999897240e+03
1.08264212908659e+03
1.08264212908659e+03
1.00092685488223e+03
1.00092685488223e+03
1.18079553168212e+03
1.18079553168212e+03
1.16328365643430e+03
1.16328365643430e+03
1.07568556164402e+03
1.07568556164402e+03
1.18184215379770e+03
1.18184215379770e+03
1.09293877872399e+03
1.09293877872399e+03
9.97457596579856e+02
9.97457596579856e+02
9.16532078745549e+02
9.16532078745549e+02
1.06540126822440e+03
1.06540126822440e+03
1.04085419288632e+03
1.04085419288632e+03
1.03804788751275e+03
1.03804788751275e+03
1.18947956232301e+03
1.18947956232301e+03
1.18629493342960e+03
1.18629493342960e+03
1.44504208028434e+03
1.44504208028434e+03
1.10212827778703e+03
1.10212827778703e+03
1.53656003718967e+03
1.53656003718967e+03
1.52663847319728e+03
1.52663847319728e+03
1.26309352320217e+03
1.26309352320217e+03
1.14087350283204e+03
1.14087350283204e+03
1.50140655214907e+03
1.50140655214907e+03
1.67027946678496e+03
1.67027946678496e+03
1.53629732562870e+03
1.53629732562870e+03
1.41795542480628e+03
1.41795542480628e+03
1.22635758811602e+03
1.22635758811602e+03
1.21201882688227e+03
1.21201882688227e+03
1.15763324281131e+03
1.15763324281131e+03
1.12184603531959e+03
1.12184603531959e+03
1.13287986200160e+03
1.13287986200160e+03
1.12944998351794e+03
1.12944998351794e+03
1.12160832102260e+03
1.12160832102260e+03
1.16584924594031e+03
1.16584924594031e+03
1.02885196704943e+03
1.02885196704943e+03
1.00924005803618e+03
1.00924005803618e+03
1.04750875954854e+03
1.04750875954854e+03
1.07515648965741e+03
1.07515648965741e+03
9.88315690761201e+02
9.88315690761201e+02
9.14382649831583e+02
9.14382649831583e+02
1.06764103519238e+03
1.06764103519238e+03
1.04777030008527e+03
1.04777030008527e+03
1.07727185396391e+03
1.07727185396391e+03
1.33318419444237e+03
1.33318419444237e+03
1.40905267358096e+03
1.40905267358096e+03
8.13112929359732e+02
8.13112929359732e+02
7.52462825769120e+02
7.52462825769120e+02
8.77030258728207e+02
8.77030258728207e+02
8.57504379113313e+02
8.57504379113313e+02
8.86041569074643e+02
8.86041569074643e+02
1.09628432268748e+03
1.09628432268748e+03
1.16968259172416e+03
1.16968259172416e+03
1.22382077738099e+03
1.22382077738099e+03
1.40128257288917e+03
1.40128257288917e+03
1.17244757371743e+03
1.17244757371743e+03
1.38866973885581e+03
1.38866973885581e+03
1.44194380645165e+03
1.44194380645165e+03
1.11928647560857e+03
1.11928647560857e+03
1.45650613755956e+03
1.45650613755956e+03
1.41418998657213e+03
1.41418998657213e+03
1.14033559193060e+03
1.14033559193060e+03
1.15294146319471e+03
1.15294146319471e+03
1.08810049573000e+03
1.08810049573000e+03
1.23049152819729e+03
1.23049152819729e+03
1.28131335909774e+03
1.28131335909774e+03
1.23756675993728e+03
1.23756675993728e+03
1.01226488640196e+03
1.01226488640196e+03
9.97122814517180e+02
9.97122814517180e+02
1.02731059682498e+03
1.02731059682498e+03
9.32579759317826e+02
9.32579759317826e+02
8.14627506876400e+02
8.14627506876400e+02
8.08098757007655e+02
8.08098757007655e+02
8.06967565214192e+02
8.06967565214192e+02
8.48240813782864e+02
8.48240813782864e+02
7.58356486475020e+02
7.58356486475020e+02
7.48446662473387e+02
7.48446662473387e+02
8.03513922123323e+02
8.03513922123323e+02
1.07528573424816e+03
1.07528573424816e+03
5.80832928227605e+02
5.80832928227605e+02
6.77668793539495e+02
6.77668793539495e+02
6.63927673563512e+02
6.63927673563512e+02
6.93400675719496e+02
6.93400675719496e+02
8.64069847651201e+02
8.64069847651201e+02
9.26854423611601e+02
9.26854423611601e+02
9.68155771869113e+02
9.68155771869113e+02
1.23447801712428e+03
1.23447801712428e+03
1.39900071457127e+03
1.39900071457127e+03
1.15825659538357e+03
1.15825659538357e+03
1.34402866079195e+03
1.34402866079195e+03
1.26625382064618e+03
1.26625382064618e+03
1.08159960635757e+03
1.08159960635757e+03
1.04776037086452e+03
1.04776037086452e+03
1.21266824048359e+03
1.21266824048359e+03
1.10038179170722e+03
1.10038179170722e+03
9.48573998797310e+02
9.48573998797310e+02
9.37739843030003e+02
9.37739843030003e+02
9.32489712816310e+02
9.32489712816310e+02
1.05836809798148e+03
1.05836809798148e+03
9.95838701451956e+02
9.95838701451956e+02
9.41132483053891e+02
9.41132483053891e+02
8.09993122644222e+02
8.09993122644222e+02
7.99916573860612e+02
7.99916573860612e+02
7.82337547814167e+02
7.82337547814167e+02
7.74159787724579e+02
7.74159787724579e+02
7.90481151244315e+02
7.90481151244315e+02
7.88303529325676e+02
7.88303529325676e+02
8.28573222352412e+02
8.28573222352412e+02
7.37917247588992e+02
7.37917247588992e+02
7.16003366176332e+02
7.16003366176332e+02
7.57773780608152e+02
7.57773780608152e+02
9.84437053005224e+02
9.84437053005224e+02
1.23370424423363e+03
1.23370424423363e+03
1.47304486661100e+03
1.24371388756290e+03
1.24371388756290e+03
1.05550696156762e+03
1.05550696156762e+03
1.08094361263244e+03
1.08094361263244e+03
9.64847167163100e+02
9.64847167163100e+02
9.16887986733424e+02
9.16887986733424e+02
8.60888656713717e+02
8.60888656713717e+02
9.09806661688468e+02
9.09806661688468e+02
8.03235548521112e+02
8.03235548521112e+02
7.35676371556325e+02
7.35676371556325e+02
7.12544541367180e+02
7.12544541367180e+02
7.98717680736096e+02
7.98717680736096e+02
8.50761560614507e+02
8.50761560614507e+02
8.40664303899894e+02
8.40664303899894e+02
6.96818301592168e+02
6.96818301592168e+02
6.75307219698935e+02
6.75307219698935e+02
7.00622876381735e+02
7.00622876381735e+02
6.38879239577734e+02
6.38879239577734e+02
8.29293557366458e+02
8.29293557366458e+02
5.15457697736207e+02
5.15457697736207e+02
5.50840816265760e+02
5.50840816265760e+02
4.99666446517249e+02
4.99666446517249e+02
4.91863073580133e+02
4.91863073580133e+02
5.28017396919712e+02
5.28017396919712e+02
6.86860925373496e+02
6.86860925373496e+02
8.25056078829669e+02
8.25056078829669e+02
9.46675544007422e+02
9.46675544007422e+02
1.02060711160864e+03
1.19635195335761e+03
8.14860485879044e+02
9.19382411870472e+02
1.14093831716828e+03
1.00586737479145e+03
1.00586737479145e+03
8.38705259540422e+02
8.38705259540422e+02
8.21931155619090e+02
8.21931155619090e+02
7.13980843958129e+02
7.13980843958129e+02
6.86419842344490e+02
6.86419842344490e+02
7.10099133976322e+02
7.10099133976322e+02
7.28912719320828e+02
7.28912719320828e+02
6.06676859769296e+02
6.06676859769296e+02
6.21079052977215e+02
6.21079052977215e+02
6.10071580156723e+02
6.10071580156723e+02
5.39774603006299e+02
5.39774603006299e+02
5.22354335111494e+02
5.22354335111494e+02
5.09241958487970e+02
5.09241958487970e+02
4.45735684930219e+02
4.45735684930219e+02
4.47456978467582e+02
4.47456978467582e+02
4.58028961488441e+02
4.58028961488441e+02
4.58421291768047e+02
4.58421291768047e+02
7.02944001901998e+02
7.02944001901998e+02
3.88478816509438e+02
3.88478816509438e+02
3.55086921096252e+02
3.55086921096252e+02
3.49518539592301e+02
3.49518539592301e+02
3.72158626700076e+02
3.72158626700076e+02
4.71230962588713e+02
4.71230962588713e+02
5.22663591620101e+02
5.22663591620101e+02
5.53116742333462e+02
5.53116742333462e+02
8.30456266286098e+02
8.30456266286098e+02
6.48567087883686e+02
7.15011610135365e+02
8.97592246664887e+02
1.02239186471262e+03
5.51852205064871e+02
5.80096852841022e+02
6.95758267820426e+02
8.15565114607511e+02
1.12126721444401e+03
7.37087856072945e+02
7.37087856072945e+02
6.60401150189248e+02
6.60401150189248e+02
5.72824366935198e+02
5.72824366935198e+02
6.61683513748135e+02
6.61683513748135e+02
5.51513256664126e+02
5.51513256664126e+02
5.58834042445877e+02
5.58834042445877e+02
3.95749035906318e+02
3.95749035906318e+02
4.81163027812507e+02
4.81163027812507e+02
4.62467566636953e+02
4.62467566636953e+02
4.05392342855034e+02
4.05392342855034e+02
4.21101321281800e+02
4.21101321281800e+02
5.02489431472341e+02
5.02489431472341e+02
3.89835833162301e+02
3.89835833162301e+02
3.94742433836111e+02
3.94742433836111e+02
3.34465494511549e+02
3.34465494511549e+02
3.27124912786167e+02
3.27124912786167e+02
3.48218259845728e+02
3.48218259845728e+02
3.27388381899244e+02
3.27388381899244e+02
4.01624200308952e+02
4.01624200308952e+02
5.01970077756375e+02
5.01970077756375e+02
2.94881487158795e+02
2.94881487158795e+02
2.90293611958767e+02
2.90293611958767e+02
3.07016049844921e+02
3.07016049844921e+02
3.81348060673299e+02
3.81348060673299e+02
4.02112319581138e+02
4.02112319581138e+02
4.04474785930414e+02
4.04474785930414e+02
5.28221992484027e+02
5.28221992484027e+02
7.35037072318906e+02
7.35037072318906e+02
4.47052165087735e+02
4.65049537592587e+02
5.48883668148586e+02
6.65764602591713e+02
9.84240658183385e+02
1.46075269974827e+03
3.84301236159871e+02
3.75859984836753e+02
3.99942428297823e+02
4.54198089136804e+02
6.57728568886951e+02
8.86398568266405e+02
1.49131258179037e+03
5.42053423153966e+02
5.42053423153966e+02
5.58074151878785e+02
5.58074151878785e+02
5.29736664413427e+02
5.29736664413427e+02
4.08679620257752e+02
4.08679620257752e+02
4.24882829570628e+02
4.24882829570628e+02
3.76455784683744e+02
3.76455784683744e+02
4.01431150611179e+02
4.01431150611179e+02
3.12751395808552e+02
3.12751395808552e+02
3.47236585583818e+02
3.47236585583818e+02
3.23097116591303e+02
3.23097116591303e+02
3.01051033305694e+02
3.01051033305694e+02
3.08703169287893e+02
3.08703169287893e+02
4.13830514234795e+02
4.13830514234795e+02
2.96793574953247e+02
2.96793574953247e+02
2.94696843116419e+02
2.94696843116419e+02
2.59185635208393e+02
2.59185635208393e+02
2.60698907305828e+02
2.60698907305828e+02
2.73030876022809e+02
2.73030876022809e+02
2.69051227875428e+02
2.69051227875428e+02
3.51643744382503e+02
3.51643744382503e+02
4.36602067303617e+02
4.36602067303617e+02
2.18411741613272e+02
2.18411741613272e+02
2.28573187070277e+02
2.28573187070277e+02
2.77846361473483e+02
2.77846361473483e+02
2.80319766920105e+02
2.80319766920105e+02
2.72050910756120e+02
2.72050910756120e+02
3.23237719793827e+02
3.23237719793827e+02
3.74919546117984e+02
3.74919546117984e+02
7.41363705068868e+02
7.41363705068868e+02
2.44487474823732e+02
2.39942456267167e+02
2.52614550251390e+02
2.89050717388693e+02
4.37648630670257e+02
6.16356332093089e+02
1.03486483169203e+03
1.64925732937987e+03
2.13935591979309e+02
2.13631582711794e+02
2.32991473097936e+02
3.47825664441183e+02
4.73179914378912e+02
7.32063852146402e+02
1.15216528037162e+03
1.63957771275246e+03
3.78470980881019e+02
3.78470980881019e+02
3.66489113505330e+02
3.66489113505330e+02
3.64790663873409e+02
3.64790663873409e+02
3.05404369022556e+02
3.05404369022556e+02
2.96911854124941e+02
2.96911854124941e+02
2.86580800542112e+02
2.86580800542112e+02
3.27639799040764e+02
3.27639799040764e+02
2.54766337868899e+02
2.54766337868899e+02
2.72494284422477e+02
2.72494284422477e+02
2.33770916405290e+02
2.33770916405290e+02
2.43301201157662e+02
2.43301201157662e+02
2.42548350492486e+02
2.42548350492486e+02
3.26076957958112e+02
3.26076957958112e+02
2.28098250399090e+02
2.28098250399090e+02
1.94797739763676e+02
1.94797739763676e+02
1.89178532122633e+02
1.89178532122633e+02
2.02539470175566e+02
2.02539470175566e+02
1.92564501159193e+02
1.92564501159193e+02
2.24736146572450e+02
2.24736146572450e+02
2.40793242774825e+02
2.40793242774825e+02
3.14330788785519e+02
3.14330788785519e+02
1.60299611538294e+02
1.60299611538294e+02
1.92360008791568e+02
1.92360008791568e+02
1.88508922835005e+02
1.88508922835005e+02
1.79620448725890e+02
1.79620448725890e+02
2.06555151295678e+02
2.06555151295678e+02
2.08146023783103e+02
2.08146023783103e+02
3.89204827773792e+02
3.89204827773792e+02
9.32149288205299e+02
9.32149288205299e+02
1.78419477404633e+02
1.85497835571288e+02
2.71269329511373e+02
3.55936419022208e+02
5.11774323954093e+02
7.85605680131775e+02
1.36984586449490e+03
1.87549774626275e+03
2.12514074521169e+02
3.03369412356562e+02
3.82376850886238e+02
4.97642269102876e+02
6.73478124819472e+02
1.23321879412183e+03
1.48470260044982e+03
1.93673288498264e+03
2.95925523833306e+02
2.95925523833306e+02
2.74361924662223e+02
2.74361924662223e+02
2.83624804756110e+02
2.83624804756110e+02
2.60228911901427e+02
2.60228911901427e+02
2.39889013967953e+02
2.39889013967953e+02
2.36372218951109e+02
2.36372218951109e+02
2.86910312734637e+02
2.86910312734637e+02
1.84289750157953e+02
1.84289750157953e+02
2.26972494867664e+02
2.26972494867664e+02
2.23582871015498e+02
2.23582871015498e+02
1.94132206507729e+02
1.94132206507729e+02
2.02520237195134e+02
2.02520237195134e+02
2.17470711565430e+02
2.17470711565430e+02
2.58951445059534e+02
2.58951445059534e+02
2.06971359518210e+02
2.06971359518210e+02
1.79558605358812e+02
1.79558605358812e+02
1.76972656055575e+02
1.76972656055575e+02
1.85585656299939e+02
1.85585656299939e+02
1.78034197431100e+02
1.78034197431100e+02
2.09031532900600e+02
2.09031532900600e+02
2.09530225851349e+02
2.09530225851349e+02
3.25788626344308e+02
3.25788626344308e+02
2.45402514768454e+02
2.45402514768454e+02
2.32051075825612e+02
2.32051075825612e+02
2.15284229699228e+02
2.41328483914829e+02
2.41328483914829e+02
2.13425933075541e+02
2.13425933075541e+02
3.43234809260618e+02
3.43234809260618e+02
5.53153983269247e+02
5.53153983269247e+02
1.23728737305305e+03
1.23728737305305e+03
2.95335061957919e+02
3.58471372201560e+02
4.24454567987056e+02
4.79013863916472e+02
8.27095013108303e+02
8.27017857737749e+02
1.20149034400766e+03
1.59463091351149e+03
1.20258609938931e+02
1.44369780232963e+02
2.41376922404423e+02
2.13186239435317e+02
3.21262382723207e+02
4.69286103039305e+02
2.86728169038133e+02
2.60202723708472e+02
2.60202723708472e+02
2.22515509346594e+02
2.22515509346594e+02
2.52354065797005e+02
2.52354065797005e+02
1.94184282767347e+02
1.94184282767347e+02
2.31693164051214e+02
2.31693164051214e+02
1.93737782765291e+02
1.93737782765291e+02
1.95192340576537e+02
1.95192340576537e+02
2.26246469575606e+02
2.26246469575606e+02
1.91891244729165e+02
1.91891244729165e+02
2.13716030510875e+02
2.13716030510875e+02
1.99098423503038e+02
1.99098423503038e+02
1.77050503446286e+02
1.77050503446286e+02
1.79286496013778e+02
1.79286496013778e+02
1.97177963692332e+02
1.97177963692332e+02
2.01205792593096e+02
2.01205792593096e+02
2.04313134407878e+02
2.04313134407878e+02
1.92071051538530e+02
1.92071051538530e+02
2.01549565301333e+02
2.01549565301333e+02
1.89641144035323e+02
1.89641144035323e+02
2.08961308537256e+02
2.08961308537256e+02
1.99898981440536e+02
1.99898981440536e+02
2.00258293592437e+02
2.00258293592437e+02
4.27271875520502e+02
4.27271875520502e+02
1.77993354885051e+02
1.77993354885051e+02
1.61572138789928e+02
1.61572138789928e+02
1.78432134898285e+02
1.50800940485833e+02
1.50800940485833e+02
2.30647428662193e+02
2.30647428662193e+02
3.00236244651210e+02
3.00236244651210e+02
4.96745760861843e+02
4.96745760861843e+02
1.08200059085824e+03
1.08200059085824e+03
5.06380092361711e+02
5.51196014203135e+02
9.70968453891738e+02
9.50103000024577e+02
1.65215526694702e+03
3.09957031223621e+03
3.11100726348130e+03
2.31717726198622e+02
3.02926618235716e+02
4.91625463457695e+02
9.15582917443287e+02
1.08195330038847e+03
1.77353271519241e+03
1.38024463420342e+03
2.31075292521627e+02
2.31075292521627e+02
2.31075292521627e+02
1.99472109427899e+02
1.99472109427899e+02
1.99472109427899e+02
2.15984487920366e+02
2.15984487920366e+02
2.15984487920366e+02
2.11986578791095e+02
2.11986578791095e+02
2.11986578791095e+02
2.21619284039483e+02
2.21619284039483e+02
2.21619284039483e+02
1.84027807605351e+02
1.84027807605351e+02
1.84027807605351e+02
1.82026572173283e+02
1.82026572173283e+02
1.82026572173283e+02
2.00561027783785e+02
2.00561027783785e+02
2.00561027783785e+02
2.37059247491771e+02
2.37059247491771e+02
2.37059247491771e+02
2.50868062151441e+02
2.50868062151441e+02
2.50868062151441e+02
2.07989852276537e+02
2.07989852276537e+02
2.07989852276537e+02
2.01994570401069e+02
2.01994570401069e+02
2.01994570401069e+02
1.91516190271880e+02
1.91516190271880e+02
1.91516190271880e+02
2.00861326890175e+02
2.00861326890175e+02
2.46472983711382e+02
2.46472983711382e+02
2.46472983711382e+02
1.99979776835620e+02
1.99979776835620e+02
1.99979776835620e+02
1.88296173720843e+02
1.88296173720843e+02
1.93104658546508e+02
1.93104658546508e+02
1.78676429718920e+02
1.78676429718920e+02
1.78676429718920e+02
1.91666639491842e+02
1.91666639491842e+02
1.91666639491842e+02
1.74173477105046e+02
1.74173477105046e+02
2.00369095352068e+02
2.00369095352068e+02
4.05438754040857e+02
4.05438754040857e+02
1.68166788991898e+02
1.68166788991898e+02
1.84738604867982e+02
1.84738604867982e+02
1.51448822685588e+02
1.51448822685588e+02
2.28711831119765e+02
2.28711831119765e+02
2.69606579641686e+02
2.69606579641686e+02
3.44171168841307e+02
3.44171168841307e+02
7.03975201179509e+02
7.03975201179509e+02
1.47806829186090e+03
1.47806829186090e+03
4.46305071837277e+02
3.13189010248297e+02
4.42017725875883e+02
7.13456128771618e+02
8.74575072860789e+02
1.43885280648937e+03
1.19989306125921e+03
1.12114687376738e+03
3.21251561088716e+02
4.17618837956579e+02
5.90149180508356e+02
7.14454731949337e+02
1.04318757561175e+03
7.57942578067961e+02
9.19628153750993e+02
1.52582542869597e+03
2.29431191248976e+02
2.29431191248976e+02
2.29431191248976e+02
2.36543474164178e+02
2.36543474164178e+02
2.00404918702272e+02
2.00404918702272e+02
2.00404918702272e+02
1.97639455081994e+02
1.97639455081994e+02
1.97639455081994e+02
2.70436241017914e+02
2.70436241017914e+02
2.57129496336724e+02
2.57129496336724e+02
2.57129496336724e+02
2.20793146396634e+02
2.20793146396634e+02
2.15481518740647e+02
2.15481518740647e+02
2.15481518740647e+02
1.99545517813126e+02
1.99545517813126e+02
2.46360640061773e+02
2.46360640061773e+02
2.46360640061773e+02
2.93215144463391e+02
2.93215144463391e+02
2.93215144463391e+02
2.81709801158686e+02
2.81709801158686e+02
2.81709801158686e+02
2.26999600182146e+02
2.26999600182146e+02
2.20639896486971e+02
2.20639896486971e+02
2.13315465191704e+02
2.13315465191704e+02
2.13315465191704e+02
1.93812689676892e+02
1.93812689676892e+02
2.63312579705530e+02
2.63312579705530e+02
2.53711887488792e+02
2.53711887488792e+02
2.56551760563333e+02
2.56551760563333e+02
2.35543648734107e+02
2.35543648734107e+02
2.44001895935613e+02
2.44001895935613e+02
2.44001895935613e+02
2.08832338743977e+02
2.08832338743977e+02
1.92744970627840e+02
1.92744970627840e+02
2.94478786346340e+02
2.94478786346340e+02
5.75319612168350e+02
5.75319612168350e+02
5.75319612168350e+02
2.62244263280665e+02
2.62244263280665e+02
2.15000765846188e+02
2.15000765846188e+02
3.84649123186801e+02
3.84649123186801e+02
4.26145160221638e+02
4.26145160221638e+02
4.26145160221638e+02
5.58546587078863e+02
5.58546587078863e+02
5.58546587078863e+02
9.82337386406942e+02
9.82337386406942e+02
9.82337386406942e+02
8.98724209834000e+02
8.98724209834000e+02
8.98724209834000e+02
5.02168259009919e+02
6.93898158945654e+02
8.58470009520143e+02
7.87669588906010e+02
1.03828339434422e+03
1.33944184093860e+03
1.38088284989793e+03
7.43768943656486e+02
1.40352695692759e+03
1.26439997919958e+03
1.41435714765771e+03
1.41016920406394e+03
1.77198178289627e+03
3.44347344953553e+02
2.73181816970449e+02
4.07541312190430e+02
8.74737432378023e+02
1.96686372916677e+02
3.04044720258231e+02
4.21545297973727e+02
5.62527187402682e+02
1.08161825898946e+03
1.02443563776648e+03
1.36406022491679e+03
6.66406973748494e+02
1.01604997157505e+03
6.27969802007770e+02
1.01005103797706e+03
1.15689812099197e+03
1.30171487514791e+03
1.64443310499766e+03
1.80289415885722e+03
9.45296647244165e+02
5.82718489807361e+02
1.00086872127317e+03
1.14311417685079e+03
1.37443289965186e+03
1.62500171548950e+03
1.84661081713560e+03
1.90694014258183e+03
2.64403191607579e+02
2.48369699722471e+02
4.63079051671074e+02
1.89955188987634e+02
2.99961552123318e+02
4.51830815871709e+02
9.79610697454588e+02
2.09604487943607e+02
2.55818835602661e+02
2.91710882860674e+02
3.88448686280468e+02
8.08637124587610e+02
8.53481460923591e+02
1.33788131750382e+03
1.83059189030959e+03
5.94662411648275e+02
1.07626315683980e+03
1.22181936809202e+03
1.54188639163264e+03
1.77106995145300e+03
2.02511297058721e+03
2.08447943718127e+03
1.85204552767944e+03
8.28338826115458e+02
9.28915911184357e+02
1.21567693784917e+03
1.38005046582826e+03
1.58753360204625e+03
1.64826529834767e+03
1.45276981993465e+03
1.38940878565249e+03
3.26508540157667e+02
2.50605241174334e+02
6.90271184594791e+02
1.69936674741798e+02
2.57139506963779e+02
5.94564335696693e+02
1.13017234078812e+03
2.16070934924075e+02
2.36856167677856e+02
2.94698987407871e+02
6.21186314646674e+02
6.85039621141556e+02
1.12771207345976e+03
1.53250862568026e+03
1.50520192411986e+03
9.75213468886396e+02
1.30316715037889e+03
1.44863846351169e+03
1.64135702660339e+03
1.67021300294485e+03
1.40936727681832e+03
1.34894435203382e+03
1.79872975894260e+03
1.27194338060781e+03
1.39258575601662e+03
1.55545326742813e+03
1.54592427549448e+03
1.23751403874798e+03
1.16220226753131e+03
1.38804573839920e+03
1.26827771634962e+03
3.65602535660345e+02
2.48938165371961e+02
6.95458137971971e+02
1.66253410873266e+02
2.21792215723946e+02
2.86841335828871e+02
6.83510651458293e+02
1.43187531779092e+03
2.85957128861557e+02
3.27868101477240e+02
6.75864908911417e+02
7.49448828620125e+02
1.21824181219724e+03
1.60049660098483e+03
1.42923248989994e+03
1.35353276206768e+03
1.65814667719050e+03
1.84461653209253e+03
1.81337708147576e+03
1.41022358919529e+03
1.32359287166570e+03
1.47734425740521e+03
1.26845777911472e+03
1.73804468511389e+03
2.00624810590198e+03
1.95609598392297e+03
1.49034752634720e+03
1.40305168562572e+03
1.50887763410945e+03
1.21565212650686e+03
1.56319155508218e+03
1.21426142288666e+03
2.79335704850236e+02
4.94602324073826e+02
1.98527202706292e+02
2.93942265875043e+02
9.70246581880507e+02
2.20687261105413e+02
3.05297091536454e+02
5.70852752885898e+02
1.10371745403350e+03
1.54550990481858e+03
3.87711854510484e+02
7.92649452011197e+02
8.79007051946647e+02
1.42264964950148e+03
1.87460266576338e+03
1.63117274570449e+03
1.42651862743561e+03
1.40286121544446e+03
1.82555399728896e+03
1.37188074399304e+03
1.29908398219806e+03
1.37820921335002e+03
1.07634903279385e+03
1.32805798859412e+03
1.07088975519130e+03
8.90283967780121e+02
1.32889181486062e+03
1.27855696376494e+03
1.37316241916149e+03
1.08478520097489e+03
1.36119650571141e+03
1.15736561935030e+03
1.09954510767167e+03
1.36884803065430e+03
2.82926658284033e+02
2.22854273546412e+02
5.90142486353478e+02
2.48985368809466e+02
5.00518496822711e+02
1.39119385995397e+03
2.28343050458328e+02
2.88567265211178e+02
3.43621035144932e+02
7.80131990082507e+02
1.59128821159189e+03
1.41279591677187e+03
6.39421993986030e+02
7.08935028542831e+02
1.14833226063211e+03
1.53544498255248e+03
1.34367907357057e+03
1.19521260944016e+03
1.14289972929628e+03
1.04876593348380e+03
9.68468337644454e+02
1.04526066825288e+03
8.27743025789666e+02
1.04462108007670e+03
9.14194950682748e+02
9.11133385618725e+02
1.08929215924148e+03
1.34973903535651e+03
1.34433493796791e+03
1.07168173626342e+03
1.36788191934863e+03
1.23184771268717e+03
1.28130476471819e+03
1.52925739611122e+03
1.79332292706001e+03
2.01132805226807e+03
4.23111415833682e+02
2.67514890296835e+02
9.10752153034431e+02
2.95175673180674e+02
6.60354426238439e+02
1.51675218297206e+03
2.06065016801147e+02
2.84114298262994e+02
4.95010659710430e+02
9.54807025591429e+02
1.40330621883341e+03
1.16332360353725e+03
6.86837506050083e+02
1.10908318018300e+03
1.50019252270736e+03
1.32007132738667e+03
1.19636885646939e+03
1.16696600425190e+03
1.20727088834802e+03
1.66481398180839e+03
8.89448462674416e+02
1.14914708000199e+03
1.06245490062668e+03
1.14653262007821e+03
1.39059358218195e+03
1.63438022857721e+03
1.83483256629810e+03
1.88704058618349e+03
1.21018220175290e+03
1.13240451946391e+03
1.24154102751616e+03
1.49180088168928e+03
1.70394844165641e+03
1.86110637806520e+03
1.83500072481906e+03
1.97837036637706e+03
5.67962636778498e+02
3.06271292598719e+02
1.27064757988395e+03
2.16802369148562e+02
2.92847435067335e+02
8.67137121667556e+02
1.28241713408812e+03
2.08402446535888e+02
2.55373040278164e+02
2.95220948306418e+02
6.46268239047602e+02
1.31801226528505e+03
1.22838859348469e+03
1.20772955698744e+03
1.05632148116714e+03
1.44252423623900e+03
1.27455875769561e+03
1.16989413085299e+03
1.15708429170674e+03
1.27245188684519e+03
1.70547096980421e+03
1.90876612367246e+03
1.29724813225507e+03
1.44166669809430e+03
1.72370420018918e+03
1.93246524088118e+03
2.09063105833095e+03
2.05454581147489e+03
2.42255496178743e+03
1.58507626199594e+03
1.52334584157881e+03
1.81443539692992e+03
2.00135089036235e+03
2.14834502778112e+03
2.10166491857881e+03
2.62540650957208e+03
1.84579589908717e+03
1.89365660290008e+03
8.17848311816832e+02
4.09328839596570e+02
1.24798969394415e+03
2.33351585450388e+02
4.26010949955798e+02
1.16374032492152e+03
1.19701821392092e+03
2.03594294160421e+02
2.79765769600980e+02
4.62845995866111e+02
8.84747175221986e+02
1.34867306515229e+03
1.17732474862133e+03
1.59745874615894e+03
1.45516810428986e+03
1.29482078233105e+03
1.20377283937799e+03
1.20868217999506e+03
1.37980949356690e+03
1.81234706717552e+03
1.97562281452987e+03
1.96935633317778e+03
1.57819762554880e+03
1.69318586245801e+03
1.77663140879058e+03
1.69231981765009e+03
2.14263525145984e+03
1.52203272427768e+03
1.58088628897854e+03
1.53880409368831e+03
2.13975059943622e+03
2.20231890304329e+03
2.04633167851416e+03
2.60148598477538e+03
1.83927339550648e+03
1.87012392798113e+03
1.73986329242667e+03
1.49327064534239e+03
6.54757843993308e+02
6.54757843993308e+02
6.74731329400399e+02
4.92862148658413e+02
4.92862148658413e+02
3.68428244403371e+02
3.68428244403371e+02
2.61748216355827e+02
2.61748216355827e+02
1.06300188910677e+03
1.06300188910677e+03
6.44447889543027e+02
7.49861676668856e+02
5.66799068928640e+02
4.80527275326642e+02
3.63242117354226e+02
3.63242117354226e+02
2.49335900634372e+02
5.37993590083876e+02
5.37993590083876e+02
1.29764092553891e+03
4.93200847322472e+02
4.23205581838396e+02
4.23205581838396e+02
2.39235873363009e+02
5.85173556631614e+02
5.85173556631614e+02
2.41724866498611e+02
2.89633892585761e+02
3.31118747406318e+02
7.08730759441402e+02
1.44643564536262e+03
1.39131871342470e+03
1.46708251735691e+03
2.03604374555448e+03
1.71515323589318e+03
1.59828734682986e+03
1.60779840079848e+03
1.85507322374660e+03
2.32788819254032e+03
2.32134991375284e+03
2.33985841629015e+03
1.95403053156894e+03
2.80193737004595e+03
2.58970016651407e+03
3.34083340199299e+03
2.40220242354329e+03
2.48290744642815e+03
2.36176306076097e+03
2.06365780870061e+03
1.67053287288590e+03
