1.16900097790848e+03
1.16900097790848e+03
1.46430022388839e+03
1.46430022388839e+03
1.51802322394642e+03
1.51802322394642e+03
1.01750376435399e+03
1.01750376435399e+03
1.16315569448189e+03
1.16315569448189e+03
1.14258790972485e+03
1.14258790972485e+03
1.12811946760498e+03
1.12811946760498e+03
1.02091699422871e+03
1.02091699422871e+03
1.21747611534032e+03
1.21747611534032e+03
1.29149069484720e+03
1.29149069484720e+03
1.65952956596111e+03
1.65952956596111e+03
8.09404716287122e+02
8.09404716287122e+02
9.50155031670185e+02
9.50155031670185e+02
1.00038236083090e+03
1.00038236083090e+03
1.35273382374369e+03
1.35273382374369e+03
1.18367098765624e+03
1.18367098765624e+03
8.77541125833839e+02
8.77541125833839e+02
1.21408680044360e+03
1.21408680044360e+03
7.79304869119287e+02
7.79304869119287e+02
8.91949292654088e+02
8.91949292654088e+02
9.11473430023290e+02
9.11473430023290e+02
1.23026445965542e+03
1.23026445965542e+03
1.13737851821616e+03
1.13737851821616e+03
1.29465725454077e+03
1.29465725454077e+03
7.43238558399122e+02
7.43238558399122e+02
8.28774590115644e+02
8.28774590115644e+02
8.15064528293621e+02
8.15064528293621e+02
1.06569649389053e+03
1.06569649389053e+03
9.75924496077719e+02
9.75924496077719e+02
1.15469374338279e+03
1.15469374338279e+03
1.24084842680543e+03
1.24084842680543e+03
7.76286262362112e+02
7.76286262362112e+02
9.31871673980422e+02
9.31871673980422e+02
1.04662941034621e+03
1.04662941034621e+03
7.16490954933457e+02
7.16490954933457e+02
7.82946667796855e+02
7.82946667796855e+02
7.44957352629921e+02
7.44957352629921e+02
9.38297387340755e+02
9.38297387340755e+02
8.28953235698148e+02
8.28953235698148e+02
9.65367581707375e+02
9.65367581707375e+02
1.03349368164490e+03
1.03349368164490e+03
1.30052939603820e+03
1.30052939603820e+03
7.57487299802420e+02
7.57487299802420e+02
7.01919622762800e+02
7.01919622762800e+02
8.53968022476544e+02
8.53968022476544e+02
7.20441178111986e+02
7.20441178111986e+02
7.99060101332247e+02
7.99060101332247e+02
7.93467339816867e+02
7.93467339816867e+02
9.01710244412861e+02
9.01710244412861e+02
1.09964373730774e+03
1.09964373730774e+03
8.50819506158182e+02
8.50819506158182e+02
7.39967084458562e+02
7.39967084458562e+02
7.94522506648659e+02
7.94522506648659e+02
7.63410657661606e+02
7.63410657661606e+02
8.42416231819385e+02
8.42416231819385e+02
7.11235193481905e+02
7.11235193481905e+02
8.56781087492645e+02
8.56781087492645e+02
7.11324210671654e+02
7.11324210671654e+02
7.76150862585361e+02
7.76150862585361e+02
7.44372439199835e+02
7.44372439199835e+02
7.93365994758131e+02
7.93365994758131e+02
8.95246852456142e+02
8.95246852456142e+02
1.08824905967514e+03
1.08824905967514e+03
8.72785782672541e+02
8.72785782672541e+02
7.16357362229335e+02
7.16357362229335e+02
7.72661663156322e+02
7.72661663156322e+02
7.22285552393317e+02
7.22285552393317e+02
7.31258940126966e+02
7.31258940126966e+02
7.57408848456247e+02
7.57408848456247e+02
8.23989703581017e+02
8.23989703581017e+02
9.37583405454143e+02
9.37583405454143e+02
7.80195893930877e+02
7.80195893930877e+02
8.03767446459776e+02
8.03767446459776e+02
8.43831347009183e+02
8.43831347009183e+02
7.76343065832933e+02
7.76343065832933e+02
7.44029563199970e+02
7.44029563199970e+02
7.90465829392229e+02
7.90465829392229e+02
7.81037104413602e+02
7.81037104413602e+02
8.40492663271099e+02
8.40492663271099e+02
7.77999718071691e+02
7.77999718071691e+02
7.68392044589448e+02
7.68392044589448e+02
7.55863186573938e+02
7.55863186573938e+02
7.54515137168165e+02
7.54515137168165e+02
7.74597791792279e+02
7.74597791792279e+02
9.33757531263604e+02
9.33757531263604e+02
1.07262392363899e+03
1.07262392363899e+03
9.93274187561095e+02
9.93274187561095e+02
9.74894369115324e+02
9.74894369115324e+02
9.38586840875987e+02
9.38586840875987e+02
8.97996237090620e+02
8.97996237090620e+02
8.66649159521811e+02
8.66649159521811e+02
8.75910408913449e+02
8.75910408913449e+02
1.15355761697179e+03
1.15355761697179e+03
9.22688518859356e+02
9.22688518859356e+02
8.24499275889328e+02
8.24499275889328e+02
1.04491744433461e+03
1.04491744433461e+03
1.10542259976875e+03
1.10542259976875e+03
1.02516970434406e+03
1.02516970434406e+03
9.73508888651101e+02
9.73508888651101e+02
8.99761238379228e+02
8.99761238379228e+02
8.41079851660349e+02
8.41079851660349e+02
9.70589661021461e+02
9.70589661021461e+02
9.54615213899160e+02
9.54615213899160e+02
9.13443873957632e+02
9.13443873957632e+02
8.59207589528843e+02
8.59207589528843e+02
8.09935941975969e+02
8.09935941975969e+02
7.51911379351117e+02
7.51911379351117e+02
8.28116891866879e+02
8.28116891866879e+02
1.10521545769473e+03
1.10521545769473e+03
9.87713166571769e+02
9.87713166571769e+02
9.46370449161185e+02
9.46370449161185e+02
8.87182877822080e+02
8.87182877822080e+02
8.34189210033875e+02
8.34189210033875e+02
7.56585521284741e+02
7.56585521284741e+02
7.74212784927167e+02
7.74212784927167e+02
9.41991480463954e+02
9.41991480463954e+02
1.41602429267918e+03
1.41602429267918e+03
9.12882467913363e+02
9.12882467913363e+02
1.04375492135897e+03
1.04375492135897e+03
9.21644228394015e+02
9.21644228394015e+02
9.91329037104802e+02
9.91329037104802e+02
1.06273272427441e+03
1.06273272427441e+03
1.00427843853945e+03
1.00427843853945e+03
9.75625680038010e+02
9.75625680038010e+02
8.95435217932560e+02
8.95435217932560e+02
7.67807058367924e+02
7.67807058367924e+02
8.41743149859290e+02
8.41743149859290e+02
9.10135608153636e+02
9.10135608153636e+02
8.48819749082313e+02
8.48819749082313e+02
7.93603858203540e+02
7.93603858203540e+02
7.06012646190138e+02
7.06012646190138e+02
6.80289282337845e+02
6.80289282337845e+02
7.42655676062722e+02
7.42655676062722e+02
1.02462174402333e+03
1.02462174402333e+03
1.25885749267650e+03
1.25885749267650e+03
8.95472037716111e+02
8.95472037716111e+02
8.38388907424837e+02
8.38388907424837e+02
7.42588550574947e+02
7.42588550574947e+02
6.95557753932178e+02
6.95557753932178e+02
7.07932475079218e+02
7.07932475079218e+02
8.79606716841828e+02
8.79606716841828e+02
1.00033229617502e+03
1.00033229617502e+03
1.25063633740963e+03
1.25063633740963e+03
1.01741213798696e+03
1.01741213798696e+03
1.04741540737721e+03
1.04741540737721e+03
1.01258667761560e+03
1.01258667761560e+03
8.25240226839255e+02
8.25240226839255e+02
1.02062998251544e+03
1.02062998251544e+03
1.10625794473687e+03
1.10625794473687e+03
1.06230313072712e+03
1.06230313072712e+03
1.05448439517264e+03
1.05448439517264e+03
9.76530367876899e+02
9.76530367876899e+02
8.28605502482012e+02
8.28605502482012e+02
7.35271658215795e+02
7.35271658215795e+02
9.59305864214055e+02
9.59305864214055e+02
9.64243886454969e+02
9.64243886454969e+02
8.57507821078990e+02
8.57507821078990e+02
7.97441047648599e+02
7.97441047648599e+02
7.87282823816688e+02
7.87282823816688e+02
9.14814101107366e+02
9.14814101107366e+02
9.55158158145757e+02
9.55158158145757e+02
1.16610554460310e+03
1.16610554460310e+03
1.32481451442379e+03
1.32481451442379e+03
8.67037226764358e+02
8.67037226764358e+02
8.04284627218499e+02
8.04284627218499e+02
7.81052244528424e+02
7.81052244528424e+02
8.65927865068096e+02
8.65927865068096e+02
8.29654754111505e+02
8.29654754111505e+02
9.25072658021750e+02
9.25072658021750e+02
1.01885663814368e+03
1.01885663814368e+03
1.16718994347322e+03
1.16718994347322e+03
9.80167237429053e+02
9.80167237429053e+02
1.08187305514018e+03
1.08187305514018e+03
1.02234871507705e+03
1.02234871507705e+03
7.78139791367442e+02
7.78139791367442e+02
1.10132986328257e+03
1.10132986328257e+03
1.07256806369097e+03
1.07256806369097e+03
1.08751998033025e+03
1.08751998033025e+03
1.02715090496668e+03
1.02715090496668e+03
8.90779085161748e+02
8.90779085161748e+02
7.75379114159132e+02
7.75379114159132e+02
8.13208203424845e+02
8.13208203424845e+02
9.31702855215329e+02
9.31702855215329e+02
7.68244328182444e+02
7.68244328182444e+02
7.44293404454025e+02
7.44293404454025e+02
8.09957316621339e+02
8.09957316621339e+02
7.40673594030243e+02
7.40673594030243e+02
7.71590346327540e+02
7.71590346327540e+02
8.12599035709967e+02
8.12599035709967e+02
9.26631492182303e+02
9.26631492182303e+02
1.22658899668683e+03
1.22658899668683e+03
7.28587142658670e+02
7.28587142658670e+02
7.86491374609610e+02
7.86491374609610e+02
7.00117456465849e+02
7.00117456465849e+02
6.94397010055609e+02
6.94397010055609e+02
6.99026118253094e+02
6.99026118253094e+02
7.74976582329643e+02
7.74976582329643e+02
1.02289201600744e+03
1.02289201600744e+03
1.24461623845423e+03
1.24461623845423e+03
1.02623902460147e+03
1.02623902460147e+03
1.04140107162482e+03
1.04140107162482e+03
9.24328282321014e+02
9.24328282321014e+02
1.01461652999861e+03
1.01461652999861e+03
1.04365343737341e+03
1.04365343737341e+03
9.19297831763849e+02
9.19297831763849e+02
7.81422934828425e+02
7.81422934828425e+02
9.77384881330271e+02
9.77384881330271e+02
1.00318629934014e+03
1.00318629934014e+03
9.58577303796708e+02
9.58577303796708e+02
8.43861891038099e+02
8.43861891038099e+02
7.41568289590234e+02
7.41568289590234e+02
7.33293675294930e+02
7.33293675294930e+02
6.79055900168975e+02
6.79055900168975e+02
9.06416952520479e+02
9.06416952520479e+02
7.91588265160329e+02
7.91588265160329e+02
6.92567379798189e+02
6.92567379798189e+02
6.62340058589662e+02
6.62340058589662e+02
6.39475781370271e+02
6.39475781370271e+02
6.81656955516632e+02
6.81656955516632e+02
8.69132333992233e+02
8.69132333992233e+02
1.09453623275287e+03
1.09453623275287e+03
1.14497356615128e+03
1.14497356615128e+03
7.07795784534309e+02
7.07795784534309e+02
6.61267422474989e+02
6.61267422474989e+02
6.18799520417006e+02
6.18799520417006e+02
6.36322293592192e+02
6.36322293592192e+02
7.74360545518431e+02
7.74360545518431e+02
9.62555835870850e+02
9.62555835870850e+02
1.08080682559864e+03
1.08080682559864e+03
1.15532259010746e+03
1.15532259010746e+03
1.02157987878672e+03
1.02157987878672e+03
1.03381290160524e+03
1.03381290160524e+03
8.36515798639483e+02
8.36515798639483e+02
9.84867763546133e+02
9.84867763546133e+02
9.81937791618945e+02
9.81937791618945e+02
7.90188166242496e+02
7.90188166242496e+02
6.86596335907707e+02
6.86596335907707e+02
1.01058489351601e+03
1.01058489351601e+03
9.73673673029696e+02
9.73673673029696e+02
8.66054233220368e+02
8.66054233220368e+02
7.69681269445881e+02
7.69681269445881e+02
7.53380157165064e+02
7.53380157165064e+02
6.27918051610563e+02
6.27918051610563e+02
6.93396941081461e+02
6.93396941081461e+02
9.94513763003543e+02
9.94513763003543e+02
6.49712350230277e+02
6.49712350230277e+02
5.92939333354659e+02
5.92939333354659e+02
5.89776955013092e+02
5.89776955013092e+02
6.79674704246805e+02
6.79674704246805e+02
8.05462153001637e+02
8.05462153001637e+02
9.00839789077245e+02
9.00839789077245e+02
1.01456229695992e+03
1.01456229695992e+03
1.13536885969284e+03
1.13536885969284e+03
6.72519504334238e+02
6.72519504334238e+02
6.55280785199013e+02
6.55280785199013e+02
7.25525422447027e+02
7.25525422447027e+02
8.19587212980783e+02
8.19587212980783e+02
8.91418192849256e+02
8.91418192849256e+02
1.00490331092145e+03
1.00490331092145e+03
1.18599238326418e+03
1.18599238326418e+03
1.27356056606704e+03
1.27356056606704e+03
9.72694715111739e+02
9.72694715111739e+02
1.02192561924733e+03
1.02192561924733e+03
7.95840290940234e+02
7.95840290940234e+02
1.01886704221932e+03
1.01886704221932e+03
1.06654500327895e+03
1.06654500327895e+03
9.79078386864418e+02
9.79078386864418e+02
8.19798665273308e+02
8.19798665273308e+02
6.87357995953260e+02
6.87357995953260e+02
1.15176370689726e+03
1.15176370689726e+03
1.03516513948973e+03
1.03516513948973e+03
9.31417703545271e+02
9.31417703545271e+02
9.17682625920822e+02
9.17682625920822e+02
7.32981512690034e+02
7.32981512690034e+02
7.11594791581299e+02
7.11594791581299e+02
8.55019096623340e+02
8.55019096623340e+02
1.10254351774213e+03
1.10254351774213e+03
7.04592685616999e+02
7.04592685616999e+02
7.55747692486295e+02
7.55747692486295e+02
8.15002076541357e+02
8.15002076541357e+02
8.49965645573148e+02
8.49965645573148e+02
9.26324062111207e+02
9.26324062111207e+02
1.07941191929799e+03
1.07941191929799e+03
1.22864582675471e+03
1.22864582675471e+03
1.28719847603427e+03
1.28719847603427e+03
7.53513264184878e+02
7.53513264184878e+02
7.84964274429043e+02
7.84964274429043e+02
7.87953830995113e+02
7.87953830995113e+02
8.21972347547571e+02
8.21972347547571e+02
9.15276522929354e+02
9.15276522929354e+02
1.01634961236429e+03
1.01634961236429e+03
1.10156665837969e+03
1.10156665837969e+03
1.16666050888423e+03
1.16666050888423e+03
1.04891312089749e+03
1.04891312089749e+03
9.16636548776167e+02
9.16636548776167e+02
1.06365835076399e+03
1.06365835076399e+03
1.04722847582099e+03
1.04722847582099e+03
7.67435648853239e+02
7.67435648853239e+02
1.16199894104040e+03
1.16199894104040e+03
1.19949691795790e+03
1.19949691795790e+03
1.01258204764283e+03
1.01258204764283e+03
8.35941113423107e+02
8.35941113423107e+02
8.03786014823555e+02
8.03786014823555e+02
1.12308202390408e+03
1.12308202390408e+03
1.02599231036394e+03
1.02599231036394e+03
1.02659124834830e+03
1.02659124834830e+03
8.15831040914254e+02
8.15831040914254e+02
7.56442446804279e+02
7.56442446804279e+02
7.96650689664872e+02
7.96650689664872e+02
8.74095055520767e+02
8.74095055520767e+02
1.05570406127339e+03
1.05570406127339e+03
8.17342675655346e+02
8.17342675655346e+02
8.05859010651421e+02
8.05859010651421e+02
8.21734426330285e+02
8.21734426330285e+02
8.87586501883103e+02
8.87586501883103e+02
9.56906652037011e+02
9.56906652037011e+02
1.03209155961099e+03
1.03209155961099e+03
1.18506313449239e+03
1.18506313449239e+03
1.30386980951712e+03
1.30386980951712e+03
8.27060093643461e+02
8.27060093643461e+02
8.31118957817630e+02
8.31118957817630e+02
8.76953212930247e+02
8.76953212930247e+02
9.14215604348103e+02
9.14215604348103e+02
9.51438551095268e+02
9.51438551095268e+02
1.09061432430698e+03
1.09061432430698e+03
1.25484257972797e+03
1.25484257972797e+03
1.28882718418364e+03
1.28882718418364e+03
1.04019971822568e+03
1.04019971822568e+03
1.12435493246315e+03
1.12435493246315e+03
9.53370404059062e+02
9.53370404059062e+02
1.22632938808841e+03
1.22632938808841e+03
1.10336018773283e+03
1.10336018773283e+03
8.15383204942457e+02
8.15383204942457e+02
1.18894337427998e+03
1.18894337427998e+03
1.28435775289904e+03
1.28435775289904e+03
1.23903746906840e+03
1.23903746906840e+03
1.09915150614489e+03
1.09915150614489e+03
8.35710451469574e+02
8.35710451469574e+02
8.74653833374736e+02
8.74653833374736e+02
1.19439066557884e+03
1.19439066557884e+03
1.21656091498090e+03
1.21656091498090e+03
9.76685853259578e+02
9.76685853259578e+02
9.04520578342254e+02
9.04520578342254e+02
9.18493713382666e+02
9.18493713382666e+02
9.32116258225749e+02
9.32116258225749e+02
9.92041139305945e+02
9.92041139305945e+02
1.23960632648422e+03
1.23960632648422e+03
1.02789178490369e+03
1.02789178490369e+03
1.07035765292310e+03
1.07035765292310e+03
1.09114872847392e+03
1.09114872847392e+03
1.09686467739477e+03
1.09686467739477e+03
1.22121467449595e+03
1.22121467449595e+03
1.37667555365291e+03
1.37667555365291e+03
1.47466602619367e+03
1.47466602619367e+03
1.45923849194208e+03
1.45923849194208e+03
1.05379169490983e+03
1.05379169490983e+03
1.05944337801368e+03
1.05944337801368e+03
1.03785538660823e+03
1.03785538660823e+03
1.11832804731866e+03
1.11832804731866e+03
1.20415236294242e+03
1.20415236294242e+03
1.25615188028092e+03
1.25615188028092e+03
1.29081261398513e+03
1.29081261398513e+03
1.32176008098743e+03
1.32176008098743e+03
1.07026809353758e+03
1.07026809353758e+03
1.27410851478750e+03
1.27410851478750e+03
9.79145727291875e+02
9.79145727291875e+02
1.34916022209412e+03
1.34916022209412e+03
1.18241429701291e+03
1.18241429701291e+03
8.76417166054895e+02
8.76417166054895e+02
1.36719930043448e+03
1.36719930043448e+03
1.46959774540333e+03
1.46959774540333e+03
1.30699956413808e+03
1.30699956413808e+03
1.14350401630380e+03
1.14350401630380e+03
9.69080600162704e+02
9.69080600162704e+02
1.00219948408433e+03
1.00219948408433e+03
1.42441854243194e+03
1.42441854243194e+03
1.15354608506777e+03
1.15354608506777e+03
1.07293242617736e+03
1.07293242617736e+03
1.07962562380784e+03
1.07962562380784e+03
1.07366271449901e+03
1.07366271449901e+03
1.07433662839173e+03
1.07433662839173e+03
1.18058938072924e+03
1.18058938072924e+03
1.26583932226244e+03
1.26583932226244e+03
1.13775027189520e+03
1.13775027189520e+03
1.10165916104083e+03
1.10165916104083e+03
1.16567144401810e+03
1.16567144401810e+03
1.21208590827469e+03
1.21208590827469e+03
1.21865643751658e+03
1.21865643751658e+03
1.23464632275130e+03
1.23464632275130e+03
1.31193361752609e+03
1.31193361752609e+03
1.56938018882992e+03
1.56938018882992e+03
1.29188384567639e+03
1.29188384567639e+03
1.34882952827633e+03
1.34882952827633e+03
1.36117328877706e+03
1.36117328877706e+03
1.31023922403720e+03
1.31023922403720e+03
1.26502423462355e+03
1.26502423462355e+03
1.29323242898792e+03
1.29323242898792e+03
1.57621797605030e+03
1.57621797605030e+03
1.67950164087151e+03
1.67950164087151e+03
1.18260606887060e+03
1.18260606887060e+03
1.38038851866385e+03
1.38038851866385e+03
1.01777425362022e+03
1.01777425362022e+03
1.39760110038313e+03
1.39760110038313e+03
1.50985126330098e+03
1.50985126330098e+03
1.25091523825080e+03
1.25091523825080e+03
1.02447418393733e+03
1.02447418393733e+03
1.46332668913775e+03
1.46332668913775e+03
1.62754448619079e+03
1.62754448619079e+03
1.63637562819073e+03
1.63637562819073e+03
1.52512625604648e+03
1.52512625604648e+03
1.20364742826168e+03
1.20364742826168e+03
1.16120746021599e+03
1.16120746021599e+03
1.20032947156003e+03
1.20032947156003e+03
1.42011962902961e+03
1.42011962902961e+03
1.32564719605876e+03
1.32564719605876e+03
1.32997646222442e+03
1.32997646222442e+03
1.31792543649628e+03
1.31792543649628e+03
1.30360655916526e+03
1.30360655916526e+03
1.33972863583183e+03
1.33972863583183e+03
1.24171237691099e+03
1.24171237691099e+03
1.40885534878921e+03
1.40885534878921e+03
1.31855224789419e+03
1.31855224789419e+03
1.31270199640680e+03
1.31270199640680e+03
1.23177713666780e+03
1.23177713666780e+03
1.14343153495492e+03
1.14343153495492e+03
1.10061983151998e+03
1.10061983151998e+03
1.26725762239998e+03
1.26725762239998e+03
1.31186234359437e+03
1.31186234359437e+03
1.40591205400341e+03
1.40591205400341e+03
1.18886429225915e+03
1.18886429225915e+03
1.11616963314193e+03
1.11616963314193e+03
1.03298136551401e+03
1.03298136551401e+03
9.80853675495311e+02
9.80853675495311e+02
1.10668428325644e+03
1.10668428325644e+03
1.12079876143971e+03
1.12079876143971e+03
1.20709173816453e+03
1.20709173816453e+03
1.38769965583597e+03
1.38769965583597e+03
1.18474091848953e+03
1.18474091848953e+03
1.45538374805698e+03
1.45538374805698e+03
1.09969246666205e+03
1.09969246666205e+03
1.55396010338314e+03
1.55396010338314e+03
1.54679386781316e+03
1.54679386781316e+03
1.27133431865862e+03
1.27133431865862e+03
1.15025678690696e+03
1.15025678690696e+03
1.53909998936406e+03
1.53909998936406e+03
1.70925444285533e+03
1.70925444285533e+03
1.58077535364052e+03
1.58077535364052e+03
1.44914902866570e+03
1.44914902866570e+03
1.24609821218430e+03
1.24609821218430e+03
1.24149007980232e+03
1.24149007980232e+03
1.21362466014468e+03
1.21362466014468e+03
1.13070495668735e+03
1.13070495668735e+03
1.13753336863350e+03
1.13753336863350e+03
1.13510801849943e+03
1.13510801849943e+03
1.14005332324688e+03
1.14005332324688e+03
1.18177284293825e+03
1.18177284293825e+03
1.06335020964693e+03
1.06335020964693e+03
1.06005649669503e+03
1.06005649669503e+03
1.18302453890814e+03
1.18302453890814e+03
1.10841780783626e+03
1.10841780783626e+03
1.03195703633206e+03
1.03195703633206e+03
9.82576124080432e+02
9.82576124080432e+02
1.10993082116486e+03
1.10993082116486e+03
1.12121135191816e+03
1.12121135191816e+03
1.21443604741950e+03
1.21443604741950e+03
1.43792542509913e+03
1.43792542509913e+03
1.52053478721075e+03
1.52053478721075e+03
8.35426082963884e+02
8.35426082963884e+02
7.93226630470260e+02
7.93226630470260e+02
8.91851663651987e+02
8.91851663651987e+02
8.93774279856823e+02
8.93774279856823e+02
9.59963387962462e+02
9.59963387962462e+02
1.12344510289857e+03
1.12344510289857e+03
1.18142015154898e+03
1.18142015154898e+03
1.24845124976184e+03
1.24845124976184e+03
1.40610502615479e+03
1.40610502615479e+03
1.17504908378343e+03
1.17504908378343e+03
1.40065593262762e+03
1.40065593262762e+03
1.45439424753232e+03
1.45439424753232e+03
1.12096737673543e+03
1.12096737673543e+03
1.48487992765833e+03
1.48487992765833e+03
1.44130651597140e+03
1.44130651597140e+03
1.15510582624760e+03
1.15510582624760e+03
1.17822188899641e+03
1.17822188899641e+03
1.09260979407754e+03
1.09260979407754e+03
1.24446805466580e+03
1.24446805466580e+03
1.29160722386219e+03
1.29160722386219e+03
1.24724126167183e+03
1.24724126167183e+03
1.01634874493936e+03
1.01634874493936e+03
9.95104682008160e+02
9.95104682008160e+02
1.03577849585514e+03
1.03577849585514e+03
9.68375693636840e+02
9.68375693636840e+02
8.01906559019669e+02
8.01906559019669e+02
7.96283125787255e+02
7.96283125787255e+02
8.04017571750675e+02
8.04017571750675e+02
8.42263102280595e+02
8.42263102280595e+02
7.66489837479298e+02
7.66489837479298e+02
7.62672982894781e+02
7.62672982894781e+02
8.48101041434450e+02
8.48101041434450e+02
1.07941915120374e+03
1.07941915120374e+03
5.92406636115160e+02
5.92406636115160e+02
6.65730306560445e+02
6.65730306560445e+02
6.67663077926346e+02
6.67663077926346e+02
7.20967030241094e+02
7.20967030241094e+02
8.48292302658486e+02
8.48292302658486e+02
8.97837672349806e+02
8.97837672349806e+02
9.44065493394534e+02
9.44065493394534e+02
1.14335023398210e+03
1.14335023398210e+03
1.41056548946490e+03
1.41056548946490e+03
1.16227779562843e+03
1.16227779562843e+03
1.36533004634075e+03
1.36533004634075e+03
1.28742028669090e+03
1.28742028669090e+03
1.09764897288892e+03
1.09764897288892e+03
1.05429953806288e+03
1.05429953806288e+03
1.22060122991687e+03
1.22060122991687e+03
1.10705040135837e+03
1.10705040135837e+03
9.45818186243579e+02
9.45818186243579e+02
9.53536993119825e+02
9.53536993119825e+02
9.32089081778910e+02
9.32089081778910e+02
1.05564132914589e+03
1.05564132914589e+03
9.98204448289096e+02
9.98204448289096e+02
9.36122655968404e+02
9.36122655968404e+02
8.00411458693190e+02
8.00411458693190e+02
7.95327598697448e+02
7.95327598697448e+02
7.87017628480362e+02
7.87017628480362e+02
8.07663444983389e+02
8.07663444983389e+02
7.83226619815373e+02
7.83226619815373e+02
7.89870621879831e+02
7.89870621879831e+02
8.27454641690392e+02
8.27454641690392e+02
7.49542165794625e+02
7.49542165794625e+02
7.31004546771139e+02
7.31004546771139e+02
7.93207503490839e+02
7.93207503490839e+02
9.81716899185472e+02
9.81716899185472e+02
1.21513102228126e+03
1.21513102228126e+03
1.45212427174869e+03
1.26563036936170e+03
1.26563036936170e+03
1.06509352566837e+03
1.06509352566837e+03
1.08813004577328e+03
1.08813004577328e+03
9.67679327798341e+02
9.67679327798341e+02
9.19822333762269e+02
9.19822333762269e+02
8.60145208475442e+02
8.60145208475442e+02
9.10134962435122e+02
9.10134962435122e+02
7.97466987916823e+02
7.97466987916823e+02
7.30156525715547e+02
7.30156525715547e+02
7.21929579685442e+02
7.21929579685442e+02
8.00898863808985e+02
8.00898863808985e+02
8.50176541495454e+02
8.50176541495454e+02
8.39603348584406e+02
8.39603348584406e+02
6.93318735433150e+02
6.93318735433150e+02
6.67881510429139e+02
6.67881510429139e+02
6.99787206671485e+02
6.99787206671485e+02
6.50190755397249e+02
6.50190755397249e+02
8.36307295133805e+02
8.36307295133805e+02
5.14636877650457e+02
5.14636877650457e+02
5.48068151439058e+02
5.48068151439058e+02
5.05650079292312e+02
5.05650079292312e+02
4.99531765518253e+02
4.99531765518253e+02
5.47427521447287e+02
5.47427521447287e+02
6.78724859480690e+02
6.78724859480690e+02
8.11693629598267e+02
8.11693629598267e+02
9.43674206276106e+02
9.43674206276106e+02
1.01550563891975e+03
1.20418052131747e+03
8.15455985713252e+02
9.27953703258107e+02
1.16514226479153e+03
1.01131155141404e+03
1.01131155141404e+03
8.39998892232668e+02
8.39998892232668e+02
8.22759864209588e+02
8.22759864209588e+02
7.07889953503335e+02
7.07889953503335e+02
6.88639839201658e+02
6.88639839201658e+02
7.11551497602098e+02
7.11551497602098e+02
7.29399347845448e+02
7.29399347845448e+02
6.02638397872254e+02
6.02638397872254e+02
6.19819070193531e+02
6.19819070193531e+02
6.29835323171674e+02
6.29835323171674e+02
5.39931693881347e+02
5.39931693881347e+02
5.25122962898960e+02
5.25122962898960e+02
5.07719195220812e+02
5.07719195220812e+02
4.41601609295234e+02
4.41601609295234e+02
4.46277997979464e+02
4.46277997979464e+02
4.61885308297814e+02
4.61885308297814e+02
4.72599462946120e+02
4.72599462946120e+02
6.93497203765314e+02
6.93497203765314e+02
3.90509314893642e+02
3.90509314893642e+02
3.63025190883748e+02
3.63025190883748e+02
3.58088786549150e+02
3.58088786549150e+02
3.87902347733042e+02
3.87902347733042e+02
4.68020782355268e+02
4.68020782355268e+02
5.18795341104412e+02
5.18795341104412e+02
5.57464889685214e+02
5.57464889685214e+02
8.35608922844082e+02
8.35608922844082e+02
6.48005993988917e+02
7.19049540284235e+02
9.07725378327390e+02
1.04022592351573e+03
5.51688320011430e+02
5.82513814408623e+02
7.00284688401159e+02
8.21934653215541e+02
1.10278129240739e+03
7.36021909780963e+02
7.36021909780963e+02
6.56612639206154e+02
6.56612639206154e+02
5.73571960903242e+02
5.73571960903242e+02
6.62055176113550e+02
6.62055176113550e+02
5.47431317345937e+02
5.47431317345937e+02
5.66165879806543e+02
5.66165879806543e+02
3.96315232005299e+02
3.96315232005299e+02
4.81989727300651e+02
4.81989727300651e+02
4.62667117266721e+02
4.62667117266721e+02
4.01788120497141e+02
4.01788120497141e+02
4.24196265048531e+02
4.24196265048531e+02
5.05854966349029e+02
5.05854966349029e+02
3.92308773772472e+02
3.92308773772472e+02
3.96705574940535e+02
3.96705574940535e+02
3.34961999085765e+02
3.34961999085765e+02
3.25414508023133e+02
3.25414508023133e+02
3.49913668659171e+02
3.49913668659171e+02
3.34432408390973e+02
3.34432408390973e+02
4.04569598120112e+02
4.04569598120112e+02
5.02864536599437e+02
5.02864536599437e+02
2.99940546696760e+02
2.99940546696760e+02
2.95562153229616e+02
2.95562153229616e+02
3.17198000643825e+02
3.17198000643825e+02
3.75325929331996e+02
3.75325929331996e+02
3.96266729453461e+02
3.96266729453461e+02
4.04749736788321e+02
4.04749736788321e+02
5.25568186823418e+02
5.25568186823418e+02
7.36093208128544e+02
7.36093208128544e+02
4.36489133719316e+02
4.56024702249772e+02
5.39397573899805e+02
6.55334906515181e+02
9.49347962925986e+02
1.35371941665482e+03
3.75374727498522e+02
3.68139662100351e+02
3.92068475577863e+02
4.45259846688749e+02
6.32491439294409e+02
8.28711960941778e+02
1.29323604245195e+03
5.42199466518243e+02
5.42199466518243e+02
5.57159010003035e+02
5.57159010003035e+02
5.31736249352226e+02
5.31736249352226e+02
4.09073250320550e+02
4.09073250320550e+02
4.24926998648275e+02
4.24926998648275e+02
3.74398998026842e+02
3.74398998026842e+02
4.10707689532383e+02
4.10707689532383e+02
3.14276953142612e+02
3.14276953142612e+02
3.49457965687856e+02
3.49457965687856e+02
3.22444234459457e+02
3.22444234459457e+02
3.00359358366683e+02
3.00359358366683e+02
3.13291850816253e+02
3.13291850816253e+02
4.11994848655381e+02
4.11994848655381e+02
2.98107145610283e+02
2.98107145610283e+02
2.93278250400905e+02
2.93278250400905e+02
2.56264018182674e+02
2.56264018182674e+02
2.59525721252186e+02
2.59525721252186e+02
2.74648340571364e+02
2.74648340571364e+02
2.75060173731065e+02
2.75060173731065e+02
3.44988847101507e+02
3.44988847101507e+02
4.33775316529333e+02
4.33775316529333e+02
2.19672722263499e+02
2.19672722263499e+02
2.32812103849268e+02
2.32812103849268e+02
2.69499008917961e+02
2.69499008917961e+02
2.72677504366924e+02
2.72677504366924e+02
2.68818018246608e+02
2.68818018246608e+02
3.17148041365755e+02
3.17148041365755e+02
3.69215102295358e+02
3.69215102295358e+02
7.03703757170001e+02
7.03703757170001e+02
2.40996654085685e+02
2.37261999215706e+02
2.50954337510814e+02
2.88582405119651e+02
4.31453446932931e+02
6.00337881904657e+02
9.85203687397026e+02
1.56458534249689e+03
2.12759909762211e+02
2.13471270288108e+02
2.33902676382972e+02
3.43949290691515e+02
4.62328284511318e+02
6.99675569233176e+02
1.09879993179801e+03
1.59340745318965e+03
3.78989883287409e+02
3.78989883287409e+02
3.64634441224303e+02
3.64634441224303e+02
3.68199675242686e+02
3.68199675242686e+02
3.06925699030375e+02
3.06925699030375e+02
2.96958433007898e+02
2.96958433007898e+02
2.86155113563699e+02
2.86155113563699e+02
3.30377023302401e+02
3.30377023302401e+02
2.55216876730065e+02
2.55216876730065e+02
2.72362394869640e+02
2.72362394869640e+02
2.31821298771062e+02
2.31821298771062e+02
2.42294845299946e+02
2.42294845299946e+02
2.47434988264503e+02
2.47434988264503e+02
3.22877689521059e+02
3.22877689521059e+02
2.26932156075847e+02
2.26932156075847e+02
1.93162440697608e+02
1.93162440697608e+02
1.86064452365688e+02
1.86064452365688e+02
2.01226534954808e+02
2.01226534954808e+02
1.94242047647025e+02
1.94242047647025e+02
2.22710966761526e+02
2.22710966761526e+02
2.37287262350505e+02
2.37287262350505e+02
3.10285278830770e+02
3.10285278830770e+02
1.64478070950536e+02
1.64478070950536e+02
1.87686079533668e+02
1.87686079533668e+02
1.85014678113023e+02
1.85014678113023e+02
1.79657486162345e+02
1.79657486162345e+02
2.05381957881983e+02
2.05381957881983e+02
2.08861149112463e+02
2.08861149112463e+02
3.82030628106448e+02
3.82030628106448e+02
8.90209474775584e+02
8.90209474775584e+02
1.78971612361543e+02
1.86923627487452e+02
2.69021741810203e+02
3.48843844049683e+02
4.91313864826630e+02
7.52309769643650e+02
1.33327074612118e+03
1.72830279680080e+03
2.10439891824202e+02
2.97078636647204e+02
3.71702708151593e+02
4.77717122481854e+02
6.49808171917198e+02
1.21176655929834e+03
1.41072003048127e+03
1.87523338466202e+03
2.99577476066403e+02
2.99577476066403e+02
2.74268893551083e+02
2.74268893551083e+02
2.90584200370754e+02
2.90584200370754e+02
2.63455788563418e+02
2.63455788563418e+02
2.40076748739259e+02
2.40076748739259e+02
2.38784100839362e+02
2.38784100839362e+02
2.85986587794209e+02
2.85986587794209e+02
1.86919272565598e+02
1.86919272565598e+02
2.30330433718194e+02
2.30330433718194e+02
2.26295501833501e+02
2.26295501833501e+02
1.94347517716962e+02
1.94347517716962e+02
2.05629350230302e+02
2.05629350230302e+02
2.19121698421939e+02
2.19121698421939e+02
2.57201996955760e+02
2.57201996955760e+02
2.11851709340660e+02
2.11851709340660e+02
1.82559591080872e+02
1.82559591080872e+02
1.81070734598627e+02
1.81070734598627e+02
1.91626863439305e+02
1.91626863439305e+02
1.86019297550807e+02
1.86019297550807e+02
2.09263518363740e+02
2.09263518363740e+02
2.12629595110183e+02
2.12629595110183e+02
3.24803715327048e+02
3.24803715327048e+02
2.51295805198792e+02
2.51295805198792e+02
2.38916649153390e+02
2.38916649153390e+02
2.25202550398164e+02
2.50856621343618e+02
2.50856621343618e+02
2.22748786338296e+02
2.22748786338296e+02
3.50973683762235e+02
3.50973683762235e+02
5.53309575291919e+02
5.53309575291919e+02
1.21384281701631e+03
1.21384281701631e+03
3.25652430095821e+02
3.91964669999151e+02
4.58365237009467e+02
5.19719302844575e+02
9.05799108926352e+02
8.77191683826577e+02
1.29877683983269e+03
1.70303201126743e+03
4.62488451358257e+01
4.65415118667144e+01
6.78729697612301e+01
3.72193647303473e+01
2.88149612410069e+01
-3.52759947402038e+01
-9.05812347108482e+01
2.59624509961007e+02
2.59624509961007e+02
2.20835413604716e+02
2.20835413604716e+02
2.52563455999386e+02
2.52563455999386e+02
1.93164637443029e+02
1.93164637443029e+02
2.30490275612303e+02
2.30490275612303e+02
1.91069310596493e+02
1.91069310596493e+02
1.95735774542887e+02
1.95735774542887e+02
2.23361312245583e+02
2.23361312245583e+02
1.91341367073038e+02
1.91341367073038e+02
2.13555013733258e+02
2.13555013733258e+02
1.97165683935961e+02
1.97165683935961e+02
1.75254012919742e+02
1.75254012919742e+02
1.80270332759163e+02
1.80270332759163e+02
1.94443595476382e+02
1.94443595476382e+02
2.00709034211910e+02
2.00709034211910e+02
2.02153491452828e+02
2.02153491452828e+02
1.88691005275372e+02
1.88691005275372e+02
2.00112793847971e+02
2.00112793847971e+02
1.90980594558337e+02
1.90980594558337e+02
2.06783162137500e+02
2.06783162137500e+02
1.97356429019968e+02
1.97356429019968e+02
1.99072015386081e+02
1.99072015386081e+02
4.16322186604653e+02
4.16322186604653e+02
1.56889994208116e+02
1.56889994208116e+02
1.44420403090318e+02
1.44420403090318e+02
1.57923907696134e+02
1.33193369490789e+02
1.33193369490789e+02
1.99338284330284e+02
1.99338284330284e+02
2.53960665964941e+02
2.53960665964941e+02
4.05206991325296e+02
4.05206991325296e+02
8.19697373165474e+02
8.19697373165474e+02
5.25363532386516e+02
5.78793861232733e+02
1.03611574587730e+03
9.89814435390204e+02
1.76292158632356e+03
3.28646081452828e+03
3.39616815632341e+03
2.24757988666661e+02
2.95433748586397e+02
4.92311805473654e+02
9.19364625889035e+02
1.11897579504956e+03
1.64996143309776e+03
1.90196607116009e+03
2.30104461471788e+02
2.30104461471788e+02
2.30104461471788e+02
1.97589368974848e+02
1.97589368974848e+02
1.97589368974848e+02
2.13774903517600e+02
2.13774903517600e+02
2.13774903517600e+02
2.11558386461452e+02
2.11558386461452e+02
2.11558386461452e+02
2.20941110636107e+02
2.20941110636107e+02
2.20941110636107e+02
1.82400971980565e+02
1.82400971980565e+02
1.82400971980565e+02
1.84145699826995e+02
1.84145699826995e+02
1.84145699826995e+02
1.98506232550281e+02
1.98506232550281e+02
1.98506232550281e+02
2.36620827393945e+02
2.36620827393945e+02
2.36620827393945e+02
2.49898040277122e+02
2.49898040277122e+02
2.49898040277122e+02
2.05650047492090e+02
2.05650047492090e+02
2.05650047492090e+02
2.00662898153327e+02
2.00662898153327e+02
2.00662898153327e+02
1.94041048485244e+02
1.94041048485244e+02
1.94041048485244e+02
1.97892478693440e+02
1.97892478693440e+02
2.43605127268890e+02
2.43605127268890e+02
2.43605127268890e+02
1.89700133144437e+02
1.89700133144437e+02
1.89700133144437e+02
1.79515288732196e+02
1.79515288732196e+02
1.85410348424002e+02
1.85410348424002e+02
1.72743142377325e+02
1.72743142377325e+02
1.72743142377325e+02
1.77290515550908e+02
1.77290515550908e+02
1.77290515550908e+02
1.62857019283549e+02
1.62857019283549e+02
1.83633811499678e+02
1.83633811499678e+02
3.50047596506329e+02
3.50047596506329e+02
1.69264823732362e+02
1.69264823732362e+02
1.85194969006172e+02
1.85194969006172e+02
1.52981564534921e+02
1.52981564534921e+02
2.27872540786148e+02
2.27872540786148e+02
2.68700993631070e+02
2.68700993631070e+02
3.46291379367100e+02
3.46291379367100e+02
7.17086247856831e+02
7.17086247856831e+02
1.42177811456077e+03
1.42177811456077e+03
4.67227418524634e+02
3.24743628467561e+02
4.65285780729000e+02
7.49365945492451e+02
9.43112293917462e+02
1.39464902983137e+03
1.66273749764648e+03
1.58295221757240e+03
3.30510744750490e+02
4.34347095859324e+02
6.11386534914526e+02
7.55849481337231e+02
9.91918894803745e+02
1.00760838812028e+03
1.05198901185700e+03
1.99257713748228e+03
2.30613029689162e+02
2.30613029689162e+02
2.30613029689162e+02
2.37265871929879e+02
2.37265871929879e+02
2.01412515740739e+02
2.01412515740739e+02
2.01412515740739e+02
1.97212836318869e+02
1.97212836318869e+02
1.97212836318869e+02
2.72731559286596e+02
2.72731559286596e+02
2.57983956307201e+02
2.57983956307201e+02
2.57983956307201e+02
2.20971509593021e+02
2.20971509593021e+02
2.16820904571444e+02
2.16820904571444e+02
2.16820904571444e+02
1.99392160465997e+02
1.99392160465997e+02
2.43947106032700e+02
2.43947106032700e+02
2.43947106032700e+02
2.90342577717710e+02
2.90342577717710e+02
2.90342577717710e+02
2.78111246218701e+02
2.78111246218701e+02
2.78111246218701e+02
2.21558449414104e+02
2.21558449414104e+02
2.17897252423150e+02
2.17897252423150e+02
2.08246706566873e+02
2.08246706566873e+02
2.08246706566873e+02
1.86125960831987e+02
1.86125960831987e+02
2.43949174472238e+02
2.43949174472238e+02
2.55820323078405e+02
2.55820323078405e+02
2.61357585101840e+02
2.61357585101840e+02
2.42978971132035e+02
2.42978971132035e+02
2.47252872135851e+02
2.47252872135851e+02
2.47252872135851e+02
2.11267982044123e+02
2.11267982044123e+02
1.96442550144996e+02
1.96442550144996e+02
2.96597756135091e+02
2.96597756135091e+02
5.86377933810958e+02
5.86377933810958e+02
5.86377933810958e+02
2.69816655512319e+02
2.69816655512319e+02
2.22611969248642e+02
2.22611969248642e+02
3.92264897861546e+02
3.92264897861546e+02
4.37226789142590e+02
4.37226789142590e+02
4.37226789142590e+02
5.73440948309647e+02
5.73440948309647e+02
5.73440948309647e+02
9.53870796884374e+02
9.53870796884374e+02
9.53870796884374e+02
1.04061379897037e+03
1.04061379897037e+03
1.04061379897037e+03
5.10902978778656e+02
7.01796865117135e+02
8.85014669498209e+02
1.01102997932149e+03
1.05894587065314e+03
1.48549869501842e+03
1.40238558098421e+03
7.34252397295871e+02
1.26533027652536e+03
1.23009854883754e+03
1.49298679822562e+03
1.34229010101409e+03
1.45191366095565e+03
3.45327667238056e+02
2.74323848369730e+02
4.09029080730767e+02
8.43357862549684e+02
1.92870695428312e+02
2.93626644784631e+02
4.09041067959149e+02
5.44959305241256e+02
9.89609610121840e+02
1.05682457403239e+03
1.31846694535328e+03
6.27845981401363e+02
8.58595865455531e+02
7.47140063073905e+02
9.16621281573829e+02
1.14443480723395e+03
1.17060743108071e+03
1.39322491456548e+03
1.41450402046058e+03
8.41479625328539e+02
7.35838625285687e+02
9.56393189628400e+02
1.20031084734654e+03
1.31949419842073e+03
1.52327016053364e+03
1.71775445376951e+03
1.74813723271048e+03
2.64148290812182e+02
2.48859934791172e+02
4.64675268946500e+02
1.86763073843628e+02
2.91076919440301e+02
4.40300802817766e+02
9.81627760398888e+02
2.05708082562205e+02
2.51068699040055e+02
2.88249071694156e+02
3.83381771531882e+02
7.53907856140761e+02
8.97136129313025e+02
1.33618161550407e+03
1.72577492400519e+03
7.73602232365786e+02
1.05121670883735e+03
1.31322186452836e+03
1.51549383890455e+03
1.70921776118097e+03
1.95575974497988e+03
2.02295355035636e+03
1.85261572841711e+03
7.80822991885497e+02
9.65448882376163e+02
1.15595571992550e+03
1.29243510436583e+03
1.49482282464596e+03
1.57022093938413e+03
1.43742093298465e+03
1.41138652090206e+03
3.26355177854271e+02
2.43924510481754e+02
6.46358347117894e+02
1.67045652318419e+02
2.53041312166452e+02
5.61287693085993e+02
1.14130045923345e+03
2.10851512357973e+02
2.33230742201846e+02
2.90344263612554e+02
5.78678105949713e+02
7.19242827913265e+02
1.12609799113377e+03
1.46624231633154e+03
1.49424165477909e+03
1.05530512792690e+03
1.29204532054252e+03
1.41780431117383e+03
1.62010486030994e+03
1.67307034879725e+03
1.46985162407233e+03
1.43215606278912e+03
1.92394138326709e+03
1.22521544872248e+03
1.32555358939857e+03
1.49573155304402e+03
1.51196161350441e+03
1.26348347794262e+03
1.19939559088649e+03
1.43387527367039e+03
1.55366073293099e+03
3.56981764646100e+02
2.45062573203907e+02
7.03222075411629e+02
1.64242781656827e+02
2.17216141674586e+02
2.83662604663708e+02
6.92023517364768e+02
1.38882154847252e+03
2.84221501999606e+02
3.26052340556121e+02
6.34440144726102e+02
7.92458793498683e+02
1.22474276064810e+03
1.54960781920386e+03
1.44710666209060e+03
1.40353868162502e+03
1.61651584386357e+03
1.81755109815005e+03
1.81773902033822e+03
1.47577656878649e+03
1.39053538087365e+03
1.54256869646317e+03
1.48152671819703e+03
2.04774989065630e+03
2.07028603144336e+03
2.05060010159042e+03
1.62684411049558e+03
1.52660990234436e+03
1.61903857459285e+03
1.41706259917991e+03
1.77565122912623e+03
1.64595583706105e+03
2.74702734313156e+02
4.74215463718162e+02
1.98829900162663e+02
2.94500174516849e+02
9.84296774475472e+02
2.23803408605887e+02
3.09747242345029e+02
5.55737013152681e+02
1.14645971004649e+03
1.56438951670234e+03
4.05829256134094e+02
7.82898974248463e+02
9.76621900751636e+02
1.49902762007494e+03
1.90093368480330e+03
1.72452111785226e+03
1.51709878136215e+03
1.57729863513920e+03
1.84784068222520e+03
1.44476404354864e+03
1.35858042431388e+03
1.41724370360372e+03
1.18538368199491e+03
1.40788372882281e+03
1.23407397530418e+03
1.17832770556124e+03
1.38704997947969e+03
1.32232984026446e+03
1.39420197582685e+03
1.17208110161200e+03
1.40866038733531e+03
1.26818913014036e+03
1.23884966432375e+03
1.33179975627888e+03
2.81786838801495e+02
2.22913380500166e+02
6.02093560917181e+02
2.51521611084743e+02
4.89368232508687e+02
1.39374820234729e+03
2.36325080561587e+02
2.95620875200296e+02
3.54835652932670e+02
8.19373241451236e+02
1.60994399257313e+03
1.47935510361349e+03
6.06113380040017e+02
7.54928016145503e+02
1.15675828544763e+03
1.48735626146126e+03
1.35455266403797e+03
1.20257822065675e+03
1.17813801342759e+03
1.14459340663121e+03
9.59009016855061e+02
1.01477849657462e+03
8.50723753815612e+02
1.02540831124299e+03
9.38748150673217e+02
9.34143963016575e+02
9.78865322880191e+02
1.08686154289461e+03
1.34274390717806e+03
1.13438313831975e+03
1.38498795905210e+03
1.30418676169416e+03
1.34851669156735e+03
1.45066124467476e+03
1.67113192033448e+03
1.75538148072638e+03
4.09725573648444e+02
2.69795495464948e+02
9.30588388936332e+02
3.00449628089763e+02
6.85380528595234e+02
1.54695890610905e+03
2.05572379098628e+02
2.83265583393339e+02
4.73094608631854e+02
9.70828594136893e+02
1.38348039572606e+03
1.18364272537288e+03
7.18633934077792e+02
1.09726356290785e+03
1.42856657846472e+03
1.31000549142192e+03
1.18439057060522e+03
1.18021255925875e+03
1.25187779949707e+03
1.54530941023822e+03
9.00209597491276e+02
1.11310630438576e+03
1.07328600481827e+03
1.14643814211198e+03
1.26465344855205e+03
1.48098169996996e+03
1.60764352137698e+03
1.58316575654013e+03
1.21306386040850e+03
1.18261380490842e+03
1.28039806015557e+03
1.41233243332839e+03
1.62854639210887e+03
1.75022822747140e+03
1.73921043824748e+03
1.84091266796360e+03
5.80866588026465e+02
3.10247281785887e+02
1.27674444449331e+03
2.15277907520499e+02
2.90863797713089e+02
8.69072071063603e+02
1.27153034167564e+03
2.06066810117689e+02
2.50016342017815e+02
2.91312033584124e+02
6.46961922836575e+02
1.27194691145632e+03
1.21873550597811e+03
1.24234520386182e+03
1.04509180198720e+03
1.37587254877134e+03
1.26881130943721e+03
1.16189649602540e+03
1.17342748501504e+03
1.31276461199791e+03
1.62336484411748e+03
1.81165603927563e+03
1.34255908047875e+03
1.47066600912922e+03
1.62312446533442e+03
1.84829491122969e+03
1.97885374275229e+03
1.97458030992243e+03
2.31098049277372e+03
1.54884401048874e+03
1.59133776802610e+03
1.75398224390331e+03
1.96996017067072e+03
2.09793830031996e+03
2.08978749670363e+03
2.59256468076793e+03
1.89208226550773e+03
1.94429782109284e+03
8.38823349316188e+02
3.94709010874503e+02
1.23837905860958e+03
2.30056178365690e+02
4.07585189931107e+02
1.14008202845728e+03
1.20503727184745e+03
2.01225259137196e+02
2.76895878952400e+02
4.40608393602847e+02
8.97392847245812e+02
1.32778583940756e+03
1.19299186083425e+03
1.56225046153374e+03
1.41284399651654e+03
1.31352362746596e+03
1.21820419084505e+03
1.24794358227083e+03
1.44258303468979e+03
1.76310917064012e+03
1.94600023763188e+03
1.98697224318475e+03
1.50527265156068e+03
1.64720930517221e+03
1.71703831068245e+03
1.66891229203414e+03
2.09912110960334e+03
1.54919929527048e+03
1.59826777467615e+03
1.63735193487597e+03
2.12160923619145e+03
2.17141403850563e+03
2.05863863528771e+03
2.59521385635184e+03
1.90946720541612e+03
1.91847840116155e+03
1.84314870000678e+03
1.59630500110310e+03
6.53797730921951e+02
6.53797730921951e+02
6.72672593859663e+02
4.93534216639856e+02
4.93534216639856e+02
3.67324995052894e+02
3.67324995052894e+02
2.60921282699605e+02
2.60921282699605e+02
1.04526176381137e+03
1.04526176381137e+03
6.42204554800408e+02
7.46594474714241e+02
5.61181549177326e+02
4.82626127476455e+02
3.59869466567558e+02
3.59869466567558e+02
2.47235372653474e+02
5.41351205830073e+02
5.41351205830073e+02
1.28654362178858e+03
4.97071897170882e+02
4.19292477830321e+02
4.19292477830321e+02
2.39464187745677e+02
5.91576816107653e+02
5.91576816107653e+02
2.44312008566971e+02
2.89919451307481e+02
3.34194945162162e+02
7.24945720917029e+02
1.42958352846290e+03
1.41618749789701e+03
1.53074432023670e+03
2.00314764888371e+03
1.75971545872424e+03
1.63441939245737e+03
1.67428434087995e+03
1.94743336181502e+03
2.27847862383128e+03
2.30817531733789e+03
2.37739156032260e+03
2.03750122315627e+03
2.74089432638479e+03
2.58398121506401e+03
3.30196937507623e+03
2.47112878153665e+03
2.51539071361350e+03
2.45146427584624e+03
2.11171440433358e+03
1.75918513141329e+03
