4.14967750045696e+02
4.51156345048307e+02
7.70529429583036e+02
2.66274800848618e+02
5.49110589057326e+02
5.49689436797566e+02
4.67982859722252e+02
2.44130333569054e+02
5.78368967012685e+02
6.21009716496208e+02
8.56815211813947e+02
2.09638573379700e+02
5.49325604392029e+02
6.27342867836273e+02
8.33150817824376e+02
6.86508977446178e+02
4.24214611894383e+02
8.04973231832474e+02
1.96585585938658e+02
5.62034970740342e+02
6.86892036538309e+02
9.70909941644026e+02
7.68996884902389e+02
8.08690261117044e+02
1.65350375213667e+02
5.02759139668472e+02
6.48212692331166e+02
9.69988006897837e+02
7.84236269964695e+02
8.36968013889777e+02
8.45270087746596e+02
3.14512790296029e+02
7.58739847513192e+02
7.61014970661047e+02
1.02798431626838e+02
3.29845573492527e+02
4.43860314617274e+02
6.96140695032186e+02
5.79580401687158e+02
6.38078551514560e+02
6.74077538749656e+02
6.60126832402221e+02
4.49976506476801e+02
6.26577411403246e+02
1.01925150132931e+03
8.67210539299434e+02
9.77255976699241e+02
1.05676491350951e+03
1.05941324565306e+03
9.89757540332368e+02
6.27381710841301e+02
2.80820399707963e+02
7.85600546537780e+02
8.73670028893625e+02
1.01246860617017e+03
4.81686209975984e+02
8.07315577709015e+02
7.00809382955992e+02
8.06779934730045e+02
8.89178670357312e+02
9.12152278832924e+02
8.82007600314124e+02
6.00309271225503e+02
8.61273785130103e+02
7.59445888779012e+02
8.88358189743177e+02
9.90664854670442e+02
1.02704518023180e+03
1.00262560165624e+03
7.16626362254533e+02
1.14465780459498e+03
8.27188168930082e+02
2.22477986526055e+02
6.88007594008538e+02
8.22337749321034e+02
1.00593203223550e+03
8.01158709049208e+02
7.21719693104545e+02
8.56755805047152e+02
9.65835316924149e+02
1.00929451398714e+03
9.85399990350060e+02
7.19259214402762e+02
1.22065255838637e+03
9.34454174978691e+02
8.51298698042814e+02
9.67116232659906e+02
1.01412006247027e+03
9.81710704670271e+02
7.15342255638189e+02
1.22939338743045e+03
1.04259795704789e+03
1.03607822589108e+03
4.83888582528742e+02
9.27123673100912e+02
1.75042027445388e+02
5.81283936456116e+02
7.34435541548164e+02
9.31517856711782e+02
7.62335274533941e+02
1.04054180466865e+03
8.13247202893867e+02
8.54981441097135e+02
8.19222976141945e+02
5.89665861781302e+02
9.95090229642134e+02
8.69281297102659e+02
9.56615271276063e+02
7.76647724611590e+02
1.24817437702857e+03
1.18612663332898e+03
8.41397078147712e+02
1.37803255824891e+03
1.19237574548757e+03
1.35291906502388e+03
1.19780742307704e+03
1.08142143879514e+03
6.51654809053632e+02
7.11618070216108e+02
8.55520112374400e+02
1.83148161753289e+02
6.41786246230027e+02
8.45687853593154e+02
1.10188471080307e+03
8.88955366070137e+02
1.14053366195056e+03
1.15670101845622e+03
9.14991669197115e+02
6.44788471597535e+02
1.03256114298451e+03
8.79739032805598e+02
1.00619195861708e+03
9.32635607885089e+02
9.23255684769633e+02
6.87457659328291e+02
6.60610277558209e+02
1.04555836537310e+03
8.80069555770790e+02
1.00516915708534e+03
9.50364611070899e+02
9.85342755091655e+02
8.24045249183107e+02
1.19887267000710e+03
8.56085818084527e+02
4.26292221071909e+02
9.67870810357592e+02
1.02535821797737e+03
1.46997231914327e+02
5.41705911390076e+02
7.41068108041934e+02
9.97396301374392e+02
8.12785791974293e+02
9.80474954272198e+02
9.95434809803015e+02
9.00054169162937e+02
1.14463713515629e+03
9.50884720487169e+02
1.07499241460698e+03
1.01489549238234e+03
1.05928584997055e+03
9.25688324335803e+02
1.48416292162913e+03
1.07570496162144e+03
9.64811316346921e+02
1.07584523086332e+03
1.00306523531662e+03
1.02942220188757e+03
8.99813352059417e+02
1.48123262751676e+03
1.17251250533243e+03
1.01419553010953e+03
9.13172272353944e+02
6.68548576251789e+02
9.10506628656377e+02
1.00358000811015e+03
5.46342969946259e+02
7.72158058297851e+02
1.07271042258664e+03
8.93169510348439e+02
1.05336274381215e+03
1.02210961414308e+03
9.24496459863256e+02
1.23657028512195e+03
1.05738950441959e+03
9.72201344089413e+02
9.73471604373610e+02
8.32181901278868e+02
1.35139564425771e+03
1.09484609606143e+03
1.05484995395570e+03
9.83114619122586e+02
8.87351532822281e+02
8.75096590114158e+02
7.34276118554914e+02
1.16217433283205e+03
9.39157119366870e+02
9.52955244553203e+02
1.01753828516518e+03
9.45950532306368e+02
7.81739054400000e+02
5.28135323625473e+02
9.47453731129785e+02
3.43254505901939e+02
8.91225971103121e+02
9.48782547253359e+02
9.05222663801541e+02
6.39647378537812e+02
9.14179030555427e+02
7.81407347468490e+02
9.26075428803729e+02
8.81514843423259e+02
7.52057940852775e+02
9.56051199989000e+02
9.50556223051599e+02
7.75081130414921e+02
6.39550631904077e+02
9.76284918876348e+02
7.66843145929797e+02
7.77921430804781e+02
8.66682511468457e+02
9.07458965344812e+02
9.21479147481138e+02
6.10711819017522e+02
9.07385804512446e+02
6.89898946503810e+02
6.82972708340607e+02
7.52889321675758e+02
7.98242964113674e+02
8.51904448713376e+02
6.32376185306798e+02
8.04890643818310e+02
7.69372745349026e+02
9.41850400848604e+02
5.31090967588543e+02
8.14164731023145e+02
8.86358553130702e+02
8.61964481436968e+02
8.46409246574266e+02
7.40713989621751e+02
8.90705361153802e+02
8.52397359585462e+02
7.10018324786676e+02
8.12917702912315e+02
7.41758047117592e+02
8.37223323087595e+02
1.02012807204507e+03
7.57657849385055e+02
7.32073783743296e+02
7.87115187136785e+02
8.13678283492446e+02
8.51221210493236e+02
6.78626558391181e+02
5.72658043473000e+02
7.63430994295210e+02
7.30888481725580e+02
7.76568352377290e+02
7.88772277212503e+02
8.05212754463966e+02
6.52030677526593e+02
5.58650808115227e+02
5.89207003075626e+02
8.94515217315123e+02
7.63860405490129e+02
8.11938630714397e+02
2.57205789901215e+02
7.33208757617309e+02
8.42824908317630e+02
7.83301853296190e+02
7.67813971020692e+02
7.60754294858656e+02
9.30566285297146e+02
9.06619468136851e+02
7.65317774268129e+02
8.60911893920042e+02
7.41188880494827e+02
7.76593011122920e+02
5.68808058102720e+02
6.92488845362471e+02
7.32584714325026e+02
7.37226919544248e+02
7.38912037147355e+02
5.97904496237469e+02
4.96502282295638e+02
4.51244455929829e+02
7.55071755433836e+02
7.77132356883367e+02
7.80471447722668e+02
7.76636854340024e+02
6.31064698039457e+02
5.17153172396399e+02
4.34973129440061e+02
5.11878757845512e+02
6.90979485753707e+02
7.03406044540978e+02
8.64723153287089e+02
3.81832838671931e+02
8.37035733907589e+02
8.12893325803814e+02
4.68692682734462e+02
7.78687949240893e+02
9.04225205425506e+02
8.24904019494346e+02
7.64939502483819e+02
8.91689506932126e+02
8.83068035722280e+02
7.58774697840074e+02
8.62838134944426e+02
7.43200364374771e+02
7.70464569667665e+02
5.64689470061339e+02
4.93322695699558e+02
7.55099502761609e+02
7.61970402818690e+02
6.35827491440257e+02
5.37086519167304e+02
4.64312508004740e+02
5.19677598891073e+02
5.49497945947851e+02
8.22897160430598e+02
6.87412911542939e+02
5.86543442855735e+02
5.08431272110324e+02
4.52491893361955e+02
5.08833198010490e+02
5.02912371049869e+02
6.00919809402087e+02
7.52480757131233e+02
7.64001485122889e+02
5.25714778550807e+02
7.93510003389887e+02
5.89707177306718e+02
8.41189597835039e+02
7.72778837585336e+02
2.06841633712013e+02
6.30400872828114e+02
7.75038782307246e+02
7.78944625523816e+02
7.73821485309578e+02
6.36635360161388e+02
7.92367716837488e+02
6.95679226323177e+02
8.09430255260945e+02
7.16112626125118e+02
7.72201804522399e+02
6.14661005492573e+02
5.52067212584463e+02
5.93396823857492e+02
7.81725656556841e+02
6.84963132845320e+02
6.15735802248567e+02
6.87545499638447e+02
6.46366324793617e+02
6.38641400036671e+02
6.68456661725062e+02
5.22828777233041e+02
6.72479212116681e+02
6.16456284039040e+02
7.00207183988964e+02
6.65125308633923e+02
6.29765883466826e+02
6.24142616487933e+02
4.60937094912245e+02
3.19048717919924e+02
8.10533484652245e+02
6.31076526017610e+02
8.44898029584391e+02
6.56853273622219e+02
8.16574618607516e+02
8.07195201487490e+02
3.88064907317178e+02
6.87020177819952e+02
8.50120509368296e+02
8.32931305020254e+02
8.30834512641970e+02
6.43832880098876e+02
8.42393650577742e+02
9.98811416397635e+02
9.02799652075729e+02
1.00313778028395e+03
8.43332006238780e+02
8.02361545228629e+02
7.72647741919401e+02
5.98091475255491e+02
9.17432024016758e+02
1.06074526828413e+03
1.02652081920107e+03
9.71618597034928e+02
9.67454168531631e+02
7.30989717059391e+02
5.34151422601964e+02
1.42931916807457e+03
7.96989951762830e+02
7.85081201097696e+02
7.48135244830370e+02
7.52792054508065e+02
5.81880462331649e+02
4.42015326634669e+02
1.15612144741784e+03
1.19735649504444e+03
8.04378798815111e+02
7.19571846060304e+02
8.10780357669511e+02
2.92448631644238e+02
7.41635477520471e+02
8.41126528482623e+02
7.78632540825593e+02
1.86511829463187e+02
6.01822998194633e+02
7.85267563427653e+02
8.47011097212537e+02
9.16874280638232e+02
9.01751095820448e+02
8.09836558722282e+02
9.22670435269785e+02
8.51991776071693e+02
9.74140113646226e+02
8.57308445604641e+02
8.64785493826991e+02
8.82691448396646e+02
7.33890286880738e+02
1.00398827516434e+03
1.09164471113253e+03
1.03560785043098e+03
1.03422294832586e+03
7.93421351001241e+02
5.93364815500126e+02
1.39001004928834e+03
1.56082178292283e+03
2.13126346991297e+03
9.15964937805267e+02
9.15186257678875e+02
7.00232568196724e+02
5.14959684354418e+02
1.08233663930269e+03
1.24334019844179e+03
1.92441548146577e+03
9.56992594164217e+02
8.10911060101120e+02
7.51855596362466e+02
8.36671110328140e+02
4.75948278301245e+02
7.79195282714626e+02
8.53445594700948e+02
8.51403019939075e+02
3.07739269260488e+02
5.75350654760795e+02
7.55040656776096e+02
7.94752461154671e+02
8.75957805972275e+02
8.41203073490407e+02
7.80280558475828e+02
7.29230161738281e+02
8.55360226623911e+02
7.80197405206639e+02
8.21977376648881e+02
8.76107238151523e+02
7.45778989847959e+02
8.21844844431604e+02
1.67519973012128e+03
7.90830943263622e+02
6.13074999848002e+02
4.54110847765450e+02
9.02454449487751e+02
1.05714180413858e+03
1.79154110732653e+03
1.08460076943595e+03
1.30197634433979e+03
5.42563338789334e+02
4.00330513274956e+02
7.19094670188917e+02
8.08754414771011e+02
1.38061476489618e+03
9.05642330037779e+02
1.25183651676584e+03
1.07732087544219e+03
4.35346107323286e+02
7.69062320497979e+02
3.54875704408970e+02
7.02868613235966e+02
8.30368052319431e+02
4.44651112930361e+02
6.37727904688047e+02
7.77374757672566e+02
8.04034553573736e+02
9.80119485714752e+01
3.32612915956038e+02
4.56029991892579e+02
5.22490309051395e+02
6.09666017191286e+02
6.75800944267256e+02
7.40354045190139e+02
7.06252164955303e+02
4.95563415647107e+02
4.65817362336238e+02
5.09076019711748e+02
5.65826979251973e+02
4.99915714317514e+02
4.81272476164347e+02
9.42502424754213e+02
9.72313920840505e+02
2.33173919914776e+02
3.79590552748964e+02
3.98590845435885e+02
6.49128877291071e+02
4.31305365511800e+02
6.09513146848188e+02
5.69435759408763e+02
4.70575134594702e+02
3.24377104744414e+02
3.31455342752677e+02
5.30463972789172e+02
3.55299676254138e+02
5.08541400800150e+02
4.88411771391217e+02
4.61472452579501e+02
6.29604788809938e+02
4.95319974375811e+02
7.71755117529842e+02
3.46157503446203e+02
6.02213216432485e+02
7.12157923275214e+02
1.29128107742564e+02
3.64657968229407e+02
4.74976432558030e+02
5.63532181397753e+02
6.26557439993609e+02
1.07834767318150e+02
2.07603142513095e+02
2.82485977660234e+02
3.12267345688872e+02
3.67355957897215e+02
3.98229211488144e+02
4.37436838784863e+02
6.71785227676020e+02
2.44782453747767e+02
2.71785357419977e+02
3.09284649902521e+02
2.79856025987594e+02
2.46256511510148e+02
3.99078160590533e+02
4.02930055588261e+02
4.28136137530885e+02
2.42646644949886e+02
3.79375878388543e+02
2.53762119550961e+02
3.58916951879655e+02
3.38805729040560e+02
3.29050838309910e+02
4.88727408003994e+02
6.38957534853100e+02
4.44087022558191e+02
2.93315196595133e+02
4.01119002817901e+02
3.58975490061273e+02
3.35874051146590e+02
4.91267294494175e+02
6.41313220884006e+02
7.60149288256398e+02
4.41673600364334e+02
6.35042329929879e+02
2.97440534858741e+02
4.35456807298005e+02
5.82653313886001e+02
1.32688654113369e+02
2.32748166809749e+02
2.83931242059118e+02
3.55236777843087e+02
3.82953518625930e+02
1.13306815086348e+02
1.53271007456769e+02
1.76073952427605e+02
2.05667259563824e+02
2.31048898682179e+02
2.71159911312348e+02
2.39044343783905e+02
3.62729133770117e+02
2.19064068767874e+02
2.49815822481719e+02
2.27929017384135e+02
1.92564548036651e+02
2.80140721268658e+02
2.67313472511612e+02
2.62839920976403e+02
4.81194526252666e+02
1.10685817778676e+02
1.50492495556848e+02
1.31799407212795e+02
1.20734146050672e+02
1.73624400681226e+02
2.23616926483764e+02
2.81649958726543e+02
3.41795128726159e+02
2.09881122083427e+02
1.84746191683746e+02
1.70416311878506e+02
2.46445103112834e+02
3.20567908607628e+02
4.27067706827019e+02
5.89702076597609e+02
1.65783984180477e+03
3.26014163837398e+02
4.90300261417489e+02
2.02160213940565e+02
2.79444329724083e+02
3.58235109351828e+02
1.08383806712385e+02
1.57926880837109e+02
1.98462528816836e+02
2.37393647170766e+02
2.80754387508225e+02
1.08025491070400e+02
1.42119599694264e+02
1.53039332913728e+02
1.71776061505252e+02
1.82511047114274e+02
2.08151059276749e+02
2.19201234785148e+02
2.37647296986440e+02
1.73726407124265e+02
1.60916879909965e+02
1.35401845777342e+02
1.91617555795142e+02
1.82854773250948e+02
1.72479129594167e+02
2.82296255110824e+02
5.17322820114251e+02
1.76438233605002e+02
1.60530625047808e+02
2.27525758258815e+02
2.85360983310365e+02
3.71451040378502e+02
4.99204941659892e+02
1.39067050144084e+03
6.24784521470029e+02
1.10382004214112e+02
1.55685903528822e+02
1.92315976540088e+02
2.47815396229748e+02
3.22840668584859e+02
8.81713750146272e+02
4.31920070817019e+02
5.95901830242108e+02
2.10466479530420e+02
3.19747696137489e+02
6.36089321278659e+01
1.34221225961492e+02
1.80767052684224e+02
2.11996570782413e+02
3.73615116643442e+01
1.01617398725854e+02
1.29366078350142e+02
1.48713001575226e+02
1.80221659782874e+02
2.08920401300804e+02
7.92541816903785e+01
9.08674467804394e+01
1.04918697130547e+02
1.15276883354085e+02
1.36353655760791e+02
1.23053201204671e+02
1.59979129913687e+02
2.20015651834521e+02
9.89121682689997e+01
8.35656890714348e+01
1.18030262976001e+02
1.14545739613945e+02
1.08382231329599e+02
1.67859925978251e+02
2.78495401442096e+02
5.35336292474144e+02
1.35035516163474e+02
1.66371394816553e+02
2.14227034695253e+02
2.71697037356238e+02
7.08428668319786e+02
3.61454915971220e+02
6.15944887905059e+02
7.39659744790880e+02
1.42865712644287e+02
1.83565544655763e+02
2.25436034416546e+02
5.41418683108740e+02
2.72141261368909e+02
5.06759463015970e+02
7.32563332427317e+02
6.76804450321119e+02
6.70575271736329e+01
1.40852948594472e+02
2.02147563021215e+02
6.41493851438738e+01
1.12031396563286e+02
1.38898441123629e+02
1.78411592532163e+02
4.24534044211945e+01
7.23585373744078e+01
8.61989462758926e+01
1.03757802662970e+02
1.13696360767866e+02
1.42344360199581e+02
5.51038836872292e+01
6.02787843812355e+01
6.82764844569626e+01
7.38359441947549e+01
8.83001616028550e+01
9.17808410347189e+01
9.98765207597079e+01
2.25035441358698e+02
5.89301258745201e+01
8.36183027655202e+01
8.31337347631254e+01
8.07937096668693e+01
1.25446232142315e+02
1.98529551091429e+02
3.42558999136722e+02
6.32187775814412e+02
1.64253945790456e+02
1.97177147334460e+02
4.37123024607598e+02
2.07885849529589e+02
3.96285180416607e+02
6.24097569270124e+02
6.35123408255035e+02
6.26636764396837e+02
1.98595405486923e+02
4.15319272170804e+02
1.88776817857624e+02
3.55725348838453e+02
5.81709240980551e+02
6.28021969235926e+02
6.88295929193488e+02
8.55848676557073e+02
6.72515685894625e+01
1.13152783789372e+02
1.43462944774805e+02
5.34019778648723e+01
7.66464737994908e+01
1.02734822381553e+02
1.26609118697746e+02
3.32463827750232e+01
4.89480046564888e+01
6.14155069264663e+01
7.44969014989515e+01
8.45260951532326e+01
1.23662732047742e+02
3.92345877412987e+01
4.62044046989556e+01
5.17633918402717e+01
6.32161013019276e+01
6.00141604447000e+01
8.00601705140421e+01
1.06906477068793e+02
2.86721074582152e+02
7.45518348180449e+01
7.57476482286164e+01
7.57114374068166e+01
1.20086277268000e+02
1.90674505513257e+02
2.83511618355516e+02
4.97453333009388e+02
6.85254603940378e+02
4.32337005896105e+02
1.89430266265001e+02
3.51181431778261e+02
5.83091064677924e+02
6.49635598422048e+02
7.52642960903223e+02
9.53924258918008e+02
1.00288168885024e+03
1.52451375034599e+02
2.78922990247360e+02
4.66256018823461e+02
5.30127238947593e+02
6.37447206148989e+02
8.19438501221672e+02
8.96937341136408e+02
9.85576610098447e+02
5.28801085522877e+01
7.78064304270538e+01
1.10127140482836e+02
3.98182310123627e+01
5.36368218557490e+01
7.06579300632451e+01
8.76957646242175e+01
1.04676294448827e+01
2.89750503674824e+01
3.81581802291870e+01
4.51688003419231e+01
5.86009184299469e+01
6.94093528126222e+01
1.48727736231760e+02
3.37810894425455e+01
3.89338168894499e+01
4.31311564410574e+01
5.38098974208195e+01
5.76739482100813e+01
6.81779926919106e+01
1.52899366183881e+02
4.00985713520026e+02
5.63333313574507e+01
5.75997938862580e+01
9.44502618793184e+01
1.56168156460132e+02
2.25327852034626e+02
3.65434543659567e+02
5.69811420435548e+02
8.49771209149612e+02
2.34269814309556e+02
3.92723620233112e+02
4.54300962138302e+02
5.63280696247569e+02
7.35194003137161e+02
8.19232036149569e+02
9.24924279718277e+02
1.02306287485034e+03
4.12267354769063e+02
4.81550802088624e+02
6.09957224409723e+02
8.04416064006128e+02
8.99767032923542e+02
1.00093040370343e+03
1.08670552333283e+03
9.62775350693748e+02
3.78580697330095e+01
5.54298775190829e+01
7.98671438226476e+01
1.41200860579406e+01
3.06046526265937e+01
4.17646865775230e+01
5.29282444360434e+01
9.01031303099944e+01
1.47634224547630e+01
2.58196259645082e+01
3.18800191819083e+01
3.96990820057271e+01
4.71856999733461e+01
6.37862071954167e+01
2.05611134630056e+02
2.82287294379508e+01
3.18017006406963e+01
3.94642627196990e+01
3.86549666754890e+01
5.29548260150364e+01
7.67230872119594e+01
1.96112090679497e+02
4.98929866482928e+02
5.17116454173800e+01
8.67639552816603e+01
1.48775289106763e+02
2.14538050155546e+02
3.27048870169707e+02
5.41413505310814e+02
8.57447358677890e+02
1.07132587109878e+03
4.38774008870660e+02
5.70448419917464e+02
7.72481414235111e+02
8.89495199456572e+02
1.01477540518715e+03
1.13143876571898e+03
1.03982457907786e+03
8.57056904003493e+02
5.14770079321332e+02
7.13106125711624e+02
8.42596163391413e+02
9.84546471471436e+02
1.12151994037231e+03
1.04187939436724e+03
8.82505557738693e+02
1.20521479377766e+03
3.10116989299388e+01
4.56748586830393e+01
6.41711354848942e+01
1.53010187389133e+01
2.78756931000596e+01
3.58156692303639e+01
4.91313391838778e+01
1.17116813929767e+02
1.46078761427587e+01
2.19310148448281e+01
2.79976224703723e+01
3.46463214636914e+01
4.11732693791236e+01
6.67961549702167e+01
2.65852606116829e+02
2.60976981923286e+01
2.85265704723562e+01
3.58520204102346e+01
3.78026734075371e+01
4.57185116766774e+01
1.12322068349504e+02
2.58615338678924e+02
7.23340524893344e+02
6.58461091798635e+01
1.15734725858520e+02
1.67078325918125e+02
2.40202073994591e+02
4.15222810751502e+02
7.24538106759620e+02
1.00409215092914e+03
8.90175602777192e+02
5.58655354432296e+02
6.75233580095812e+02
8.07481161450064e+02
9.40937402647783e+02
8.85667267097697e+02
7.59963340595809e+02
9.33672274209701e+02
8.94971476076853e+02
6.15445638339652e+02
7.50977356802567e+02
8.94930171712266e+02
8.59484395848644e+02
7.57374835299105e+02
9.10951247877572e+02
8.18802750463993e+02
7.49572050541415e+02
1.25237066140490e+01
2.71657343034528e+01
4.01429325028827e+01
6.99171509646707e+01
1.58687057170725e+01
2.35449632910040e+01
3.21893919541820e+01
4.19772710100108e+01
1.46082000455090e+02
5.74437163613680e+00
1.61311703531869e+01
2.13402423981596e+01
2.49358897926404e+01
3.23850593429125e+01
3.81534332183741e+01
9.13253127164856e+01
3.64403160616229e+02
2.31476283895913e+01
2.79936741190154e+01
2.71769518133318e+01
3.53387965976607e+01
5.11834305051449e+01
1.37848153893926e+02
3.21521228575316e+02
8.86573909931996e+02
9.99048147107525e+01
1.42677148429623e+02
1.87211339064695e+02
3.22880290774560e+02
5.98371259087259e+02
8.99331695229826e+02
8.70927011367559e+02
9.31107869812521e+02
8.75799931598959e+02
1.07076335711804e+03
1.05664751421709e+03
9.65104856242493e+02
1.19107006989920e+03
1.10259095759724e+03
1.08985012199059e+03
7.33361916489171e+02
1.24997488288431e+03
1.26625254025552e+03
1.19545602666215e+03
1.52145304515765e+03
1.45886326621935e+03
1.52284778702375e+03
1.17503265791811e+03
1.30060093336041e+03
1.39840490211708e+01
2.43785198713920e+01
3.26314241538841e+01
8.72372607547594e+01
1.70045000966546e+01
2.30317016426450e+01
3.02510793408735e+01
3.86292054116142e+01
1.93990927946208e+02
9.41329346091155e+00
1.63855242923741e+01
2.00388505529972e+01
2.38211747608147e+01
2.77293003428856e+01
3.52081810243104e+01
1.19183888490393e+02
5.04443450075982e+02
2.30682297241126e+01
2.86018917412505e+01
2.86690163136928e+01
3.32743196602976e+01
8.27555646109568e+01
1.69759373932181e+02
5.00553641121448e+02
9.39390447090623e+02
1.50542258996816e+02
1.84116201506668e+02
3.16807662549942e+02
6.21965604579670e+02
1.01836117973360e+03
1.11094223913445e+03
1.37157750075922e+03
1.21170429404024e+03
9.64914944678432e+02
9.31268483126420e+02
1.20602601601673e+03
1.17238271109480e+03
1.23664907537749e+03
9.79909766167361e+02
1.04398361050701e+03
1.19677137107689e+03
8.74748433030966e+02
1.15074353355143e+03
1.13725309353138e+03
1.21548343656520e+03
9.84974600712352e+02
1.02744570167819e+03
1.18916721160803e+03
1.21609517597334e+03
1.50441149490179e+01
2.23764121032141e+01
3.14855468956755e+01
1.13150438628980e+02
7.21689677026364e+00
1.58591760230465e+01
2.10990829968611e+01
2.59034219532793e+01
4.20766918671168e+01
2.44518594093239e+02
1.07948578579850e+01
1.61407144022518e+01
2.01949532126141e+01
2.36958712667930e+01
2.66466791837105e+01
4.01928293708968e+01
1.43337022972906e+02
6.96397919859943e+02
2.40772910232989e+01
2.31810956187947e+01
2.88683960241593e+01
4.11326876260421e+01
1.15491413076780e+02
2.23244888263094e+02
7.60873317577199e+02
1.19740511444393e+03
1.18978010141689e+02
1.95018040297154e+02
3.93033345797728e+02
6.79280255847700e+02
7.95702238636423e+02
1.04990858519277e+03
1.00315085595481e+03
1.08910867451792e+03
9.10252544990429e+02
9.15986566965807e+02
9.96023459366667e+02
8.27086638741366e+02
8.61555678202002e+02
1.01371120311291e+03
1.14037814302906e+03
8.95013220334505e+02
8.93966543741297e+02
9.87609769430640e+02
8.37366341202987e+02
8.73621077616569e+02
1.03573596210840e+03
1.20925068079796e+03
1.01989909803396e+03
8.75877962367616e+02
1.47978577627022e+01
2.10171897817431e+01
2.87100124895170e+01
1.32508157990232e+02
9.07570810259221e+00
1.65070066671510e+01
2.00817098306206e+01
2.55782242421688e+01
5.75028322004957e+01
3.52647795178415e+02
1.21590088900368e+01
1.61396799040518e+01
1.84486310244918e+01
2.32649609983998e+01
2.53589198019902e+01
5.90598587287921e+01
1.85171789902487e+02
8.39497038597359e+02
2.12879350819626e+01
2.09214366041678e+01
2.36345624633912e+01
5.87060497841591e+01
1.08358000459378e+02
2.88006616438620e+02
7.14512807524934e+02
1.01045915974985e+03
1.55611268489326e+02
3.16133587982023e+02
5.66958138177402e+02
6.99953466132259e+02
9.78275274100028e+02
1.00537652683360e+03
1.09869899683626e+03
1.21972993071995e+03
1.26261169421662e+03
1.09475397932283e+03
1.15731113011578e+03
1.39739248296801e+03
1.68721498839150e+03
1.49727289529494e+03
1.46577307390501e+03
1.07675797018063e+03
9.21827483427122e+02
9.83090165353659e+02
1.20041906106076e+03
1.47341427692442e+03
1.32615785421570e+03
1.34669025066966e+03
1.05007235802174e+03
8.42226395429342e+02
1.46848240173713e+01
2.03647093944907e+01
2.61757365722640e+01
1.70519216040760e+02
1.01395778758531e+01
1.51190242492024e+01
1.95976241632156e+01
2.33677394723301e+01
7.75274047155113e+01
5.20133393144184e+02
1.08866694053386e+01
1.34562528166036e+01
1.57879140208411e+01
1.83373217236210e+01
2.18050798565343e+01
7.29155259048187e+01
2.27058210586483e+02
8.43311448993616e+02
1.65502303107965e+01
2.00754452529161e+01
2.79576053347960e+01
7.84653776671383e+01
1.16854077317633e+02
4.16959210211332e+02
8.14185560859054e+02
1.04555071483923e+03
2.28612697084590e+02
4.24631028860189e+02
5.47937078370778e+02
8.07796338248706e+02
8.89992822621752e+02
1.03083468234231e+03
1.30347902084405e+03
1.10467187635925e+03
7.96970381054531e+02
9.88232367723923e+02
1.23783817042156e+03
1.13488574153790e+03
1.18619864213502e+03
9.58545553193777e+02
8.41126215616928e+02
8.87812427828262e+02
9.84594243908365e+02
1.26668445530076e+03
1.19636778776037e+03
1.30107640417041e+03
1.10315570742529e+03
1.04503688555815e+03
1.24608551077996e+03
1.26108234266382e+03
6.04627483649230e+00
1.35538490881447e+01
1.87853132205534e+01
2.81606593630360e+01
2.51580671974880e+02
9.41098463008983e+00
1.28290962435974e+01
1.63475230562361e+01
1.90778469018542e+01
7.75652217671434e+01
5.19792905452185e+02
9.47790032341837e+00
1.20310950125067e+01
1.41140937983419e+01
1.58989484701615e+01
2.30602965653699e+01
7.52874754414221e+01
3.20678357842166e+02
8.52560795638845e+02
1.29600557039611e+01
1.46814601607540e+01
3.79535525143486e+01
6.72937065684531e+01
1.56356232304486e+02
4.46620658075626e+02
8.00500854352984e+02
1.20024721898672e+03
3.08960861838884e+02
4.13000771688743e+02
6.35366663750957e+02
7.39878561183972e+02
9.07612084824577e+02
1.25830292107064e+03
1.22903138055711e+03
1.25498724556257e+03
1.33656318907033e+03
1.28792512436340e+03
1.43575490690805e+03
1.24814203149851e+03
1.22225373487606e+03
1.50356211224430e+03
1.51784121648724e+03
1.32903217568426e+03
1.38259685858949e+03
1.58373447062159e+03
1.42084959528935e+03
1.44786487480577e+03
1.86049848400432e+03
1.92386387577610e+03
1.75732300851038e+03
1.53767227793810e+03
6.43025412179588e+00
1.13620677665219e+01
1.45822495393560e+01
3.35434444327925e+01
3.05455835430255e+02
3.45907509198400e+00
7.85225857952386e+00
1.06417078752602e+01
1.31507545962289e+01
1.98446161996717e+01
8.34906444595599e+01
6.04936359622000e+02
7.29895565082474e+00
8.48398520681024e+00
1.08918648322096e+01
1.18570500575262e+01
2.78079376213781e+01
6.98028027158036e+01
3.48257806321746e+02
8.44689413685897e+02
1.00888080018116e+01
1.42730705944570e+01
4.21322051005303e+01
5.59782639685253e+01
2.06544031217524e+02
4.69119447175947e+02
7.56702573922306e+02
1.18409001878429e+03
2.63572686942744e+02
4.19752130619554e+02
5.11843284421078e+02
6.62597851163654e+02
9.96565992932891e+02
1.09149512838899e+03
1.30400796865191e+03
1.46104556858713e+03
5.38537277072789e+02
4.93014413359916e+02
5.14978082055205e+02
6.79047750079456e+02
7.02363498279456e+02
6.35476479101310e+02
5.46843897613307e+02
5.95376572887697e+02
6.05613113783821e+02
6.51860414024682e+02
8.93591756977727e+02
9.62245789423547e+02
9.17880396543279e+02
8.58710897748857e+02
1.04081782099151e+03
1.23173712060514e+03
5.94203890146916e+00
9.03838719052597e+00
1.23468942205985e+01
3.96885670631073e+01
3.39833846907043e+02
3.12610133572555e+00
6.00863234651410e+00
7.49301004312270e+00
9.75467550114372e+00
2.17308096201218e+01
9.48729684638827e+01
5.81996569544109e+02
4.83424834542225e+00
5.78817958935901e+00
6.92578223816269e+00
8.30795096214533e+00
2.94891252252190e+01
7.39506706644625e+01
3.58898163817879e+02
8.81123872566030e+02
5.95908922343583e+00
1.54856350111057e+01
2.71925146015318e+01
5.71551895485408e+01
1.78354028772137e+02
3.73070052260995e+02
7.15014987117973e+02
1.08952512480980e+03
1.93812022761981e+02
2.43708445374261e+02
3.26342826117033e+02
5.17863306639263e+02
6.07837747007981e+02
7.92920478434357e+02
9.52304093454157e+02
1.03849174784897e+03
6.33632904016727e+02
8.94681913341886e+02
9.90893492345555e+02
9.78518127038735e+02
9.66437275780250e+02
1.24840198398645e+03
1.55780684756510e+03
8.61550138371095e+02
4.92423255901540e+02
5.61402014988276e+02
5.75038798979302e+02
5.98778365310702e+02
8.26323577391258e+02
1.11812053104922e+03
6.67024807448868e+02
6.42005248833287e+02
4.40310342012991e+00
6.50505392666010e+00
8.88522526469865e+00
3.47055623295918e+01
3.66832377368058e+02
2.57065453066582e+00
4.00302596807498e+00
5.32596737118119e+00
6.46533814281926e+00
2.19440248477974e+01
1.08227640080837e+02
5.28335806099241e+02
3.16525693508232e+00
3.74392869715965e+00
4.27273842295281e+00
6.16031071375286e+00
2.04509008599755e+01
7.58533410576280e+01
2.76043150136142e+02
7.25766655182883e+02
3.84139711582031e+00
1.20037831584537e+01
1.33756291259760e+01
4.77029213253482e+01
1.19203269145903e+02
2.21343238961556e+02
4.53569460479711e+02
7.76298341453976e+02
9.46388003733668e+01
1.30175362825168e+02
2.15523576550008e+02
2.68213568499173e+02
3.80896762161530e+02
5.17990429866428e+02
6.98381877079264e+02
7.82340600795574e+02
4.28959980645674e+02
4.51442160740936e+02
4.88345193607082e+02
7.05259373729983e+02
1.00689887321315e+03
6.23327108923262e+02
6.98799814307282e+02
9.28878069953745e+02
3.09375548723047e+02
3.44514091077315e+02
5.14125083594218e+02
7.62020901047234e+02
4.82034212534700e+02
5.85582672926307e+02
8.38292257189484e+02
5.98226467771201e+02
3.23769639491693e+00
4.64768591429637e+00
5.97957968275632e+00
2.93827409579062e+01
3.33892934419184e+02
1.95330008947466e+00
2.73239828758937e+00
3.52614076010081e+00
4.06225617629311e+00
1.59170906953568e+01
9.24089598932190e+01
4.66853463344366e+02
1.87788469458283e+00
2.37213573310650e+00
2.42522070763043e+00
5.41161917479859e+00
1.14690296735895e+01
5.17199597383989e+01
1.68236571995346e+02
4.91373598732046e+02
4.59554707655117e+00
7.36010552696224e+00
9.39044497168672e+00
2.91438223447068e+01
6.56071729338741e+01
1.41020127745107e+02
2.74751479835540e+02
5.64478433951471e+02
5.83142195889759e+01
9.80065375539783e+01
1.25973688208035e+02
1.88605137101556e+02
2.76988838462487e+02
4.20389527166504e+02
5.65753148839230e+02
7.66124325208906e+02
2.90879568030597e+02
4.46504736046828e+02
6.83559424742438e+02
4.42464231344538e+02
5.70232463896443e+02
8.63813495244314e+02
6.79300156085172e+02
7.73787237631696e+02
3.23128213481925e+02
5.07503705816172e+02
3.33447036188266e+02
4.47537817658642e+02
7.02853488573006e+02
5.87012320625937e+02
7.32432874634730e+02
7.39062263726280e+02
9.77898192289942e-01
2.41362052867031e+00
3.37367723709361e+00
4.60630367740241e+00
2.60931447538167e+01
2.61844069717118e+02
5.19608267031983e-01
1.45946110917656e+00
2.01018397461523e+00
2.39246588850854e+00
3.03152188077287e+00
1.02090482899926e+01
6.48543409805041e+01
2.93803913477045e+02
1.94564730376024e+00
2.19543075022210e+00
2.09578207817007e+00
6.71323100255179e+00
7.52165564152294e+00
3.37019506178636e+01
1.05927044567779e+02
3.21750285062975e+02
8.27912561433128e+00
5.01531575946222e+00
8.83441807685150e+00
2.19070300739684e+01
4.14781529074181e+01
9.31222055334036e+01
2.05769838897282e+02
4.72936790118182e+02
5.23931269069720e+01
6.74721644204287e+01
1.04517673331729e+02
1.61642064152813e+02
2.65638918728366e+02
3.97408937030802e+02
6.07115356865013e+02
7.00901767388298e+02
4.89402354221789e+02
3.18742566522467e+02
4.39804634538046e+02
7.03660942384806e+02
5.99676530364443e+02
7.86362018404284e+02
8.53056540434140e+02
9.88803808364511e+02
