-3.83942357510583e+02
-3.44900617266215e+02
7.88213439141811e+02
-5.07193305924601e+02
5.64011293934387e+02
5.63175381648837e+02
2.54706035865234e+02
-4.57650473165232e+02
5.98058913650144e+02
6.33993032330656e+02
8.57737641285431e+02
-4.32822550649092e+02
5.69857192810846e+02
6.38940954179703e+02
8.32133067809625e+02
6.91301029402939e+02
2.07330930395831e+02
8.08061195967029e+02
-3.87812803692103e+02
5.84773927317142e+02
7.01171870901900e+02
9.70183097387045e+02
7.74188205396883e+02
8.09696184217289e+02
-3.80546839176177e+02
5.23307996466885e+02
6.60018783622926e+02
9.66212058176563e+02
7.86213762526654e+02
8.34427600238272e+02
8.36541189180526e+02
1.07171554428716e+02
7.58346110150235e+02
7.58067526247811e+02
-4.25258736591716e+02
3.44180116511236e+02
4.48162062663876e+02
6.86534896677958e+02
5.75100495573599e+02
6.29951337184023e+02
6.62324106054043e+02
6.44765632108929e+02
4.71338577349367e+02
6.39597016371255e+02
1.01554135547649e+03
8.70435591338936e+02
9.76952117316368e+02
1.05484556266128e+03
1.05425641800226e+03
9.79920076577280e+02
5.67855434955902e+02
9.56238804522662e+01
7.89084005089713e+02
8.75132962145602e+02
1.00900225783004e+03
4.93737639676739e+02
8.06042985232091e+02
7.04918266513412e+02
8.07921056970142e+02
8.88872201116573e+02
9.09794552828629e+02
8.77990218844809e+02
6.01407619280632e+02
8.57906488990365e+02
7.62214230610901e+02
8.87416732151377e+02
9.87731645844090e+02
1.02136951434043e+03
9.94668273089206e+02
7.16928260269784e+02
1.13469698977052e+03
8.28942914440935e+02
5.17483637077466e+01
6.90796747872871e+02
8.22574906038877e+02
1.00099002038882e+03
7.99123280023447e+02
7.23715177940164e+02
8.54996756893015e+02
9.62009183022925e+02
1.00293092161258e+03
9.77316321341922e+02
7.20315719275380e+02
1.21371649483576e+03
9.24744359242540e+02
8.52096381809331e+02
9.66245101521740e+02
1.01101299610564e+03
9.77294959533266e+02
7.19456296330364e+02
1.22693423053933e+03
1.03792677617586e+03
1.03215931177689e+03
4.23978818851920e+02
9.24049493921585e+02
1.60074086133480e+01
5.84474531666248e+02
7.35195448499791e+02
9.27878540774887e+02
7.62156583087907e+02
1.03589678479399e+03
8.08671264719356e+02
8.48432669737047e+02
8.11920140305054e+02
5.90663007728004e+02
9.89874560850072e+02
8.62801229608745e+02
9.50370968496294e+02
7.71783645655456e+02
1.24786145208763e+03
1.18498405645809e+03
8.49109962454591e+02
1.37935801977618e+03
1.19091456229000e+03
1.35369949390357e+03
1.20046470862344e+03
1.08009930170545e+03
6.24677946851527e+02
7.13757411708314e+02
8.54792651891089e+02
4.04263316252036e+01
6.46271408077500e+02
8.47722655459659e+02
1.09964130333258e+03
8.90527852861854e+02
1.13799292855675e+03
1.15680126761632e+03
9.07517100471396e+02
6.46211173579651e+02
1.02720823310660e+03
8.73199630823237e+02
1.00020824151892e+03
9.28689309418167e+02
9.17104636302913e+02
6.88144669930232e+02
6.59425647866401e+02
1.03615611651924e+03
8.71006988191846e+02
9.97325861744364e+02
9.45607988091862e+02
9.79497930985537e+02
8.26454604559159e+02
1.19355966484945e+03
8.55054637161412e+02
3.72172461999264e+02
9.66108427702284e+02
1.02354358190572e+03
1.28573544061743e+01
5.44295946928799e+02
7.40513776479772e+02
9.91923030602553e+02
8.11939884754766e+02
9.76602014461374e+02
9.94792253647098e+02
9.04491759004015e+02
1.14963213260992e+03
9.54108152034538e+02
1.08143702391799e+03
1.02422923363774e+03
1.06854632976958e+03
9.43082945443061e+02
1.49578680167768e+03
1.09443166745964e+03
9.69763293010265e+02
1.08358637166490e+03
1.01313656747571e+03
1.03855100070543e+03
9.16222208287243e+02
1.48922023071961e+03
1.18654925435557e+03
1.04639946201024e+03
9.13410929786920e+02
6.70983000933758e+02
9.10016070088148e+02
1.00372252770222e+03
5.52713054265143e+02
7.76164944873637e+02
1.07275093397810e+03
8.97951277746854e+02
1.05516275091397e+03
1.02739884738696e+03
9.34906042014014e+02
1.24559112228249e+03
1.05517635605686e+03
9.73126210909453e+02
9.73168830066898e+02
8.40061628141643e+02
1.34503138936018e+03
1.10001824288037e+03
1.07605015572255e+03
1.00544289612308e+03
8.88365945101882e+02
8.75116859741200e+02
7.41344636930818e+02
1.15810772316104e+03
9.46526348223113e+02
9.76012407778365e+02
1.03801930882005e+03
9.69584637216126e+02
7.65971145668825e+02
5.02230805124492e+02
9.47352819260294e+02
2.96840807620104e+02
8.94128542586467e+02
9.52824017083140e+02
9.14093157304630e+02
6.45747359750157e+02
9.18032089988650e+02
7.88727098429812e+02
9.31248417647661e+02
8.88902418594453e+02
7.61407395372115e+02
9.64560599309766e+02
9.74016273958872e+02
7.90884336154756e+02
6.57126779062384e+02
9.91384334212614e+02
7.85805204138202e+02
8.08317731073131e+02
8.94539282468021e+02
9.35048442870013e+02
9.72841358078033e+02
6.13505324114289e+02
9.01166520994801e+02
6.90692398959602e+02
6.92360377395404e+02
7.57638374870502e+02
8.01811346541603e+02
8.70989296080570e+02
6.92561029979913e+02
8.06421636311213e+02
7.72556233825919e+02
9.46183278613274e+02
5.36217586705875e+02
8.18046992535211e+02
8.90601312671255e+02
8.67975236286769e+02
8.45178705899224e+02
7.43048259507293e+02
8.89916646851018e+02
8.53353642828113e+02
7.11822309097733e+02
8.11454105952406e+02
7.48399441269476e+02
8.51208994962119e+02
1.01533868818340e+03
7.59897174283806e+02
7.42633119276706e+02
7.91873289341476e+02
8.17044403700754e+02
8.68164698734734e+02
7.14523562735011e+02
5.88856575198099e+02
7.70903471333782e+02
7.45875074679757e+02
7.85250235980428e+02
7.95601518235234e+02
8.23120390545190e+02
6.79871396182902e+02
5.65224972666305e+02
6.18318952208352e+02
8.97868240883569e+02
7.68326131955729e+02
8.17668725696839e+02
2.13624792688938e+02
7.35447969046426e+02
8.45464622874295e+02
7.86623871516436e+02
7.73029923345287e+02
7.68069802708367e+02
9.35380900486206e+02
9.13083080820242e+02
7.71697270087147e+02
8.64383110494195e+02
7.50397226288308e+02
7.87913262408374e+02
5.78899504732912e+02
7.02637475988829e+02
7.36144556695300e+02
7.38677752499526e+02
7.49360167218591e+02
6.14039941534087e+02
4.94634328312426e+02
4.60756457861562e+02
7.90930677171532e+02
7.77587123418619e+02
7.78612538436121e+02
7.83934944215800e+02
6.43664088311489e+02
5.12470416918503e+02
4.40423671997387e+02
5.16879216698462e+02
6.78600723901407e+02
6.96261774386135e+02
8.68526223964851e+02
3.58361575103111e+02
8.38523186857667e+02
8.13900582258400e+02
4.73336418244152e+02
7.82044606411382e+02
9.07073360595230e+02
8.26971166837654e+02
7.73146131707393e+02
8.89201915364411e+02
8.82261729989139e+02
7.58845164281838e+02
8.59384950045403e+02
7.45521644842294e+02
7.72838660854373e+02
5.65145311315551e+02
4.97197377470610e+02
7.50363508000862e+02
7.66179097306976e+02
6.45048294596213e+02
5.28918034989364e+02
4.66092578918462e+02
5.20203534894657e+02
5.44243191050665e+02
7.96510006971102e+02
6.93252138869989e+02
5.96421970660258e+02
5.01770497250057e+02
4.54871223661492e+02
5.10102176026472e+02
5.00494279833104e+02
5.92112300855868e+02
7.46131202959545e+02
7.67478240292638e+02
5.10975261292125e+02
7.95995111982066e+02
5.92885931411356e+02
8.44376884563730e+02
7.77312824014949e+02
1.66158022882356e+02
6.31004739792049e+02
7.75643703733368e+02
7.80123527421566e+02
7.75367061626010e+02
6.38330164070540e+02
7.95533779640350e+02
6.99114948696445e+02
8.10317520906292e+02
7.21711498399144e+02
7.77835184560560e+02
6.16799767486271e+02
5.55594336509763e+02
5.87839451074322e+02
8.00467716868886e+02
6.80920100864757e+02
6.23030268089547e+02
6.93819592085235e+02
6.46902680129731e+02
6.35038660948317e+02
6.67497393009041e+02
5.26393529191299e+02
6.60210248420258e+02
6.15719891893762e+02
6.97353940864745e+02
6.56603648305887e+02
6.18491655420849e+02
6.15027877935829e+02
4.55843424865921e+02
3.12657055227926e+02
8.12409822030066e+02
6.34414099480510e+02
8.46796273681743e+02
6.58156162602041e+02
8.17210516144124e+02
8.09654285571260e+02
3.91458507188919e+02
6.88983177695718e+02
8.51378746996363e+02
8.33777499359070e+02
8.35420200623466e+02
6.45855919942240e+02
8.43558186415240e+02
9.96783624028442e+02
9.06355150017539e+02
1.00552152130486e+03
8.41665809533372e+02
8.02358578894834e+02
7.63351735048439e+02
5.93675425777021e+02
9.21364552740980e+02
1.06299059504475e+03
1.01945365310851e+03
9.63618708182404e+02
9.63974225714613e+02
7.32500185473743e+02
5.34625235025075e+02
1.40183787232823e+03
7.89569171100318e+02
7.71268337693326e+02
7.34248237298940e+02
7.42895359830010e+02
5.78214798711350e+02
4.40214754290184e+02
1.13024246135735e+03
1.17322638394237e+03
8.06833384322535e+02
7.19747426831996e+02
8.11876462136773e+02
2.70525496047509e+02
7.42087568275436e+02
8.41417551294841e+02
7.80503914807234e+02
1.49241220695302e+02
6.01453303836375e+02
7.84604298063344e+02
8.46959938312772e+02
9.17337829849528e+02
9.00851658442711e+02
8.03048064976587e+02
9.18655433254503e+02
8.53443772353836e+02
9.74166960411165e+02
8.53888145968579e+02
8.63419976272342e+02
8.72665804974279e+02
7.31957427412530e+02
9.89668597445561e+02
1.08689725996078e+03
1.03145965666818e+03
1.03566152592102e+03
8.00379533575910e+02
5.99940163777243e+02
1.38168290532047e+03
1.56006076377403e+03
2.11865012271507e+03
9.06157559680911e+02
9.10778252464458e+02
7.03666650088407e+02
5.21113257091261e+02
1.07160095855120e+03
1.23862760520114e+03
1.90452291293409e+03
9.66599648765562e+02
8.10505814464668e+02
7.52395191112865e+02
8.39269714450100e+02
4.76741097992972e+02
7.78725327939075e+02
8.54080560180006e+02
8.51146370550770e+02
3.09827000750627e+02
5.75044500154549e+02
7.53427785322797e+02
7.93064161316644e+02
8.77485821162387e+02
8.40399983839059e+02
7.77686363622537e+02
7.32683857104377e+02
8.57868024932587e+02
7.80087006115719e+02
8.24342400784262e+02
8.71049918177177e+02
7.50197352455675e+02
8.22232122135172e+02
1.66776423011844e+03
7.98485672625787e+02
6.25527839156711e+02
4.67481565409909e+02
9.08437395957515e+02
1.07159407157536e+03
1.80164538902868e+03
1.11808876839428e+03
1.33346913410197e+03
5.55613197662011e+02
4.12374204532450e+02
7.26296257561579e+02
8.21637936829065e+02
1.39069169761200e+03
9.34026826451388e+02
1.27695530902669e+03
1.14454833149554e+03
4.25828514921795e+02
7.70884052565680e+02
3.40133103432693e+02
7.03411600218144e+02
8.30868262769761e+02
4.45479214014078e+02
6.38051478555369e+02
7.79104886945083e+02
8.00693327257000e+02
6.17485659864193e+01
3.33902818983956e+02
4.57510375512743e+02
5.24693454310087e+02
6.12566826268109e+02
6.78635749021833e+02
7.40349541268876e+02
7.08960205545668e+02
5.02462823405852e+02
4.70551683450549e+02
5.15702422937619e+02
5.68146855451767e+02
5.06935314775605e+02
4.85908955793444e+02
9.46260959967416e+02
9.90425730346471e+02
2.34539966746783e+02
3.75266937021679e+02
3.94898280731860e+02
6.37357664992286e+02
4.32440477409732e+02
6.08287593224219e+02
5.84219903593759e+02
4.96084937102485e+02
3.21584447342502e+02
3.29341821952451e+02
5.21028443194525e+02
3.57295599795517e+02
5.08623040004858e+02
5.02406060971776e+02
4.83236104409046e+02
6.37094762977752e+02
4.95842643351313e+02
7.73161040360189e+02
3.47180334189994e+02
6.01855339055678e+02
7.13147818563548e+02
1.07448145485750e+02
3.65479967025563e+02
4.75948674541384e+02
5.66030401739426e+02
6.28798070260806e+02
1.09552263479729e+02
2.09068324535317e+02
2.84473924832323e+02
3.14026591122436e+02
3.71342287946658e+02
4.01664094850006e+02
4.40402113211687e+02
6.73149468765362e+02
2.44242611985286e+02
2.71915884783878e+02
3.06640965367787e+02
2.79880508140328e+02
2.45146497236302e+02
3.92427851996137e+02
4.02959734816359e+02
4.45103276430981e+02
2.39526163824575e+02
3.69890437969953e+02
2.53139305112493e+02
3.57297387372473e+02
3.47027406700752e+02
3.41354283900119e+02
4.89099036904027e+02
6.38720882182064e+02
4.43106019525982e+02
2.98011968976298e+02
4.05799726218677e+02
3.71982800098982e+02
3.50325836213626e+02
4.96257822142830e+02
6.47465177185674e+02
7.64046099609176e+02
4.41770989469453e+02
6.35543010553156e+02
2.98130019013280e+02
4.36963156770330e+02
5.82867943802331e+02
1.33633202445146e+02
2.34051989124437e+02
2.85692263302035e+02
3.57919075847788e+02
3.85003815447961e+02
1.12934677317828e+02
1.52916824244168e+02
1.75848132604032e+02
2.05119083732620e+02
2.30771654994149e+02
2.69547979485805e+02
2.38099299356941e+02
3.60536695190618e+02
2.18670205054232e+02
2.47156366465583e+02
2.27155057847802e+02
1.90831609569756e+02
2.74415105653272e+02
2.65797221760186e+02
2.69310109063667e+02
4.78844531255602e+02
1.01172050336329e+02
1.39077568567559e+02
1.25689328280337e+02
1.14554868393245e+02
1.56431855315001e+02
2.00043895471941e+02
2.46356975514683e+02
2.72938470145513e+02
2.08709978034549e+02
1.89010015324032e+02
1.74599086515154e+02
2.44478221454527e+02
3.19829957752258e+02
4.27942459698530e+02
5.91371298207666e+02
1.62465982813227e+03
3.26815725410240e+02
4.92219855720652e+02
2.03077263126111e+02
2.81351109836787e+02
3.60142087061566e+02
1.08087933448296e+02
1.57710306712105e+02
1.98321280203735e+02
2.36180227641531e+02
2.77201251594681e+02
1.07517776553621e+02
1.41879456049121e+02
1.52190329147931e+02
1.71913456224825e+02
1.82167534600363e+02
2.07010323203194e+02
2.15598403716706e+02
2.41521123672491e+02
1.72440300846527e+02
1.60846471267589e+02
1.34643172963469e+02
1.88080392411965e+02
1.82449739896975e+02
1.77399372059562e+02
2.82000131453060e+02
5.19415201222301e+02
1.82531402004871e+02
1.66390908856462e+02
2.27933778490971e+02
2.87068889184315e+02
3.74679241152224e+02
5.03007045490417e+02
1.36440324411731e+03
6.37298057369105e+02
1.14162553601173e+02
1.54678652796095e+02
1.91817069094723e+02
2.47824636733632e+02
3.21377093076573e+02
8.49914792712454e+02
4.37698521568990e+02
5.85142799835204e+02
2.11155042479503e+02
3.20879232168257e+02
4.79083723935491e+01
1.33957101673494e+02
1.80410030351386e+02
2.10996256618266e+02
1.51046483894033e+01
1.01140909285487e+02
1.28657020413757e+02
1.48454316671551e+02
1.79309972191287e+02
2.06760655860903e+02
7.89594580575449e+01
9.06573450039222e+01
1.04331291344295e+02
1.15115386003192e+02
1.35529585702191e+02
1.22438249109844e+02
1.58312546773584e+02
2.20991057701786e+02
9.82196652184014e+01
8.26760536887185e+01
1.14595107763021e+02
1.13648417387495e+02
1.11833040847035e+02
1.66827643216778e+02
2.77186274017429e+02
5.30154169985615e+02
1.33362899692243e+02
1.64963207275259e+02
2.13130474589043e+02
2.69207196006012e+02
6.80021929565116e+02
3.67040835419358e+02
6.05053750759560e+02
7.21183370996520e+02
1.43997345897509e+02
1.85924123581664e+02
2.27629301278877e+02
5.32076327872448e+02
2.83117247937480e+02
5.09283134291547e+02
7.32451662634339e+02
6.68131475726158e+02
5.55604641786698e+01
1.40420757571197e+02
2.01449426537496e+02
6.38588345560177e+01
1.11403473596558e+02
1.38641582858966e+02
1.75853073014030e+02
4.22631014416162e+01
7.21207850719372e+01
8.56542959286485e+01
1.03586850711525e+02
1.12932110288516e+02
1.43812310832092e+02
5.48070084403824e+01
5.93629786163647e+01
6.79685805515886e+01
7.33683843004998e+01
8.74312877350347e+01
8.95697882847840e+01
1.01579180474808e+02
2.24087953630672e+02
5.81775670687105e+01
8.09009949313866e+01
8.23560524162356e+01
8.35887089567084e+01
1.24801005768627e+02
1.98418884918563e+02
3.41966814513570e+02
6.26152779737575e+02
1.61523228623613e+02
1.92979742944885e+02
4.14860000685824e+02
2.09336463108137e+02
3.82793919144499e+02
5.98401579702684e+02
6.03516774365366e+02
5.87909590650759e+02
1.96507908058768e+02
4.01318891620681e+02
1.93446222964783e+02
3.50737246185113e+02
5.71075749741932e+02
6.15478298446452e+02
6.80598357173764e+02
8.18593345591084e+02
6.69194495337683e+01
1.12768357434866e+02
1.42502335405970e+02
5.30219080751512e+01
7.61179942647669e+01
1.02136116703844e+02
1.25232294146207e+02
3.27257918587911e+01
4.85412536536233e+01
6.08056329013799e+01
7.36861707951349e+01
8.26798786750829e+01
1.23832310625816e+02
3.88209699086683e+01
4.53655376151577e+01
5.13638143900641e+01
6.24501244841528e+01
5.92120199087723e+01
7.83583276728807e+01
1.07240335241325e+02
2.85946736731222e+02
7.17023226618654e+01
7.44784366748724e+01
7.75982549833625e+01
1.18701033867781e+02
1.89533405472568e+02
2.81802204339295e+02
4.90883518868492e+02
6.78624070183628e+02
4.21942954886264e+02
1.96535604831277e+02
3.50111593762732e+02
5.78617009693371e+02
6.44531072824433e+02
7.53835003605918e+02
9.32543281548638e+02
9.94246327959306e+02
1.58009707322098e+02
2.76595704551076e+02
4.59783296464053e+02
5.22872897339974e+02
6.34419214820232e+02
7.95785495918747e+02
8.85619618427763e+02
9.65054513842535e+02
5.25851801893717e+01
7.74149880328789e+01
1.08546611061684e+02
3.94366704091986e+01
5.31087759169754e+01
6.99856426598198e+01
8.80960482189740e+01
-1.02196473133048e+01
2.85792538270795e+01
3.75452280820091e+01
4.48242902538443e+01
5.80042806561142e+01
6.80201405757381e+01
1.48686704329571e+02
3.30123383854507e+01
3.86318024861989e+01
4.27081998213536e+01
5.31210816817821e+01
5.59198718048470e+01
6.90117338369409e+01
1.52008587983319e+02
3.96668916052542e+02
5.58175167459416e+01
5.99015942177228e+01
9.39846394683855e+01
1.55943974544026e+02
2.24810110496998e+02
3.62236210311086e+02
5.67417996917582e+02
8.38296913379195e+02
2.34430621838404e+02
3.91208451276855e+02
4.52757466700873e+02
5.66327655922265e+02
7.22265061669043e+02
8.20267049699240e+02
9.22637484868087e+02
1.01776609049253e+03
4.11966368276682e+02
4.81310735383188e+02
6.14385164327021e+02
7.91969351007642e+02
9.03040828514470e+02
9.99633020259744e+02
1.08038012557625e+03
9.59027304963494e+02
3.75678215534000e+01
5.50662447462109e+01
7.86697468833749e+01
-2.29183160526855e-01
3.04228971511575e+01
4.14606450764013e+01
5.24621664976252e+01
9.01014176573094e+01
1.46513299545530e+01
2.57432907764964e+01
3.14676018590875e+01
3.96234606038054e+01
4.67653275348908e+01
6.42022094975385e+01
2.04941652510806e+02
2.80522206491859e+01
3.20865142899999e+01
3.95650173889915e+01
3.87226301538139e+01
5.23623787367938e+01
7.78781497540477e+01
1.96441220776476e+02
4.97413936666254e+02
5.49802801348570e+01
8.77237691647772e+01
1.50254297995631e+02
2.16183146091740e+02
3.27127656804639e+02
5.42973555172552e+02
8.53461231397027e+02
1.06502354398448e+03
4.36915218935389e+02
5.71905412435684e+02
7.56728961749895e+02
8.88613102720932e+02
1.00887120479419e+03
1.11999123987726e+03
1.03340238155678e+03
8.39021569259014e+02
5.16273883054653e+02
6.98604555019305e+02
8.42190163469018e+02
9.79628604101743e+02
1.11167130162973e+03
1.03905775695967e+03
8.73125814421102e+02
1.17610965370775e+03
3.07021070957539e+01
4.54338013917961e+01
6.44884764379241e+01
1.51682357849939e+01
2.76577796150204e+01
3.57800535282021e+01
4.82706330998658e+01
1.17224142006474e+02
1.45720789814039e+01
2.21482817140083e+01
2.80742589764378e+01
3.47909685460842e+01
4.07137000286471e+01
6.77225342051892e+01
2.64998414516383e+02
2.65641538701230e+01
2.89869329620589e+01
3.62717824391042e+01
3.75331972201253e+01
4.76099842549974e+01
1.13305507217087e+02
2.58879216494382e+02
7.20191239353790e+02
6.62895692898551e+01
1.16376434934836e+02
1.67531934558471e+02
2.39289911612845e+02
4.14461338517975e+02
7.17574549077127e+02
9.95165950832806e+02
8.82494236217865e+02
5.44029495097750e+02
6.71347282664543e+02
7.99531380482786e+02
9.29007725548911e+02
8.80730663086346e+02
7.50306425233138e+02
9.13694270762676e+02
8.67075032145764e+02
6.16815790169818e+02
7.49689382285391e+02
8.90986581983557e+02
8.61776866355319e+02
7.53789123480101e+02
9.02042751870592e+02
8.09383121740417e+02
7.37839258401768e+02
2.18518193100295e+00
2.69843977182508e+01
4.00282623302007e+01
6.99755805378545e+01
1.59218959377376e+01
2.35197019791292e+01
3.23659934797333e+01
4.16650439956609e+01
1.46661179943479e+02
-1.28846115709802e+01
1.62816348277718e+01
2.14126599994274e+01
2.52831222004399e+01
3.27153937924895e+01
3.80395672208208e+01
9.25417969778603e+01
3.64881847866571e+02
2.34028254326095e+01
2.81208200853921e+01
2.72636111839417e+01
3.48877656631515e+01
5.22582169423153e+01
1.38228605099441e+02
3.21066607885053e+02
8.79887783397963e+02
1.00119476795840e+02
1.42802656587984e+02
1.86716663165047e+02
3.23445015230021e+02
5.95538056450449e+02
8.96589645715321e+02
8.69453531000044e+02
9.21803047158179e+02
8.75555168618380e+02
1.06661866126091e+03
1.05952636601547e+03
9.60843729348043e+02
1.18038046157886e+03
1.09386778187854e+03
1.07856059298618e+03
7.32129143659248e+02
1.25058546586233e+03
1.27518421643363e+03
1.19603159528954e+03
1.51488033603560e+03
1.45620680862802e+03
1.51886557555548e+03
1.18395421949792e+03
1.29595489665125e+03
1.42321774000614e+01
2.46586459525330e+01
3.29348903457492e+01
8.79601609509148e+01
1.74384492417786e+01
2.34547976344674e+01
3.08295360036292e+01
3.97841838453988e+01
1.94664951632716e+02
9.75046326952040e+00
1.68922883831118e+01
2.03147731071244e+01
2.44591488872580e+01
2.82553400274002e+01
3.63842265732998e+01
1.20139483858610e+02
5.02136628415988e+02
2.38550990382713e+01
2.93906045086191e+01
2.88674095521304e+01
3.51627448387722e+01
8.39992975762818e+01
1.70864222895929e+02
5.00271459038322e+02
9.38588938841087e+02
1.53855526614523e+02
1.87053762244363e+02
3.20884391436263e+02
6.22574473890651e+02
1.01877361886576e+03
1.11315225900514e+03
1.36615209372048e+03
1.21575671349871e+03
9.67670166789466e+02
9.28824942593824e+02
1.19572858888121e+03
1.16630196781168e+03
1.22862189633321e+03
9.85837936863575e+02
1.03988843797831e+03
1.18476708538614e+03
8.71570647144947e+02
1.14023416131351e+03
1.13068980166670e+03
1.20659918609494e+03
9.89054701305515e+02
1.02168743585758e+03
1.17618477341847e+03
1.19238440072771e+03
1.55011356309053e+01
2.28760466719387e+01
3.17672435811814e+01
1.14470034521180e+02
-5.19108069910652e+00
1.63956697145336e+01
2.16271404796455e+01
2.65106548894368e+01
4.31435951317098e+01
2.45094492829494e+02
1.12248125587113e+01
1.69026414823472e+01
2.08650651823647e+01
2.44888956797562e+01
2.70674818905293e+01
4.17125180144585e+01
1.44461286593263e+02
6.94863150428828e+02
2.53888977436637e+01
2.45562427422077e+01
2.99353612765527e+01
4.37037015354156e+01
1.17828189520370e+02
2.25711454119618e+02
7.59316546046223e+02
1.19220586649700e+03
1.19679837837918e+02
1.95833724388782e+02
3.89705752754682e+02
6.73220005940741e+02
7.90832272941255e+02
1.03770017041985e+03
9.98132859486095e+02
1.07566177696505e+03
8.90217683419839e+02
8.99100437135272e+02
9.76164457117115e+02
8.19281178113119e+02
8.46498983039519e+02
9.92216066234392e+02
1.11177000119157e+03
8.62664931578901e+02
8.81229050369962e+02
9.72648305569910e+02
8.33066908483885e+02
8.62943722958321e+02
1.02077571629027e+03
1.18872092979518e+03
9.98289177985968e+02
8.42709188076279e+02
1.52684384099733e+01
2.15422964656417e+01
2.89980351348303e+01
1.33248361171311e+02
9.48587104063625e+00
1.70500621840480e+01
2.08054135196610e+01
2.59502819239869e+01
5.87854123671858e+01
3.52449214269013e+02
1.28768170705524e+01
1.68694373794472e+01
1.94329490998602e+01
2.43174830220425e+01
2.61180860461004e+01
6.09985725981869e+01
1.87039671206420e+02
8.38330636928358e+02
2.18933988194491e+01
2.09739589821804e+01
2.49942474292166e+01
5.94025791466116e+01
1.08751343139944e+02
2.86417604330351e+02
7.10053556045745e+02
1.00440165199312e+03
1.55699239329256e+02
3.13573836249029e+02
5.63169477295748e+02
6.97394517526074e+02
9.70395034548592e+02
1.00378575899330e+03
1.09179699342539e+03
1.20374975029549e+03
1.26479015413946e+03
1.10795372651283e+03
1.16258700321253e+03
1.40076494585753e+03
1.68612716550564e+03
1.49250716477599e+03
1.45111700776725e+03
1.06710697354392e+03
9.30283575166908e+02
9.84856706640002e+02
1.19959278695405e+03
1.46725545574674e+03
1.31783175349895e+03
1.32997429763975e+03
1.04299553776060e+03
8.43041681912464e+02
1.52621522475662e+01
2.11275132024381e+01
2.72428750194668e+01
1.71659333260830e+02
1.08661176176641e+01
1.59085955149787e+01
2.06477752233397e+01
2.41869267915391e+01
7.93194675411740e+01
5.19385922432024e+02
1.16206888831156e+01
1.39757878389835e+01
1.65875756004903e+01
1.90297390489095e+01
2.28358715428312e+01
7.36787514927680e+01
2.26236073150427e+02
8.36225633057326e+02
1.71002275426240e+01
2.01554307465149e+01
2.90569861240092e+01
7.89581561206254e+01
1.17324198221504e+02
4.14411682948194e+02
8.09111739502105e+02
1.04097485493080e+03
2.27901184677268e+02
4.22672199686962e+02
5.47041636643919e+02
8.02505180005379e+02
8.90054976468447e+02
1.02676254478230e+03
1.29150828344526e+03
1.09206994378941e+03
7.89111084099992e+02
9.76110131873743e+02
1.21840421667164e+03
1.11538757161685e+03
1.15886895277307e+03
9.43579579573234e+02
8.34372957354498e+02
8.70877912333240e+02
9.78427309357406e+02
1.25435847751331e+03
1.18377474730130e+03
1.28213322342688e+03
1.09781578942219e+03
1.04887088474792e+03
1.23621115896303e+03
1.24237923912982e+03
-2.38779843860327e+00
1.44137696468523e+01
1.98719112122774e+01
2.95584058033900e+01
2.52263359111517e+02
1.01728560672444e+01
1.35599000306747e+01
1.71784576991822e+01
2.00940399165736e+01
7.82901031562584e+01
5.17029445814146e+02
1.03446344074647e+01
1.27613251013547e+01
1.49083842361239e+01
1.63085281269341e+01
2.41148457147741e+01
7.58586400893201e+01
3.19158764592872e+02
8.49913643545973e+02
1.36202346274918e+01
1.63952856111163e+01
3.91445950282214e+01
6.83357887230122e+01
1.56656880616297e+02
4.45389106645025e+02
7.98650564251858e+02
1.19083234811803e+03
3.07348668084313e+02
4.12258795368235e+02
6.31002057291523e+02
7.39695336753228e+02
9.03984296129101e+02
1.24703229270260e+03
1.22037908113396e+03
1.25041701642775e+03
1.32731727502619e+03
1.27827348303915e+03
1.42055862799735e+03
1.24807359570476e+03
1.23197895792776e+03
1.49673158078944e+03
1.50556902828620e+03
1.33238264017390e+03
1.38550464975235e+03
1.58313641434365e+03
1.43469130459523e+03
1.47228320654531e+03
1.86721400817700e+03
1.92416683710207e+03
1.77327613360830e+03
1.55882071034607e+03
7.06397274395020e+00
1.20985016370430e+01
1.53312519927112e+01
3.44533586206433e+01
3.03818553158823e+02
-7.54906949987674e+00
8.61479117878907e+00
1.13436358118357e+01
1.38473952730196e+01
2.06126335980586e+01
8.41140391810943e+01
6.01480951198084e+02
8.13186937639306e+00
9.45518901138370e+00
1.18709979484104e+01
1.24191823930555e+01
2.90767599656464e+01
7.07999379728338e+01
3.47436268566627e+02
8.42595923448128e+02
1.04481949556859e+01
1.55180997906970e+01
4.29391204713132e+01
5.68858063605197e+01
2.05702611432559e+02
4.67494169202582e+02
7.56192831394180e+02
1.17800534167631e+03
2.64370181719216e+02
4.19656565955758e+02
5.15083532625952e+02
6.64871910767698e+02
9.96458075864598e+02
1.09401791811126e+03
1.31066977506237e+03
1.46798829933109e+03
5.29721542234061e+02
4.89638011605160e+02
5.14491615394192e+02
6.72330193704723e+02
6.94500891499982e+02
6.33897678159049e+02
5.48113170103000e+02
6.15577173038087e+02
6.05476713409605e+02
6.55615733289877e+02
8.88624905489607e+02
9.55463088291440e+02
9.19884788759663e+02
8.63288733795545e+02
1.05489163585888e+03
1.22644697321714e+03
6.69132362951957e+00
9.77791279763844e+00
1.28691959171573e+01
4.04796956847071e+01
3.38753908013777e+02
3.83414979348435e+00
6.92361880046668e+00
8.46987210943695e+00
1.04507047277043e+01
2.28609278308824e+01
9.53171428147101e+01
5.81034935110085e+02
5.58337733320581e+00
6.74810006203293e+00
7.78555909878436e+00
9.25409070449452e+00
3.02650410954078e+01
7.43184378099258e+01
3.57597052424843e+02
8.77478033902357e+02
6.92524179132593e+00
1.60554341117398e+01
2.76034191639915e+01
5.72734223934783e+01
1.78303780684338e+02
3.74143723258508e+02
7.15307570488103e+02
1.09367250300672e+03
1.93113029156292e+02
2.43942365653668e+02
3.26166491833437e+02
5.17168061910884e+02
6.07717372999617e+02
7.94547985187578e+02
9.54508264758322e+02
1.05242047910479e+03
6.44265834687619e+02
8.97756470252983e+02
9.92849000684203e+02
9.90214073581234e+02
9.80964437706884e+02
1.27102046535687e+03
1.56229141982735e+03
8.77670090722536e+02
4.86577839044804e+02
5.55126533827696e+02
5.74435493192683e+02
5.99829683607444e+02
8.30308683073177e+02
1.10507781211629e+03
6.68701980044970e+02
6.47885798820412e+02
5.32410501206677e+00
7.41390223240835e+00
9.54789425557163e+00
3.56418210251832e+01
3.65272795898198e+02
3.37039773824788e+00
4.82626235998963e+00
6.27379678716070e+00
7.00043972136948e+00
2.28430710141196e+01
1.07974110055862e+02
5.27486067482186e+02
3.93501571710073e+00
4.54025843943614e+00
4.66503801526840e+00
6.90955883646869e+00
2.08921514270648e+01
7.54516922948459e+01
2.76373001457823e+02
7.26166710845981e+02
4.86479140162525e+00
1.26080028598114e+01
1.38810380257645e+01
4.68428052468341e+01
1.18368455341408e+02
2.20411805041533e+02
4.52396326979799e+02
7.77031404808666e+02
9.25032267927485e+01
1.27788847314373e+02
2.13575406487046e+02
2.65205444159701e+02
3.77874783298053e+02
5.16034332396026e+02
7.01858619759362e+02
7.80579979978663e+02
4.25665032287148e+02
4.52715731042495e+02
4.91010393874793e+02
7.10778811483693e+02
9.98354766764663e+02
6.27622905498518e+02
7.06231774462671e+02
9.25059130331659e+02
3.08170597983181e+02
3.43948382890491e+02
5.14696675100488e+02
7.49651185814770e+02
4.82159733691131e+02
5.87667882440116e+02
8.30104401290673e+02
5.97987293707225e+02
4.08581384362409e+00
5.54322978099715e+00
6.78185367731715e+00
3.00240174246395e+01
3.33227505682212e+02
2.81491978373438e+00
3.49821310237991e+00
4.28858413394688e+00
4.67139455444490e+00
1.62890597454125e+01
9.20316630021595e+01
4.66600781285085e+02
2.78109389511436e+00
3.22665549858100e+00
2.77727674138469e+00
6.20629230543402e+00
1.18142074843901e+01
5.08514744092782e+01
1.66943139658931e+02
4.90473670091599e+02
4.97291255854398e+00
7.47206021514938e+00
8.99771341038199e+00
2.77083015956732e+01
6.35503056853984e+01
1.38980368868119e+02
2.71674327087856e+02
5.65735465178514e+02
5.57025403847039e+01
9.65765010323489e+01
1.23065252088244e+02
1.85256984084814e+02
2.75057220774415e+02
4.20911037270187e+02
5.61948935742379e+02
7.61641265822473e+02
2.91276930905143e+02
4.48125379973185e+02
6.74201765836087e+02
4.43814787102233e+02
5.73304673381559e+02
8.58263320687067e+02
6.81329700286616e+02
7.72110874275413e+02
3.22098225990352e+02
4.96028718813421e+02
3.32387496836912e+02
4.47201956286893e+02
6.94471539430401e+02
5.86360254314439e+02
7.28143664890806e+02
7.37214737063562e+02
-6.40656878591442e+00
3.35534409161105e+00
4.31559642537551e+00
5.30380441314772e+00
2.63670530079327e+01
2.61801073093809e+02
-9.13576908927508e+00
2.57884727480936e+00
3.03569120993440e+00
3.35515053933629e+00
3.84339029123965e+00
1.07920131248212e+01
6.40763577818973e+01
2.92598819403169e+02
3.04156265088885e+00
3.15533414367012e+00
2.96542989162486e+00
7.30431650325434e+00
7.65182403584825e+00
3.26257237677872e+01
1.04356157746889e+02
3.19584173847802e+02
8.97290356457931e+00
5.61579177822023e+00
8.21513101628265e+00
2.12114485082952e+01
3.98476399609811e+01
9.17762830657111e+01
2.03920136327222e+02
4.69946357716956e+02
5.33382127494374e+01
6.69503661699280e+01
1.03100529652336e+02
1.61163721049354e+02
2.65048879223499e+02
3.91737667609866e+02
5.99852400733527e+02
6.96526477616542e+02
4.73861309306107e+02
3.18876442679869e+02
4.38035704319987e+02
6.87994815021175e+02
5.96912501925481e+02
7.77245060690009e+02
8.47594513925158e+02
9.85970636983235e+02
